86,67,68,92,67,67,110,84,183,250,269,116,184,183,432,524,500,142,209,234,417,484,484,5962,6072,6029,2983,3067,3093,10876,1
90,68,51,78,67,51,51,50,174,242,264,324,375,392,292,370,343,456,523,534,274,325,341,257,308,308,224,274,275,2507,1
80,60,50,45,52,51,59,50,132,192,212,109,159,169,107,152,157,130,182,175,132,183,184,241,300,292,133,183,192,1431,1
89,84,77,85,67,66,67,59,116,200,205,106,183,190,98,183,175,125,192,210,117,183,184,125,192,191,142,201,209,1423,1
93,67,84,76,76,41,42,33,65,132,158,258,342,325,233,309,317,450,526,526,225,266,301,242,284,283,250,283,292,2235,1
101,77,91,67,59,67,92,68,107,184,208,91,182,168,109,176,200,124,183,191,142,209,201,233,325,300,308,376,400,1736,1
66,92,68,78,94,85,76,67,99,191,165,100,168,192,116,194,184,97,191,175,98,183,192,107,183,192,125,192,201,1368,1
73,92,76,85,93,69,59,76,108,200,181,100,176,192,124,209,200,107,200,192,90,159,183,123,182,192,142,218,201,1417,1
64,73,84,76,67,76,76,76,138,211,202,115,199,188,108,184,192,115,182,191,108,184,175,100,176,176,116,192,192,1392,1
125,91,76,68,85,51,51,34,375,466,500,92,168,183,333,401,409,282,367,350,149,200,234,149,200,200,133,167,184,2094,1
83,75,77,75,58,49,20,76,132,207,215,167,244,242,240,315,317,226,284,301,201,250,259,208,228,257,456,532,476,2143,1
75,68,51,26,109,86,101,59,132,200,207,157,208,225,2052,2078,2103,433,542,459,191,277,300,156,257,242,141,200,242,3837,1
94,111,84,76,73,68,51,59,158,269,252,140,224,251,166,242,250,3789,3862,3865,165,233,238,183,234,251,158,217,209,5375,1
99,76,76,59,74,68,59,58,157,233,256,409,485,485,174,233,250,193,267,252,183,251,257,225,284,293,191,249,250,2101,1
83,94,92,100,75,24,50,42,64,158,147,208,300,302,141,241,233,226,301,326,360,384,435,225,275,249,459,501,509,2243,1
92,68,51,59,59,57,84,76,149,217,241,190,241,258,192,251,243,208,267,267,235,292,294,200,284,257,191,267,275,1911,1
83,68,59,67,59,42,69,51,200,268,283,349,408,417,377,444,436,165,224,232,200,242,259,2176,2245,2218,199,250,268,4164,1
116,84,84,50,94,60,35,42,199,283,315,174,258,258,394,444,478,925,1019,975,156,216,250,232,267,292,224,266,259,2869,1
82,67,67,75,109,67,84,68,182,249,264,125,192,192,2445,2520,2512,449,558,524,207,274,316,259,343,326,141,209,225,4427,1
107,59,77,44,76,84,75,51,190,249,297,191,268,250,174,218,251,215,291,259,174,258,250,225,300,309,192,243,267,1934,1
40,45,67,52,51,60,59,52,132,177,172,89,156,134,108,160,175,107,158,159,82,142,133,91,150,151,107,159,166,1142,1
89,52,75,84,68,85,77,68,83,135,172,92,167,144,74,158,149,74,142,158,82,167,150,57,134,142,74,142,151,1134,1
74,66,51,60,68,34,59,59,99,165,173,92,143,158,92,152,143,81,149,141,99,133,167,100,159,134,83,142,142,1117,1
54,58,53,76,53,43,59,59,109,167,163,92,145,150,72,148,125,65,118,141,97,140,150,91,150,134,92,151,151,1073,1
82,77,74,77,51,101,59,76,182,259,264,476,550,553,2669,2746,2743,208,259,285,2961,3062,3012,4871,4930,4972,173,249,232,12137,1
98,76,61,77,68,85,51,59,91,167,189,225,286,301,89,166,150,340,408,417,132,217,200,74,125,159,158,217,209,1684,1
79,36,68,77,62,69,75,34,23,59,102,98,166,134,49,126,117,23,85,100,81,150,143,31,106,100,66,100,141,871,1
68,68,58,5,51,51,42,43,29,97,97,58,116,126,136,141,194,51,102,56,57,108,108,84,126,135,73,116,115,874,1
54,51,70,36,67,59,50,68,84,135,138,41,111,92,97,133,167,65,132,101,200,259,267,125,175,184,33,101,83,1100,1
63,58,51,59,60,51,53,71,45,103,108,82,133,140,58,117,109,41,101,100,74,125,134,75,128,126,71,142,124,912,1
77,67,65,88,79,78,92,67,319,386,396,486,551,553,254,342,319,318,397,406,286,364,365,538,630,616,317,384,409,3131,2
17,45,78,55,68,44,57,179,176,221,193,197,275,242,550,605,628,3170,3238,3225,131,175,199,109,166,153,317,496,374,5193,2
71,14,6,7,6,3,6,4,3,17,74,75,81,89,18,25,24,2,8,9,3,6,9,3,9,6,2,6,8,223,2
17,66,70,73,68,83,79,66,197,263,214,82,152,148,79,152,149,66,134,139,76,159,144,47,126,130,68,134,147,1137,2
46,68,56,72,71,48,55,58,80,148,126,233,289,301,82,154,138,74,145,146,68,116,139,102,157,150,71,129,126,1184,2
27,24,16,29,13,105,71,49,11,35,38,3,19,27,123,152,139,117,130,146,369,474,382,39,110,144,105,154,176,1101,2
32,59,55,46,46,68,67,57,97,156,129,86,141,145,88,134,143,95,141,141,77,145,123,64,131,132,3048,3105,3115,3985,2
33,12,9,62,157,10,20,63,47,59,80,80,89,92,39,101,48,61,218,123,27,37,184,69,89,79,11,74,31,700,2
55,19,57,18,54,33,30,10,5,24,60,123,180,142,35,53,92,12,66,30,56,89,110,4,34,37,54,64,84,565,2
4,21,58,28,14,44,35,34,33,54,37,38,96,59,50,78,108,72,86,100,5,49,19,108,143,152,51,85,86,595,2
20,39,81,41,7,25,8,77,30,69,50,186,267,225,28,69,109,57,64,98,17,42,24,72,80,97,27,104,35,715,2
9,18,83,3,76,27,49,55,50,68,59,33,116,51,27,30,110,14,90,17,4,31,80,8,57,35,22,77,71,478,2
25,3,86,21,30,27,57,5,47,50,72,36,122,39,40,61,126,100,130,121,49,76,79,58,115,85,61,66,118,645,2
11,7,109,77,10,73,15,24,65,72,76,55,164,62,15,92,124,22,32,99,19,92,29,20,35,93,13,37,28,535,2
38,22,2,48,11,52,18,11,88,110,126,51,53,73,99,147,101,53,64,101,19,71,30,53,71,105,33,44,51,598,2
47,18,6,12,11,22,7,9,53,71,100,59,65,77,28,40,34,50,61,62,17,39,28,84,91,106,118,127,125,541,2
39,68,42,5,35,2,26,12,77,145,116,23,65,91,115,120,157,23,58,28,61,63,96,50,76,52,55,67,81,633,2
31,14,44,82,36,39,21,79,49,63,80,11,55,25,11,93,55,28,64,110,59,98,95,54,75,93,46,125,67,604,2
3,2,55,84,10,10,3,72,76,78,79,56,111,58,1,85,56,25,35,109,128,138,138,90,93,100,52,124,55,667,2
14,14,46,2,24,12,68,3,55,69,69,65,111,79,40,42,86,45,69,47,48,60,72,26,94,38,24,27,92,486,2
8,12,10,9,11,29,75,3,39,51,47,88,98,100,61,70,71,18,29,27,85,114,96,89,164,118,20,23,95,557,2
59,43,71,35,79,34,69,57,157,200,216,49,120,92,64,99,135,51,130,86,89,123,168,40,109,74,43,100,112,940,2
85,9,32,10,5,9,6,79,56,65,141,91,123,100,43,53,75,76,81,86,55,64,60,283,289,292,503,582,509,1342,2
9,12,115,59,17,23,32,40,63,75,72,31,146,43,76,135,191,42,59,101,43,66,60,87,119,110,67,107,99,716,2
52,133,125,90,89,106,380,42,51,184,103,28,153,161,56,146,181,62,151,152,26,132,115,32,412,138,55,97,435,1327,2
60,12,33,26,23,128,39,28,94,106,154,111,144,123,34,60,67,58,81,84,27,155,50,70,109,198,32,60,71,775,2
50,48,45,30,95,25,67,28,40,88,90,1,46,49,24,54,69,339,434,369,4,29,99,45,112,70,42,70,109,883,2
8,23,91,12,13,7,103,25,27,50,35,48,139,71,135,147,226,28,41,40,97,104,110,37,140,44,24,49,127,678,2
9,24,67,8,33,57,7,28,38,62,47,57,124,81,40,48,107,60,93,68,35,92,68,59,66,116,24,52,31,546,2
9,5,40,5,36,33,64,58,51,56,60,41,81,46,44,49,84,54,90,59,56,89,92,3,67,36,5,63,69,504,2
125,139,136,147,134,156,146,122,746,885,871,443,579,582,568,715,704,338,472,485,338,494,472,317,463,473,362,484,508,4217,3
111,114,134,133,135,137,136,124,403,517,514,656,790,770,307,440,441,284,419,417,316,453,451,314,450,451,325,449,461,3629,3
61,110,111,111,90,123,130,114,814,924,875,395,506,505,482,593,593,548,638,659,504,627,594,551,681,674,316,430,446,4460,3
109,124,143,145,134,146,167,143,530,654,639,725,868,849,329,474,472,338,472,483,317,463,451,283,450,429,352,495,519,3985,3
72,112,156,167,165,155,189,135,381,493,453,296,452,408,261,428,417,241,406,408,242,397,407,240,429,395,251,386,440,3063,3
85,146,123,143,142,167,134,101,306,452,391,273,396,419,273,416,396,332,474,475,274,441,416,218,352,385,219,320,353,2936,3
96,141,135,155,156,146,135,121,285,426,381,218,353,359,263,418,398,207,363,362,217,363,373,194,329,340,176,297,311,2645,3
39,146,156,177,176,189,133,122,340,486,379,248,404,394,187,364,343,219,395,396,219,408,395,186,319,375,175,297,308,2712,3
110,125,113,50,46,9,8,10,3237,3362,3347,150,263,275,27,77,140,63,109,113,353,362,399,96,104,105,95,105,103,4492,3
10,8,8,9,17,17,19,7,109,117,119,73,81,81,86,95,94,60,77,69,98,115,115,43,62,60,79,86,98,643,3
105,114,134,156,156,143,133,112,237,351,342,238,372,352,186,342,320,185,341,341,176,319,332,451,584,594,106,218,239,2632,3
17,3,14,25,48,25,16,6,91,94,108,54,68,57,85,110,99,39,87,64,123,148,171,57,73,82,84,90,100,687,3
13,13,21,17,22,3,96,3,71,84,84,78,99,91,71,88,92,42,64,59,98,101,120,34,130,37,38,41,134,620,3
10,31,8,10,57,2,4,14,80,111,90,84,92,115,95,105,103,68,125,78,56,58,113,54,58,56,99,113,103,672,3
4,5,27,3,27,3,24,60,113,118,117,39,66,44,105,108,132,53,80,56,94,97,121,63,87,66,90,150,114,710,3
3,2,50,5,27,22,39,7,102,104,105,83,133,85,66,71,116,60,87,65,98,120,125,27,66,49,92,99,131,683,3
5,2,80,3,36,3,84,22,98,100,103,64,144,66,52,55,132,40,76,43,96,99,132,15,99,18,239,261,323,839,3
5,2,26,3,25,17,24,10,83,85,88,96,122,98,86,89,112,62,87,65,89,106,114,45,69,62,82,92,106,655,3
39,3,6,3,24,2,55,8,73,76,112,83,89,86,94,97,100,66,90,69,95,97,119,23,78,25,96,104,151,670,3
7,3,69,5,14,7,31,18,40,43,47,85,154,88,31,36,100,58,72,63,85,92,99,46,77,53,81,99,112,580,3
116,122,146,136,146,123,111,114,282,404,398,228,374,350,218,354,364,337,483,473,206,329,352,231,342,354,292,406,403,2808,3
4,3,5,10,74,3,61,3,89,92,93,81,86,84,90,100,95,55,129,65,33,36,107,64,125,67,32,35,93,607,3
5,4,74,3,35,6,41,7,104,108,109,73,147,77,28,31,102,62,97,65,74,80,109,37,78,43,90,97,131,643,3
5,4,17,4,16,9,27,20,46,50,51,75,92,79,103,107,120,43,59,47,104,113,120,38,65,47,81,101,108,592,3
5,3,12,6,9,4,57,23,99,102,104,81,93,84,91,97,103,66,75,72,89,93,98,41,98,45,85,108,142,671,3
18,10,71,3,18,7,6,23,95,105,113,47,118,57,60,63,131,53,71,56,113,120,131,50,56,57,106,129,112,680,3
62,12,81,3,73,2,38,7,46,58,108,59,140,71,50,53,131,54,127,57,37,39,110,41,79,43,73,80,111,638,3
6,5,24,10,21,8,39,6,90,95,96,73,97,78,99,109,123,42,63,52,100,108,121,36,75,44,82,88,121,641,3
5,23,12,24,25,12,23,6,99,122,104,64,76,87,86,110,98,69,94,93,81,93,106,33,56,45,96,102,119,658,3
10,4,10,42,13,51,11,39,102,106,112,185,195,189,34,76,44,77,90,119,20,71,33,76,87,127,38,77,49,712,3
119,89,111,73,101,77,100,99,189,278,308,404,515,493,196,269,307,304,405,377,165,242,266,228,328,305,164,263,264,2419,4
109,100,95,99,101,87,87,88,215,315,324,1730,1825,1830,268,367,363,304,405,403,217,304,318,167,254,254,152,240,239,3819,4
90,99,99,101,88,78,108,78,148,247,238,180,279,279,170,271,269,464,552,565,217,295,305,2049,2157,2127,129,207,237,4098,4
87,68,79,68,67,67,77,66,171,239,258,228,307,296,164,232,243,278,345,346,170,237,237,218,295,285,170,236,247,1978,4
92,112,77,56,78,77,88,42,127,239,219,179,256,291,153,209,230,168,246,224,153,230,231,139,227,216,155,197,243,1696,4
90,79,88,100,77,100,77,88,168,247,258,162,250,241,130,230,218,163,240,263,153,253,230,150,227,250,154,242,231,1779,4
90,89,100,122,99,100,89,89,165,254,255,138,238,227,119,241,219,138,237,260,130,230,229,149,238,249,119,208,208,1736,4
54,87,109,100,111,77,99,78,172,259,226,161,270,248,141,241,250,189,300,289,166,243,277,216,315,293,181,259,280,1941,4
78,87,78,100,89,77,78,67,237,324,315,205,283,292,190,290,268,180,269,280,168,245,257,182,260,259,151,218,229,1967,4
73,99,78,89,100,56,77,68,187,286,260,180,258,279,176,265,254,179,279,268,166,222,266,190,267,246,165,233,242,1883,4
95,77,88,88,77,88,79,99,165,242,260,181,269,258,170,258,258,193,270,281,171,259,248,169,248,257,180,279,259,1920,4
61,67,77,77,78,76,77,68,171,238,232,180,257,247,165,242,242,191,269,268,183,259,261,179,256,255,171,239,248,1821,4
59,88,78,78,78,87,90,56,217,305,276,192,270,280,182,260,260,192,270,270,166,253,244,180,270,267,152,208,242,1895,4
73,78,111,78,111,99,100,100,167,245,240,279,390,357,152,230,263,215,326,293,177,276,288,217,317,316,163,263,263,2120,4
63,100,100,67,111,89,99,99,180,280,243,192,292,292,165,232,265,204,315,271,165,254,276,205,304,294,172,271,271,2011,4
36,55,84,78,83,90,89,89,148,203,184,659,743,714,108,186,192,709,792,787,118,208,201,315,404,405,108,197,197,2769,4
84,77,88,88,34,94,98,90,117,194,201,463,551,540,120,208,208,85,119,173,1617,1711,1651,109,207,203,95,185,193,3259,4
69,88,87,79,56,94,89,67,115,203,184,117,204,205,87,166,174,116,172,195,647,741,703,141,230,235,168,235,257,2020,4
86,132,110,134,66,67,100,89,164,296,250,164,274,296,281,415,391,164,230,298,150,217,216,193,293,260,182,271,282,2082,4
81,99,77,89,101,78,79,100,170,269,251,152,229,251,205,294,282,116,217,205,118,196,219,105,184,183,587,687,666,2157,4
87,100,89,90,122,66,77,88,125,225,212,151,240,251,206,296,295,116,238,206,140,206,262,120,197,186,117,205,194,1694,4
66,89,89,89,99,78,101,78,102,191,168,107,196,196,109,198,198,105,204,194,97,175,196,128,229,206,107,185,208,1444,4
67,68,78,79,89,101,111,111,204,272,271,476,554,544,118,197,196,325,414,404,117,218,206,107,218,208,95,206,206,2146,4
68,88,77,89,101,78,78,77,127,215,195,180,257,268,108,197,185,392,493,481,107,185,208,435,513,513,141,218,219,2146,4
60,77,79,78,89,111,100,90,139,216,199,106,185,183,128,206,207,191,280,269,418,529,507,683,783,794,107,197,207,2456,4
88,110,111,78,100,101,78,78,959,1069,1047,97,208,207,302,380,413,139,239,217,95,196,195,97,175,198,106,184,184,2539,4
64,87,89,88,88,99,88,75,165,252,229,107,196,194,119,207,208,304,392,392,510,609,598,314,402,413,110,185,198,2307,4
66,77,77,78,78,90,92,76,126,203,192,216,293,293,394,472,471,370,448,448,85,175,163,96,188,186,93,169,185,2014,4
70,78,66,84,57,56,102,78,311,389,381,777,843,855,634,718,700,181,238,265,165,221,222,106,208,162,115,193,217,2880,4
33,110,98,78,101,89,66,66,996,1106,1029,846,944,956,98,176,196,118,219,196,116,205,217,130,196,219,139,205,205,3084,4
149,77,56,66,56,66,76,67,197,274,346,299,355,376,278,344,334,245,301,311,278,344,334,1489,1565,1555,328,395,404,3727,5
75,97,100,84,117,87,110,100,179,276,254,179,279,276,152,236,252,776,893,860,86,173,203,93,203,180,98,198,208,2333,5
98,107,98,85,99,109,101,98,102,209,200,358,456,465,1214,1299,1312,160,259,245,105,214,204,107,208,216,90,188,191,2931,5
90,104,110,109,129,120,111,119,105,209,195,292,402,396,82,191,192,77,206,186,40,160,169,139,250,259,70,189,181,1697,5
94,139,120,110,109,132,120,118,525,664,619,51,171,190,76,186,196,93,202,203,52,184,161,393,513,525,56,174,176,2188,5
79,280,109,272,123,105,132,294,83,363,162,50,159,330,86,358,195,38,161,310,65,170,188,51,183,156,52,346,184,1819,5
90,109,105,120,119,130,127,129,85,194,175,73,178,182,56,176,161,51,170,171,42,172,161,40,167,170,49,178,176,1325,5
63,111,99,96,112,109,111,109,81,192,144,71,170,182,86,182,185,83,195,179,52,161,164,71,182,180,64,173,175,1318,5
76,102,109,106,111,128,109,113,78,180,154,79,188,181,78,184,187,72,183,178,65,193,176,40,149,168,76,189,185,1342,5
80,101,109,106,109,119,111,142,115,216,195,59,168,160,77,183,186,85,194,191,55,174,164,61,172,180,63,205,174,1392,5
108,100,98,103,100,120,139,130,111,211,219,71,169,171,87,190,185,88,188,191,62,182,162,41,180,161,32,162,171,1390,5
63,88,99,106,110,103,128,128,106,194,169,82,181,170,89,195,188,50,160,156,85,188,195,56,184,159,47,175,175,1340,5
78,93,89,110,108,86,466,98,100,193,178,109,198,202,95,205,184,71,179,181,90,176,198,70,536,156,60,158,526,1723,5
75,99,102,99,113,112,127,123,99,198,174,90,192,189,82,181,184,92,205,191,60,172,173,59,186,171,35,158,162,1367,5
84,270,111,102,93,85,97,120,82,352,166,38,149,308,75,177,186,78,171,180,3855,3940,3948,86,183,171,72,192,169,5248,5
103,120,100,99,131,120,120,124,122,242,225,125,225,245,695,794,795,405,536,504,75,195,206,104,224,224,91,215,211,2534,5
71,99,88,109,108,99,112,113,266,365,337,298,386,397,224,333,312,151,259,260,83,182,191,117,229,216,48,161,160,1986,5
83,152,120,120,112,95,108,123,571,723,654,633,753,785,162,282,282,102,214,222,669,764,781,171,279,266,137,260,245,3358,5
89,100,110,125,98,110,276,86,267,367,356,784,894,884,50,175,160,81,179,206,82,192,180,78,354,188,74,160,350,2410,5
87,89,88,77,114,99,89,90,131,220,218,104,192,193,381,458,469,255,369,332,146,245,260,277,366,376,257,347,346,2284,5
114,99,92,89,74,68,87,99,375,474,489,85,177,184,79,168,171,97,171,186,116,184,190,116,203,184,62,161,149,1652,5
125,89,88,89,119,133,134,155,269,358,394,268,356,357,350,439,438,259,378,348,280,413,399,200,334,333,190,345,324,2748,5
84,99,99,109,128,169,198,153,407,506,491,310,409,409,279,388,378,351,479,460,227,396,355,187,385,356,277,430,475,3077,5
90,88,103,98,119,146,167,121,425,513,515,362,465,450,399,497,502,322,441,420,257,403,376,188,355,334,199,320,366,3084,5
102,141,112,122,143,132,144,117,399,540,501,331,443,472,309,431,421,308,451,430,279,411,422,298,442,430,1527,1644,1671,4464,5
162,120,128,98,109,109,120,106,151,271,313,234,362,354,185,283,313,252,361,350,172,281,281,235,355,344,144,250,264,2325,5
60,90,99,101,99,111,109,94,265,355,325,222,321,312,503,604,602,180,279,281,148,259,247,351,460,462,725,819,834,3157,5
94,130,116,120,111,108,109,120,123,253,217,88,204,218,86,206,202,876,987,996,116,224,227,62,171,170,96,216,205,2355,5
99,111,106,98,108,98,107,115,75,186,174,740,846,851,76,174,182,732,840,830,118,216,226,732,839,830,106,221,213,3421,5
119,132,121,108,121,111,118,106,397,529,516,29,150,161,77,185,198,61,182,169,44,155,165,59,177,170,45,151,163,1648,5
89,91,113,93,71,102,130,72,247,338,336,186,299,277,205,298,318,303,374,396,202,304,273,212,342,314,171,243,301,2287,6
76,92,91,109,114,117,97,105,178,270,254,133,224,225,171,280,262,326,440,435,355,472,469,417,514,534,288,393,385,2669,6
90,100,174,93,80,96,90,75,267,367,357,236,410,336,180,273,354,362,442,455,351,447,431,176,266,272,161,236,251,2531,6
80,124,110,121,94,121,126,128,180,304,260,163,273,287,182,303,292,239,333,360,130,251,224,178,304,299,647,775,773,2623,6
50,95,90,89,95,96,81,97,75,170,125,82,172,177,80,169,170,78,173,167,72,168,167,88,169,184,84,181,165,1252,6
73,91,118,97,74,119,89,84,301,392,374,214,332,305,257,354,375,403,477,500,204,323,278,291,380,410,180,264,269,2595,6
36,68,80,101,95,101,45,85,136,204,172,101,181,169,82,183,162,69,164,170,81,182,176,123,168,224,114,199,159,1317,6
74,90,79,69,80,91,95,96,89,179,163,81,160,171,100,169,179,86,166,155,90,181,170,73,168,164,90,186,185,1283,6
52,89,89,70,75,77,85,86,101,190,153,93,182,182,103,173,192,111,186,181,119,196,194,99,184,176,83,169,168,1332,6
64,89,85,88,87,91,94,86,110,199,174,81,166,170,83,171,168,102,189,190,99,190,186,90,184,181,81,167,175,1330,6
68,100,82,20,6,95,6,14,117,217,185,103,185,203,125,145,207,70,76,90,58,153,64,2,8,97,111,125,117,977,6
47,96,80,93,106,66,79,20,2131,2227,2178,1532,1612,1628,469,562,549,143,249,236,22,88,128,50,129,116,44,64,123,4978,6
76,63,74,61,63,65,73,67,2570,2633,2646,27,101,90,48,109,122,26,89,87,17,82,80,16,89,81,15,82,88,3261,6
74,40,28,28,53,32,70,83,751,791,825,613,641,653,59,87,87,74,127,102,29,61,82,39,109,71,2,85,72,1975,6
70,83,63,88,47,79,102,82,1417,1500,1487,510,573,593,620,708,683,337,384,425,590,669,637,459,561,538,247,329,349,4794,6
27,69,69,106,91,80,89,93,105,174,132,84,153,153,77,183,146,55,146,161,91,171,182,70,159,150,70,163,159,1176,6
78,100,104,105,95,89,104,71,80,180,158,64,168,164,74,179,178,75,170,180,75,164,170,81,185,170,90,161,194,1285,6
48,81,81,89,95,104,101,94,101,182,149,91,172,172,82,171,163,89,184,178,55,159,150,71,172,175,73,167,174,1255,6
99,87,102,95,86,99,87,71,97,184,196,72,174,159,89,184,191,72,158,167,103,202,189,102,189,201,97,168,184,1358,6
61,61,60,63,81,95,82,87,90,151,151,114,174,175,104,167,164,101,182,164,115,210,196,102,184,197,110,197,192,1326,6
61,74,94,95,87,76,86,76,127,201,188,92,186,166,82,177,176,100,187,195,90,166,177,98,184,174,106,182,192,1344,6
58,79,81,76,79,73,86,77,129,208,187,100,181,179,99,175,180,125,204,201,107,180,186,101,187,174,125,202,211,1395,6
47,97,97,95,107,106,106,93,98,195,145,79,176,176,93,188,190,88,195,183,91,197,198,90,196,196,93,186,199,1380,6
78,111,95,98,95,86,90,98,73,184,151,80,175,191,119,217,214,88,183,186,89,175,184,89,179,175,93,191,183,1382,6
5,5,37,13,72,90,88,87,77,82,82,84,121,89,74,87,111,48,120,61,19,109,91,22,110,112,3,90,91,724,6
69,62,52,29,5,14,40,40,22,84,91,56,108,118,30,59,82,97,102,126,70,84,75,89,129,103,28,68,68,703,6
58,71,105,55,80,51,79,85,117,188,175,92,197,163,58,113,163,65,145,120,3,54,83,98,177,149,87,172,166,1104,6
92,101,93,98,80,53,88,90,100,201,192,90,183,191,83,181,176,104,184,202,108,161,188,112,200,165,102,192,190,1394,6
72,102,87,82,100,103,79,92,98,200,170,88,175,190,97,179,184,100,200,182,89,192,189,127,206,230,107,199,186,1423,6
78,101,113,77,91,94,105,104,625,726,703,530,643,631,1396,1473,1509,99,190,176,92,186,183,75,180,169,75,179,180,3655,6
104,68,34,34,67,51,63,75,1574,1642,1678,175,209,243,243,277,277,393,460,427,335,386,402,10539,10602,10590,7045,7120,7108,20800,7
99,84,77,76,76,59,52,50,760,844,859,342,419,426,192,268,269,209,285,285,209,268,285,242,294,301,259,309,311,2786,7
42,77,59,60,68,68,67,52,331,408,373,200,259,277,201,261,260,225,293,285,167,235,235,183,250,251,167,219,234,1967,7
75,43,48,58,59,59,76,51,216,259,291,236,284,279,177,235,225,184,243,242,159,218,218,167,243,226,159,210,235,1767,7
61,69,60,44,35,51,33,51,154,223,215,141,201,210,149,193,209,157,192,201,150,201,185,144,177,195,158,209,191,1457,7
58,35,59,51,60,70,50,60,166,201,224,141,200,176,151,202,210,142,202,193,132,202,192,157,207,227,151,211,201,1483,7
64,67,60,68,52,43,44,60,152,219,216,142,202,209,158,226,218,167,219,235,166,209,218,167,211,210,140,200,184,1550,7
52,69,60,51,44,52,52,49,147,216,199,141,201,210,158,209,218,150,194,201,165,217,209,150,202,202,160,209,212,1500,7
51,60,60,67,27,68,35,67,157,217,208,141,201,201,159,226,219,150,177,217,149,217,176,135,170,203,167,234,202,1493,7
71,59,43,43,44,53,33,60,153,212,224,150,193,209,167,210,210,166,210,209,158,211,202,157,190,210,461,521,494,1818,7
72,43,51,51,18,27,42,51,127,170,199,142,193,185,117,168,168,158,176,209,141,168,159,141,183,168,100,151,142,1281,7
93,86,96,69,69,60,61,60,228,314,321,509,605,595,331,400,427,216,285,285,199,259,268,224,285,284,199,259,260,2500,7
54,44,59,51,51,68,58,59,153,197,207,184,243,228,233,284,292,158,209,209,167,235,218,310,368,378,151,210,209,1800,7
75,79,42,26,43,52,59,42,132,211,207,256,298,335,117,143,159,494,537,520,133,185,176,116,175,168,142,184,201,1808,7
62,45,27,50,60,43,84,60,129,174,191,131,158,176,133,183,160,117,177,167,116,159,176,209,293,252,134,194,218,1400,7
59,42,34,43,67,42,52,27,124,166,183,126,160,168,116,159,150,84,151,127,67,109,134,66,118,108,99,126,151,1048,7
54,51,84,94,68,78,50,70,128,179,182,117,201,168,41,135,125,91,159,185,91,169,159,107,157,185,109,179,159,1233,7
67,60,10,10,51,59,33,59,140,200,207,142,152,202,48,58,58,141,192,151,167,226,218,151,184,210,134,193,167,1272,7
16,53,2,10,2,69,16,53,242,295,258,47,49,100,108,118,110,64,66,74,75,144,77,33,49,102,74,127,90,864,7
54,50,59,50,67,68,68,75,145,195,199,117,176,167,126,176,185,126,193,176,92,160,159,108,176,176,117,192,185,1322,7
52,61,9,29,2,18,4,37,80,141,132,31,40,92,101,130,110,64,66,93,90,108,92,55,59,73,89,126,93,722,7
59,101,17,85,34,61,17,3,57,158,116,1,18,102,23,108,40,24,58,109,58,119,92,16,33,77,75,78,92,631,7
36,33,43,26,35,3,36,3,63,96,99,33,76,66,33,59,76,66,101,92,48,51,83,74,110,77,55,58,91,587,7
41,95,35,86,16,60,10,76,49,144,90,5,40,100,58,144,93,0,16,86,74,134,90,7,17,67,91,167,101,703,7
35,85,52,8,18,3,69,3,15,100,50,40,92,125,58,66,110,58,76,66,56,59,74,65,134,68,66,69,135,631,7
21,3,43,12,10,3,43,4,41,44,62,116,159,119,6,18,49,107,117,119,39,42,49,74,117,77,30,34,73,552,7
59,84,18,8,28,42,34,9,157,241,216,92,110,176,50,58,68,41,69,49,24,66,52,49,83,91,126,135,160,821,7
46,68,59,75,26,75,36,25,36,104,82,15,74,83,26,101,85,42,68,117,25,100,51,92,128,167,31,56,67,677,7
44,11,30,2,10,2,45,3,47,58,91,81,111,92,78,80,108,66,76,68,56,58,66,58,103,60,30,33,75,563,7
42,96,56,76,52,10,3,52,48,144,90,0,56,96,42,118,98,91,143,167,100,110,152,64,67,74,141,193,144,873,7
71,103,67,84,25,86,3,69,59,162,130,24,91,127,58,142,125,25,50,109,117,203,142,5,8,91,132,201,135,928,8
99,109,144,118,109,125,84,76,169,278,268,166,310,275,461,579,605,99,208,217,117,242,226,629,713,754,99,175,183,2604,8
120,2,75,67,67,101,100,94,127,129,247,116,191,118,93,160,168,134,201,201,276,377,343,134,234,235,83,177,183,1589,8
97,90,136,104,102,110,94,85,119,209,216,25,161,115,66,170,202,29,131,133,133,243,235,149,243,259,100,185,194,1439,8
126,76,59,110,126,118,102,74,75,151,201,108,167,184,41,151,100,49,175,159,134,252,260,66,168,184,1,75,103,1265,8
110,102,73,108,92,93,84,85,166,268,276,1,74,103,193,301,266,235,327,343,33,126,125,33,117,126,92,177,176,1500,8
118,117,93,67,94,84,93,75,351,468,469,41,134,158,134,201,227,920,1014,987,15,99,109,100,193,184,26,101,119,2328,8
101,68,109,102,111,100,84,102,247,315,348,50,159,118,75,177,184,141,252,243,107,207,218,75,159,175,134,236,218,1606,8
117,125,101,84,150,118,84,109,84,209,201,185,286,310,57,141,158,444,594,528,118,236,268,158,242,276,159,268,243,2093,8
117,152,110,102,118,110,59,93,267,419,384,58,168,210,74,176,184,158,276,260,74,184,192,100,159,210,300,393,359,1892,8
85,69,25,84,101,94,82,68,21,90,106,74,99,143,75,159,100,25,126,109,200,294,301,18,100,112,141,209,223,1162,8
108,93,101,102,110,85,90,93,132,225,240,24,125,117,126,228,227,73,183,175,100,185,210,1,91,86,117,210,207,1355,8
107,66,93,3,10,22,74,74,86,152,193,50,143,116,14,17,107,116,126,119,58,80,68,28,102,50,27,101,101,828,8
115,101,59,18,3,50,44,8,75,176,190,26,85,127,66,84,125,85,88,103,45,95,48,83,127,133,91,99,135,869,8
131,101,86,84,102,110,135,75,508,609,639,159,245,260,32,116,118,16,118,100,32,142,134,24,159,134,26,101,161,1621,8
98,76,78,64,33,9,2,74,33,109,131,41,119,117,47,111,125,38,71,102,110,119,143,81,83,90,152,226,154,936,8
115,102,83,102,66,86,50,67,201,303,316,33,116,135,50,152,133,8,74,110,76,162,142,40,90,126,118,185,168,1197,8
107,95,85,76,68,118,109,93,176,271,283,156,241,251,141,217,226,125,193,201,167,285,235,67,176,185,7,100,116,1590,8
81,117,101,68,84,76,85,68,118,235,199,234,335,351,49,117,150,133,217,201,76,152,160,325,410,401,65,133,150,1680,8
110,67,103,76,59,26,76,60,88,155,198,50,153,117,107,183,210,33,92,109,83,109,142,74,150,100,66,126,142,1078,8
134,110,76,83,100,84,118,91,182,292,316,99,175,209,160,243,236,59,159,142,151,235,251,276,394,360,84,175,202,1807,8
98,109,111,84,76,143,102,95,92,201,190,159,270,268,82,166,193,134,210,218,587,730,663,41,143,184,241,336,343,2154,8
111,75,109,59,127,9,76,92,24,99,135,151,260,226,109,168,218,686,813,745,74,83,201,292,368,301,109,201,185,2103,8
84,92,102,91,98,28,92,35,100,192,184,134,236,226,1032,1123,1134,1,99,92,50,78,148,39,131,67,109,144,201,2087,8
126,119,86,101,76,92,110,68,25,144,151,81,167,200,74,175,160,117,193,218,1148,1240,1224,183,293,275,117,185,227,2523,8
108,121,102,94,91,78,67,92,143,264,251,162,264,283,234,328,336,16,107,110,134,212,225,124,191,202,603,695,670,2169,8
134,119,127,109,101,101,93,77,100,219,234,132,259,251,175,284,302,117,218,226,142,243,243,75,168,176,602,679,695,2204,8
100,92,84,126,84,100,67,94,234,326,334,67,151,159,218,344,302,83,167,209,118,218,202,50,117,150,126,220,193,1643,8
71,109,58,68,87,110,101,34,109,218,180,118,176,227,109,177,167,158,245,226,47,157,134,1046,1147,1156,938,972,1039,3163,8
141,117,110,52,84,85,93,126,301,418,442,201,311,318,99,151,209,116,200,168,33,118,117,175,268,260,8,134,101,1741,8
111,185,93,97,112,120,110,85,183,368,294,213,306,398,354,451,447,330,442,427,302,422,414,293,403,413,292,377,402,2880,9
58,25,109,97,68,74,71,52,34,59,92,32,141,57,3,100,112,26,94,123,19,93,87,45,116,119,51,103,122,764,9
850,3,1,3,2,4,3,42,1,4,851,1,2,4,2,5,3,2,4,5,0,4,2,0,3,4,63,105,66,977,9
43,20,198,17,3,61,38,61,60,80,103,40,238,60,7,24,205,91,94,108,84,145,87,43,81,104,49,110,87,815,9
80,55,13,3,69,2,72,44,12,67,92,115,128,170,72,75,85,86,155,89,65,67,134,72,144,74,107,151,179,867,9
92,77,69,92,35,57,22,23,39,116,131,30,99,107,27,119,96,59,94,151,30,87,65,45,67,102,97,120,119,794,9
2,83,54,10,7,24,19,91,23,106,25,0,54,83,91,101,145,73,80,83,97,121,104,38,57,62,137,228,156,749,9
2,2,78,2,2,2,2,33,48,50,50,38,116,40,894,896,972,26,28,28,1,3,3,0,2,2,76,109,78,1206,9
1825,8,3,3,4,2,2,3,1,9,1826,1,4,9,2,5,5,206,210,209,1,3,5,2,4,4,1,4,3,2064,9
60,84,93,57,90,6,40,7,84,168,144,12,105,96,26,83,119,39,129,96,44,50,134,77,117,83,77,84,117,796,9
3,81,4,87,82,87,86,25,904,985,907,49,53,130,65,152,69,2,84,89,3,90,85,16,102,103,65,90,151,1559,9
79,17,64,93,2,45,4,88,76,93,155,32,96,49,67,160,131,31,33,124,124,169,126,55,59,100,55,143,59,832,9
80,116,84,92,15,15,5,65,2,118,82,6,90,122,31,123,115,31,46,123,115,130,130,75,80,90,69,134,74,801,9
63,48,11,82,57,46,94,44,80,128,143,78,89,126,1288,1370,1299,107,164,189,108,154,165,140,234,186,137,181,231,2383,9
38,29,86,37,43,9,39,4,83,112,121,71,157,100,38,75,124,73,116,110,58,67,101,84,123,93,51,55,90,743,9
60,24,70,39,20,80,20,94,76,100,136,35,105,59,59,98,129,97,117,136,20,100,40,79,99,159,13,107,33,786,9
80,35,69,13,7,17,71,14,68,103,148,49,118,84,64,77,133,122,129,135,78,95,85,55,126,72,56,70,127,798,9
51,65,71,61,2,42,13,20,22,87,73,24,95,89,47,108,118,55,57,116,109,151,111,65,78,107,89,109,102,736,9
93,80,31,10,8,66,4,97,30,110,123,57,88,137,92,102,123,83,91,93,65,131,73,68,72,134,32,129,36,816,9
25,1,24,2,52,28,62,67,66,67,91,92,116,93,66,68,90,97,149,99,54,82,106,50,112,78,42,109,104,728,9
45,44,4,94,104,41,64,48,133,177,178,58,62,102,73,167,77,14,118,108,32,73,136,56,120,97,41,89,105,851,9
57,44,54,46,70,69,61,51,120,164,177,120,174,164,130,176,184,103,173,149,98,167,168,105,166,174,116,167,177,1244,9
68,41,73,73,102,91,31,27,41,82,109,79,152,120,17,90,90,15,117,88,5,96,107,64,95,155,64,91,95,791,9
51,27,61,36,80,10,69,94,58,85,109,41,102,68,55,91,116,39,119,75,91,101,171,19,88,29,11,105,80,742,9
70,21,44,45,73,20,63,111,43,64,113,98,142,119,54,99,98,58,131,103,71,91,144,17,80,37,20,131,83,808,9
72,106,88,63,3,90,85,120,6,112,78,5,93,111,51,114,139,81,84,144,48,138,51,105,190,195,535,655,620,1458,9
34,49,40,33,66,67,71,96,1263,1312,1297,77,117,126,47,80,87,1487,1553,1520,184,251,250,1512,1583,1579,1605,1701,1676,6631,9
91,57,70,85,85,12,25,78,1380,1437,1471,134,204,191,143,228,213,100,185,185,1113,1125,1198,86,111,98,89,167,114,3548,9
70,111,40,19,1,41,4,31,15,126,85,27,67,138,64,83,104,90,91,109,81,122,82,101,105,142,55,86,59,750,9
20,2,63,29,77,74,108,76,71,73,91,81,144,83,58,87,121,33,110,62,43,117,120,297,405,371,1,77,109,1033,9
73,41,14,14,48,52,81,65,3568,3609,3641,687,701,728,87,101,101,76,124,90,45,97,93,55,136,107,1,66,82,4907,10
94,93,73,82,114,104,81,75,204,297,298,250,323,343,1572,1654,1645,5536,5650,5618,156,260,270,232,313,336,157,232,238,8823,10
70,81,93,94,99,92,83,77,151,232,221,148,241,229,148,242,241,132,231,226,99,191,198,125,208,217,107,184,190,1599,10
68,94,84,98,87,92,82,94,106,200,174,106,190,200,107,205,191,83,170,181,98,190,185,117,199,209,98,192,180,1414,10
78,101,82,93,101,92,93,94,78,179,156,78,160,179,82,175,164,66,167,159,65,157,166,83,176,175,80,174,173,1266,10
67,90,93,84,97,93,87,76,118,208,185,82,175,172,91,175,184,90,187,174,78,171,175,81,168,174,104,180,191,1331,10
97,70,87,88,86,84,99,86,131,201,228,114,201,184,88,176,175,94,180,182,107,191,193,99,198,183,89,175,188,1419,10
92,76,83,96,91,101,98,99,140,216,232,107,190,183,99,195,182,112,203,208,116,217,207,89,187,190,103,202,201,1502,10
69,84,98,77,92,93,105,91,114,198,183,88,186,172,94,171,192,97,189,174,84,177,176,89,194,182,69,160,174,1344,10
113,77,84,104,103,98,96,98,105,182,218,99,183,176,89,193,173,79,182,183,88,186,191,76,172,174,87,185,183,1396,10
86,75,83,82,97,85,94,87,100,175,186,102,185,177,100,182,183,97,194,179,87,172,184,98,192,183,104,191,198,1377,10
89,99,94,117,93,92,92,92,113,212,202,92,186,191,91,208,185,81,174,198,108,200,201,99,191,191,90,182,182,1442,10
94,95,77,91,96,74,84,83,88,183,182,97,174,192,89,180,166,90,186,181,274,348,370,89,173,163,99,182,183,1520,10
168,80,34,89,63,92,79,80,72,152,240,46,80,126,47,136,81,1,64,90,39,131,102,2,81,94,34,114,113,926,10
77,92,103,90,98,91,102,81,90,182,167,81,184,173,81,171,184,9,107,99,1,92,99,7,109,98,11,92,113,1014,10
112,130,92,79,78,120,106,85,66,196,178,22,114,152,21,100,113,21,99,100,38,158,116,2,108,122,45,130,151,1017,10
113,71,15,49,12,73,5,70,73,144,186,64,79,135,88,137,103,68,80,117,101,174,113,60,65,133,239,309,244,1101,10
48,124,138,120,83,48,101,7,124,248,172,140,278,264,2,122,140,3,86,123,26,74,109,44,145,92,48,55,149,1056,10
118,106,69,67,73,65,22,52,7,113,125,21,90,127,54,121,123,4,77,71,49,114,122,47,69,112,88,140,110,842,10
68,51,64,57,58,47,71,56,52,103,120,57,121,108,45,102,109,58,116,115,63,110,121,30,101,77,65,121,136,842,10
124,80,26,61,4,71,5,49,31,111,155,53,79,133,73,134,99,53,57,114,90,161,94,34,39,105,80,129,85,834,10
93,59,110,114,5,75,8,31,36,95,129,33,143,92,21,135,131,51,56,165,55,130,60,44,52,119,72,103,80,807,10
45,140,99,88,18,4,102,2,1,141,46,7,106,147,1,89,100,121,139,209,67,71,85,91,193,95,264,266,366,1050,10
118,137,11,37,9,43,97,43,24,161,142,36,47,173,114,151,125,53,62,90,83,126,92,7,104,50,78,121,175,890,10
113,146,83,107,14,38,114,53,3,149,116,3,86,149,44,151,127,38,52,145,93,131,107,32,146,70,46,99,160,927,10
120,133,90,128,61,12,39,69,1,134,121,1,91,134,4,132,94,2,63,130,109,121,170,58,97,70,49,118,88,876,10
106,104,87,86,23,40,16,100,22,126,128,3,90,107,49,135,136,47,70,133,77,117,100,77,93,117,56,156,72,893,10
106,100,108,84,97,5,101,104,131,231,237,6,114,106,1,85,109,48,145,132,55,60,152,67,168,72,2,106,103,1015,10
6,160,155,37,7,45,39,106,1,161,7,30,185,190,2,39,157,78,85,115,97,142,104,43,82,88,33,139,72,839,10
97,106,100,52,54,5,89,54,1,107,98,103,203,209,30,82,130,62,116,114,78,83,132,87,176,92,8,62,97,926,10
108,126,35,45,19,70,67,72,25,151,133,2,37,128,98,143,133,38,57,83,73,143,92,39,106,109,3,75,70,820,11
79,134,98,99,115,92,84,89,229,363,308,193,291,327,185,284,283,158,273,257,167,259,282,189,273,281,183,272,267,2094,11
56,115,122,117,90,151,142,180,173,288,229,188,310,303,96,213,218,139,229,256,132,283,222,96,238,247,140,320,282,1937,11
90,124,160,107,98,152,94,117,52,176,142,61,221,185,141,248,301,140,238,247,185,337,283,29,123,181,141,258,235,1691,11
86,107,113,137,90,133,130,88,184,291,270,320,433,427,60,197,173,84,174,221,61,194,151,110,240,243,43,131,173,1746,11
73,125,160,143,143,139,117,124,175,300,248,43,203,168,52,195,212,17,160,160,1,140,144,51,168,190,8,132,125,1371,11
122,90,102,143,117,122,112,134,131,221,253,30,132,120,69,212,171,34,151,177,1,123,118,20,132,142,17,151,129,1244,11
77,85,130,117,125,81,161,83,32,117,109,17,147,102,1,118,131,44,169,161,15,96,140,26,187,107,33,116,194,1027,11
73,127,129,145,100,61,124,73,159,286,232,14,143,141,1,146,130,79,179,224,43,104,143,149,273,210,26,99,150,1303,11
124,73,103,108,117,131,118,97,24,97,148,11,114,84,7,115,110,7,124,115,1,132,118,25,143,156,35,132,153,981,11
33,65,100,89,83,86,118,54,74,139,107,25,125,90,33,122,133,16,99,105,63,149,146,7,125,93,43,97,161,889,11
70,36,101,3,96,45,109,52,35,71,105,60,161,96,66,69,167,87,183,90,1,46,97,237,346,282,24,76,133,1022,11
49,39,100,2,91,38,91,39,43,82,92,49,149,88,67,69,167,105,196,107,22,60,113,69,160,107,39,78,130,843,11
45,5,99,88,91,18,81,113,68,73,113,32,131,37,1,89,100,59,150,147,34,52,125,33,114,51,11,124,92,778,11
56,5,81,13,22,6,82,51,74,79,130,32,113,37,48,61,129,123,145,136,62,68,84,104,186,110,45,96,127,804,11
56,49,63,25,58,41,29,3,1,50,57,97,160,146,27,52,90,122,180,147,32,73,90,81,110,122,50,53,79,734,11
5,2,63,90,64,64,46,74,38,40,43,131,194,133,26,116,89,24,88,114,51,115,115,23,69,87,96,170,142,797,11
44,35,63,77,63,72,72,81,41,76,85,69,132,104,2,79,65,87,150,164,8,80,71,51,123,123,8,89,80,773,11
48,68,93,65,63,54,74,71,1,69,49,53,146,121,1,66,94,43,106,108,44,98,107,42,116,96,15,86,89,735,11
49,39,92,67,51,40,83,56,29,68,78,44,136,83,1,68,93,87,138,154,25,65,76,52,135,92,30,86,113,745,11
31,40,74,4,66,10,85,78,45,85,76,54,128,94,67,71,141,94,160,98,58,68,124,42,127,52,6,84,91,754,11
117,16,73,49,37,23,111,73,2,18,119,51,124,67,30,79,103,78,115,127,56,79,93,61,172,84,1,74,112,778,11
66,88,96,55,57,46,116,69,1,89,67,16,112,104,26,81,122,78,135,133,31,77,88,52,168,98,1,70,117,798,11
59,80,89,54,90,72,64,99,7,87,66,43,132,123,35,89,124,34,124,88,16,88,106,43,107,115,6,105,70,791,11
74,86,64,98,71,96,96,38,44,130,118,18,82,104,17,115,81,8,79,106,20,116,91,10,106,106,42,80,138,782,11
45,62,55,54,169,92,33,90,11,73,56,70,125,132,16,70,71,34,203,88,25,117,194,35,68,127,114,204,147,905,11
21,28,62,60,90,51,101,59,22,50,43,150,212,178,19,79,81,52,142,112,10,61,100,43,144,94,9,68,110,777,11
39,46,82,47,56,55,47,63,22,68,61,61,143,107,31,78,113,69,125,116,31,86,87,79,126,134,23,86,70,751,11
62,47,90,50,81,61,38,21,16,63,78,43,133,90,11,61,101,52,133,102,1,62,82,78,116,139,41,62,79,692,11
56,60,81,55,63,54,63,62,1,61,57,51,132,111,16,71,97,60,123,115,17,71,80,69,132,123,8,70,71,716,11
42,27,78,59,98,53,72,63,22,49,64,79,157,106,14,73,92,16,114,75,26,79,124,53,125,106,7,70,79,709,12
42,85,95,88,89,91,58,84,87,172,129,104,199,189,139,227,234,125,214,213,135,226,224,150,208,241,104,188,162,1476,12
82,77,89,79,67,71,68,81,193,270,275,193,282,270,178,257,267,206,273,285,163,234,230,161,229,232,151,232,219,1859,12
53,78,91,89,68,92,102,80,204,282,257,261,352,339,136,225,227,328,396,417,177,269,245,509,611,601,175,255,277,2443,12
63,90,68,69,56,105,78,61,122,212,185,136,204,226,122,191,190,124,180,193,343,448,399,148,226,253,104,165,182,1689,12
66,68,80,68,76,89,65,56,123,191,189,122,202,190,261,329,341,345,421,413,401,490,477,247,312,336,151,207,216,2218,12
40,68,62,96,83,74,85,62,165,233,205,90,152,158,62,158,124,93,176,189,88,162,171,76,161,150,76,138,161,1220,12
90,98,73,85,52,77,51,108,49,147,139,47,120,145,63,148,136,34,86,119,61,138,113,36,87,113,76,184,127,1000,12
4,25,15,28,63,28,76,31,35,60,39,92,107,117,50,78,65,50,113,78,26,54,89,22,98,50,23,54,99,568,12
64,101,51,2,17,3,32,21,2,103,66,124,175,225,53,55,104,62,79,64,77,80,94,61,93,64,53,74,85,723,12
66,68,54,40,95,55,29,66,20,88,86,34,88,102,26,66,80,61,156,101,35,90,130,46,75,101,21,87,50,716,12
42,90,41,47,42,55,6,73,2,92,44,2,43,92,119,166,160,111,153,158,49,104,91,46,52,101,36,109,42,761,12
61,69,39,53,25,53,12,16,14,83,75,41,80,110,46,99,85,28,53,81,63,116,88,42,54,95,64,80,76,626,12
36,40,39,43,14,3,51,22,37,77,73,26,65,66,50,93,89,50,64,93,63,66,77,53,104,56,99,121,150,626,12
33,31,7,52,30,54,28,16,62,93,95,81,88,112,63,115,70,44,74,96,40,94,70,59,87,113,49,65,77,649,12
52,53,30,54,3,17,3,17,36,89,88,47,77,100,48,102,78,50,53,104,62,79,65,77,80,94,62,79,65,611,12
52,10,41,5,17,5,5,2,67,77,119,62,103,72,52,57,93,88,105,93,73,78,90,78,83,83,89,91,94,646,12
56,34,75,34,53,5,31,6,21,55,77,35,110,69,22,56,97,47,100,81,49,54,102,75,106,80,38,44,69,581,12
66,43,3,41,36,32,21,3,34,77,100,157,160,200,36,77,39,53,89,94,74,106,110,57,78,89,61,64,82,717,12
24,65,3,16,3,42,7,87,45,110,69,41,44,106,75,91,78,76,79,92,49,91,52,72,79,114,74,161,81,679,12
55,96,105,109,95,98,95,83,63,159,118,64,169,160,50,159,155,344,439,453,48,146,143,47,142,145,63,146,158,1415,12
73,54,54,51,60,51,14,36,161,215,234,24,78,78,29,80,83,16,76,67,39,90,99,9,23,60,76,112,90,747,12
20,50,64,3,65,3,4,2,54,104,74,22,86,72,41,44,105,47,112,50,63,66,128,50,54,53,89,91,93,577,12
4,26,53,44,64,52,72,66,66,92,70,22,75,48,33,77,86,34,98,78,25,77,89,10,82,62,2,68,74,573,12
3,53,62,29,8,20,28,31,52,105,55,20,82,73,36,65,98,82,90,111,61,81,69,61,89,81,32,63,60,578,12
58,76,69,64,54,73,19,64,2,78,60,1,70,77,12,76,81,1,55,65,11,84,65,46,65,119,35,99,54,585,12
8,61,5,16,3,17,24,52,82,143,90,106,111,167,35,51,40,78,81,94,62,79,65,66,90,83,36,88,60,651,12
34,56,64,67,40,31,3,17,33,89,67,1,65,57,2,69,66,26,66,93,35,66,75,74,77,105,62,79,65,545,12
49,60,70,39,44,6,16,14,15,75,64,13,83,73,40,79,110,90,134,129,59,65,103,63,79,69,98,112,114,676,12
30,25,32,27,48,42,21,5,65,90,95,25,57,50,52,79,84,38,86,65,22,64,70,55,76,97,66,71,87,553,12
5,73,72,53,12,32,3,86,2,75,7,8,80,81,22,75,94,65,77,118,48,80,60,85,88,117,48,134,51,614,13
72,45,79,71,99,63,70,63,377,422,449,836,915,881,344,415,423,344,443,415,295,358,394,452,522,515,2476,2539,2546,5686,13
55,75,80,65,69,68,77,69,434,509,489,233,313,308,3281,3346,3361,145,214,210,371,439,440,344,421,412,334,403,411,5700,13
79,95,102,115,104,103,107,86,696,791,775,311,413,406,62,177,164,362,466,477,235,338,339,148,255,251,496,582,603,3101,13
101,88,84,78,70,103,70,80,100,188,201,435,519,523,333,411,417,784,854,862,122,225,192,331,401,434,270,350,340,3049,13
119,86,80,82,107,84,92,119,361,447,480,371,451,457,297,379,377,150,257,232,448,532,555,150,242,234,126,245,218,2672,13
100,66,60,69,78,88,95,114,117,183,217,149,209,215,115,184,175,113,191,182,100,188,178,73,168,161,59,173,154,1396,13
97,130,96,76,71,76,63,68,75,205,172,77,173,207,112,188,208,100,171,176,88,164,159,108,171,184,146,214,209,1383,13
92,95,78,71,79,81,82,78,95,190,187,89,167,184,75,146,153,74,153,145,72,153,151,78,160,159,50,128,132,1189,13
56,80,82,69,72,61,62,71,99,179,155,70,152,150,93,162,175,90,162,159,86,147,158,88,150,149,97,168,159,1176,13
42,72,77,77,92,76,92,76,524,596,566,110,187,182,92,169,169,74,166,151,65,141,157,90,182,166,82,158,174,1641,13
89,96,95,85,71,84,80,71,91,187,180,78,173,174,89,174,184,99,170,184,87,171,158,107,187,191,97,168,177,1319,13
53,77,79,133,73,80,92,70,635,712,688,100,179,177,86,219,165,51,124,184,102,182,175,69,161,149,65,135,157,1765,13
122,96,96,89,87,73,65,62,194,290,316,103,199,199,114,203,210,114,201,203,87,160,174,96,161,169,89,151,154,1487,13
70,92,76,81,94,109,100,82,94,186,164,81,157,173,126,207,202,120,214,201,81,190,175,66,166,175,479,561,579,1751,13
78,73,74,84,79,78,90,73,95,168,173,85,159,158,85,169,159,64,143,148,74,152,153,365,455,443,144,217,234,1541,13
85,128,92,87,124,101,86,102,164,292,249,140,232,268,118,205,210,177,301,264,73,174,197,95,181,196,80,182,166,1652,13
75,96,75,120,94,115,113,121,177,273,252,191,266,287,226,346,301,240,334,360,170,285,264,149,262,264,115,236,228,2077,13
109,106,61,89,124,113,107,86,506,612,615,163,224,269,158,247,219,106,230,195,77,190,201,81,188,194,68,154,175,1954,13
150,101,72,92,109,117,108,113,499,600,649,87,159,188,279,371,351,236,345,328,178,295,287,199,307,316,187,300,295,2527,13
72,85,130,84,105,129,107,86,924,1009,996,172,302,257,349,433,479,219,324,303,175,304,280,315,422,444,121,207,228,3073,13
97,91,90,85,60,65,77,72,81,172,178,75,165,166,260,345,350,92,152,177,108,173,168,90,167,155,81,153,158,1424,13
45,67,85,78,76,66,72,78,119,186,164,100,185,167,84,162,169,94,170,172,108,174,184,102,174,168,93,171,165,1267,13
68,79,92,74,84,70,78,94,108,187,176,75,167,154,75,149,167,75,159,149,75,145,159,87,165,157,118,212,196,1252,13
69,20,109,12,99,64,83,54,122,142,191,16,125,36,52,64,161,31,130,43,3,67,102,40,123,104,2,56,85,776,13
57,130,103,70,102,97,20,57,40,170,97,2,105,132,20,90,123,5,107,75,29,126,131,57,77,154,75,132,95,864,13
30,100,80,75,96,22,92,101,131,231,161,25,105,125,32,107,112,33,129,108,238,260,334,2,94,24,21,122,113,1078,13
32,95,88,56,118,36,55,13,151,246,183,22,110,117,14,70,102,20,138,76,36,72,154,60,115,96,63,76,118,859,13
43,29,35,26,82,18,30,19,33,62,76,73,108,102,71,97,106,41,123,67,54,72,136,116,146,134,55,74,85,725,13
79,98,95,85,71,56,25,82,107,205,186,39,134,137,56,141,151,77,148,162,104,160,175,48,73,104,92,174,117,1114,13
89,34,99,92,80,92,13,94,84,118,173,51,150,85,28,120,127,2,82,94,34,126,114,78,91,170,39,133,52,909,14
144,102,2,27,3,79,3,18,7,109,151,56,58,158,67,94,69,108,111,135,41,120,44,115,118,194,49,67,52,821,14
28,3,29,2,45,2,10,3,98,101,126,74,103,77,81,83,110,50,95,52,83,85,128,58,68,60,116,119,126,682,14
56,3,26,41,60,89,3,27,74,77,130,93,119,96,94,135,120,8,68,49,42,131,102,72,75,161,75,102,78,763,14
50,18,2,54,2,95,87,8,93,111,143,117,119,135,41,95,43,108,110,162,6,101,8,8,95,103,58,66,145,747,14
76,87,3,18,2,28,2,63,15,102,91,65,68,152,67,85,70,117,119,135,58,86,60,90,92,118,50,113,52,741,14
77,34,69,53,8,11,2,37,75,109,152,7,76,41,51,104,120,76,84,129,77,88,85,98,100,109,41,78,43,716,14
102,94,3,28,18,10,24,18,1,95,103,72,75,166,67,95,70,66,84,94,84,94,102,94,118,104,34,52,58,715,14
93,2,45,3,9,2,10,2,177,179,270,50,95,52,73,76,118,75,84,78,134,136,143,42,52,44,116,118,126,833,14
94,25,78,85,8,44,3,10,75,100,169,25,103,50,1,86,79,76,84,161,34,78,42,98,101,142,67,77,70,723,14
59,77,89,18,52,25,18,5,51,128,110,6,95,83,167,185,256,59,111,77,42,67,94,86,104,111,94,99,112,848,14
75,97,4,36,8,3,86,65,16,113,91,56,60,153,56,92,60,102,110,138,85,88,93,74,160,77,2,67,88,765,14
101,97,136,44,45,19,53,3,33,130,134,83,219,180,41,85,177,93,138,137,101,120,146,31,84,50,108,111,161,988,14
68,2,70,3,76,70,3,4,66,68,134,24,94,26,125,128,195,7,83,10,34,104,110,65,68,135,127,131,130,744,14
85,69,49,46,3,8,16,86,41,110,126,36,85,105,67,113,116,72,75,118,118,126,121,96,112,104,58,144,74,850,14
77,2,19,16,45,25,36,84,194,196,271,58,77,60,59,75,78,102,147,118,75,100,120,25,61,50,50,134,86,867,14
26,2,28,21,95,28,3,45,107,109,133,67,95,69,101,122,129,29,124,50,67,95,162,98,101,126,75,120,78,792,14
92,2,44,18,44,3,93,93,176,178,268,67,111,69,84,102,128,84,128,102,108,111,152,35,128,38,1,94,94,944,14
60,2,61,54,19,39,17,94,99,101,159,40,101,42,76,130,137,66,85,120,82,121,101,82,99,121,50,144,67,841,14
151,2,2,78,102,66,63,10,145,147,296,133,135,135,24,102,26,1,103,79,1,67,103,42,105,108,83,93,146,903,14
73,77,70,77,104,111,26,86,76,153,149,84,154,161,84,161,154,67,171,144,67,178,171,111,137,222,196,282,222,1309,14
43,17,86,102,3,3,37,20,102,119,145,7,93,24,1,103,87,76,79,178,65,68,68,82,119,85,30,50,67,674,14
75,96,18,35,10,44,9,86,33,129,108,58,76,154,59,94,77,92,102,127,92,136,102,42,51,86,84,170,93,833,14
103,109,4,9,4,27,61,2,1,110,104,40,44,149,109,118,113,244,248,253,83,110,87,49,110,76,59,61,120,904,14
16,60,45,69,78,85,78,70,59,119,75,58,103,118,41,110,86,24,102,93,1,86,79,32,110,117,16,86,94,732,14
58,68,61,95,2,3,2,37,50,118,108,26,87,94,16,111,77,116,118,211,93,96,95,98,100,101,67,104,69,792,14
85,120,66,44,17,9,129,60,7,127,92,1,67,121,51,95,117,85,102,129,51,60,68,75,204,84,7,67,136,807,14
46,3,54,85,61,61,111,82,96,99,142,48,102,51,52,137,106,7,68,92,67,128,128,1,112,62,9,91,120,783,14
109,79,3,30,35,54,95,88,33,112,142,56,59,135,126,156,129,48,83,78,66,120,101,15,110,69,6,94,101,843,14
7,9,10,9,71,103,3,46,85,94,92,84,94,93,84,93,94,58,129,67,1,104,72,88,91,191,49,95,52,707,14
76,69,35,104,17,61,13,5,49,118,125,68,103,137,24,128,59,42,59,146,84,145,101,59,72,120,105,110,118,811,15
187,121,94,105,82,130,107,116,261,382,448,201,295,322,265,370,359,300,382,405,229,359,311,227,334,357,173,289,280,2598,15
94,106,106,118,141,117,126,105,122,228,216,182,288,288,183,301,289,147,288,265,297,414,438,2347,2473,2464,126,231,252,4317,15
83,106,95,106,130,104,93,117,156,262,239,250,345,356,319,425,414,149,279,255,250,354,380,812,905,916,408,525,501,3178,15
90,118,116,106,117,117,128,117,344,462,434,317,433,435,276,382,392,286,403,392,317,434,434,319,447,436,583,700,711,3351,15
76,70,84,94,105,95,83,107,143,213,219,158,242,228,229,323,313,308,413,402,92,187,197,135,218,230,102,209,185,1881,15
76,96,105,106,114,95,104,77,88,184,164,357,462,453,308,414,413,720,834,826,114,209,228,2120,2224,2215,457,534,561,4937,15
89,105,95,117,117,118,131,106,121,226,210,193,288,298,148,265,243,252,369,369,103,221,220,100,231,218,101,207,232,1896,15
82,101,94,105,115,106,71,103,309,410,391,207,301,308,150,255,244,1732,1847,1837,147,253,262,297,368,403,505,608,576,4124,15
130,105,105,105,95,117,117,106,844,949,974,459,564,564,525,630,630,276,371,381,411,528,506,173,290,290,170,276,287,3738,15
91,95,107,105,82,134,98,95,182,277,273,205,312,300,101,206,208,340,422,445,340,474,422,110,208,244,97,192,195,2182,15
77,117,94,72,106,84,86,93,235,352,312,125,219,242,80,152,174,76,182,148,57,141,163,76,162,160,77,170,163,1455,15
88,117,106,86,81,72,70,85,149,266,237,135,241,252,573,659,679,111,192,197,90,162,171,102,172,174,89,174,159,1954,15
40,105,106,82,83,83,94,95,279,384,319,266,372,371,103,185,209,89,172,171,68,151,151,89,183,172,92,187,186,1674,15
69,103,94,93,71,70,83,83,135,238,204,459,553,562,115,208,209,480,551,573,115,185,186,112,195,182,80,163,163,2162,15
68,104,107,94,106,95,83,95,90,194,158,99,206,203,92,186,199,124,230,218,485,580,591,91,174,186,100,195,183,1833,15
101,95,106,105,94,105,105,95,223,318,324,136,242,231,79,184,185,92,186,197,123,228,217,279,384,384,91,186,196,1829,15
82,106,95,128,106,118,117,116,91,197,173,429,524,535,103,231,198,286,392,414,193,311,299,137,254,255,147,263,264,2254,15
86,117,94,47,104,118,106,70,99,216,185,321,415,438,148,195,242,277,381,324,116,234,220,100,206,218,103,173,209,1906,15
77,117,117,106,105,106,130,105,355,472,432,160,277,277,136,242,253,417,522,523,138,244,243,285,415,391,263,368,393,2617,15
89,99,118,117,118,130,106,94,82,181,171,89,207,188,463,580,581,137,255,254,135,265,253,604,710,734,102,196,208,2483,15
68,150,106,105,83,105,83,94,1819,1969,1887,193,299,343,126,231,232,318,401,423,194,299,277,329,412,434,91,185,174,3864,15
122,83,117,95,105,95,95,83,403,486,525,360,477,443,252,347,369,667,772,762,159,254,264,488,583,583,184,267,279,3308,15
87,95,94,83,92,114,93,118,269,364,356,307,401,402,218,301,312,412,504,495,866,980,958,1056,1149,1170,218,336,311,4122,15
87,94,83,114,95,95,95,106,89,183,176,239,322,333,781,895,864,194,289,308,901,996,996,379,474,474,195,301,290,3547,15
111,119,106,94,118,117,107,130,155,274,266,180,286,299,138,232,244,204,322,298,149,266,267,124,231,241,158,288,265,2010,15
114,137,107,82,113,95,134,72,320,457,434,96,203,233,1199,1281,1306,217,330,299,392,487,505,205,339,300,166,238,300,3449,15
102,106,107,118,105,126,107,106,108,214,210,180,287,286,149,267,256,135,240,253,186,312,291,228,335,354,216,322,323,2079,15
96,95,95,107,120,118,83,128,123,218,219,227,322,322,160,267,255,295,415,402,159,277,279,273,356,391,161,289,244,2240,15
79,106,118,106,106,129,105,106,96,202,175,134,252,240,137,243,255,297,403,403,115,244,221,263,368,392,149,255,254,2046,15
87,128,142,141,72,116,94,131,122,250,209,135,277,263,159,300,301,347,419,488,184,300,256,216,310,332,160,291,254,2234,16
63,76,106,86,114,76,91,77,258,334,321,261,367,337,264,350,370,272,386,358,272,348,386,300,391,376,252,329,343,2568,16
60,108,86,97,86,62,79,89,271,379,331,214,300,322,277,374,363,250,336,347,229,291,315,256,335,318,301,390,380,2465,16
71,103,133,160,131,152,118,121,147,250,218,266,399,369,184,344,317,236,367,396,257,409,388,226,344,378,220,341,338,2525,16
70,103,100,99,80,101,93,92,232,335,302,210,310,313,217,316,317,299,379,398,264,365,344,282,375,383,282,374,375,2524,16
59,69,92,68,71,78,81,67,173,242,232,151,243,220,155,223,247,190,261,258,415,493,486,1143,1224,1221,173,240,254,2985,16
49,86,75,82,89,112,94,126,507,593,556,483,558,569,585,667,660,1680,1769,1762,196,308,285,2603,2697,2715,297,423,391,7064,16
78,109,77,95,102,80,100,124,207,316,285,82,159,191,116,211,193,164,266,259,96,176,198,1708,1808,1788,296,420,396,3434,16
116,93,110,92,99,122,104,119,191,284,307,191,301,284,626,718,736,909,1008,1001,157,279,256,367,471,489,1192,1311,1296,4488,16
75,97,128,105,117,38,96,90,377,474,452,732,860,829,226,331,354,311,428,416,1326,1364,1443,177,273,215,5098,5188,5194,8993,16
56,73,102,99,88,93,80,88,343,416,399,272,374,345,353,452,455,264,352,363,298,391,386,462,542,555,807,895,887,3478,16
73,54,63,53,54,44,53,54,116,170,189,139,202,193,128,181,191,130,184,183,155,199,209,140,193,184,155,209,208,1411,16
72,62,44,69,104,61,60,46,104,166,176,106,150,168,906,975,950,106,210,175,96,157,200,123,183,184,114,160,174,2073,16
59,53,58,59,60,62,59,61,137,190,196,109,167,162,115,174,173,98,158,157,107,169,167,81,140,143,109,170,168,1227,16
67,60,42,76,38,60,148,87,96,156,163,119,161,179,97,173,139,38,76,114,64,124,102,71,219,131,96,183,244,1159,16
79,88,60,55,44,29,29,27,53,141,132,112,172,200,90,145,150,79,123,134,57,86,101,97,126,126,62,89,91,961,16
53,56,59,60,241,68,53,65,89,145,142,113,172,169,89,149,148,90,331,150,111,179,352,107,160,175,88,153,141,1342,16
67,991,78,70,62,51,37,44,89,1080,156,119,197,1110,63,133,141,96,158,166,81,132,143,66,103,117,70,114,107,1984,16
34,210,51,48,63,45,30,39,77,287,111,100,151,310,93,141,144,107,170,155,86,131,149,81,111,126,94,133,124,1158,16
32,61,68,73,52,45,38,112,86,147,118,90,158,151,71,144,139,79,131,152,100,145,152,61,99,106,196,308,234,1164,16
29,88,53,42,53,36,42,34,81,169,110,103,156,191,113,155,166,90,143,132,41,77,94,107,149,143,182,216,224,1094,16
86,64,119,73,104,37,108,66,294,358,380,210,329,274,233,306,352,282,386,355,297,334,401,323,431,360,218,284,326,2514,16
72,120,75,106,86,122,101,107,193,313,265,351,426,471,242,348,317,473,559,579,307,429,393,380,481,502,242,349,343,2977,16
44,104,73,77,68,121,105,94,278,382,322,338,411,442,266,343,339,341,409,418,215,336,283,187,292,308,229,323,334,2540,16
78,51,94,113,61,109,83,118,475,526,553,1089,1183,1140,223,336,317,244,305,357,209,318,270,334,417,443,208,326,291,3489,16
56,103,99,120,119,119,120,114,206,309,262,311,410,414,71,191,170,216,335,336,112,231,231,164,284,283,294,408,414,2224,16
57,83,140,127,112,113,119,100,182,265,239,147,287,230,197,324,337,113,225,240,129,242,241,115,234,228,193,293,312,1927,16
74,95,88,109,96,80,71,104,99,194,173,80,168,175,130,239,218,113,209,222,138,218,234,95,166,175,146,250,217,1518,16
61,84,102,96,79,107,238,63,72,156,133,82,184,166,39,135,141,105,184,201,145,252,224,101,339,208,104,167,342,1478,16
60,90,111,88,79,51,135,79,132,222,192,93,204,183,14,102,125,88,167,176,39,90,118,82,217,133,6,85,141,1147,16
70,79,88,107,94,72,124,96,232,311,302,118,206,197,238,345,326,109,203,216,155,227,249,643,767,715,96,192,220,2321,17
161,153,153,177,197,195,176,167,769,922,930,917,1070,1070,374,551,527,399,596,576,1985,2180,2182,3968,4144,4163,296,463,472,10087,17
188,164,187,166,213,179,211,149,742,906,930,396,583,560,364,530,551,242,455,408,294,473,507,1203,1414,1382,928,1077,1139,5626,17
124,177,166,212,161,188,178,155,405,582,529,1126,1292,1303,373,585,539,754,915,966,241,429,402,230,408,418,8079,8234,8257,12569,17
149,167,169,178,214,197,198,157,230,397,379,229,398,396,195,373,364,419,633,597,460,657,674,5401,5599,5598,7422,7579,7620,15785,17
183,217,183,208,204,200,212,144,476,693,659,2393,2576,2610,1381,1589,1564,1859,2063,2067,347,547,551,229,441,429,219,363,431,8455,17
157,185,201,199,180,198,201,180,224,409,381,251,452,436,584,783,785,236,416,435,280,478,460,439,640,637,252,432,453,3767,17
157,174,249,197,176,198,208,176,1390,1564,1547,1496,1745,1670,895,1092,1144,375,551,572,242,440,418,277,485,475,398,574,606,6608,17
301,242,247,201,209,232,198,177,209,451,510,220,467,462,239,440,486,185,394,386,143,375,352,145,343,377,143,320,341,3091,17
127,169,168,174,178,188,165,154,1241,1410,1368,430,598,599,309,483,477,354,532,528,263,451,441,308,473,496,232,386,397,4460,17
164,186,176,172,176,179,165,157,630,816,794,340,516,526,368,540,544,310,486,482,310,489,486,338,503,517,385,542,550,4056,17
124,189,153,167,191,188,187,142,274,463,398,521,674,710,184,351,337,167,358,334,137,325,328,144,331,332,198,340,385,2966,17
136,214,153,189,190,164,179,198,305,519,441,210,363,424,231,420,384,151,341,340,255,419,445,207,386,371,253,451,432,3035,17
115,143,155,154,163,188,179,150,202,345,317,233,388,376,216,370,371,194,357,348,228,416,391,219,398,407,731,881,910,3270,17
145,165,165,171,168,178,184,160,365,530,510,157,322,322,352,523,517,210,378,381,176,354,344,176,360,354,155,315,339,2927,17
127,176,175,163,167,233,187,178,475,651,602,133,308,309,244,407,419,241,408,404,252,485,419,695,882,928,230,408,417,3676,17
152,142,212,179,172,190,176,186,296,438,448,587,799,729,127,306,339,191,363,370,241,431,413,384,560,574,399,585,575,3634,17
171,185,166,164,189,180,144,199,167,352,338,208,374,393,178,342,344,140,329,304,188,368,377,217,361,397,286,485,430,2782,17
113,155,168,155,156,158,138,133,298,453,411,394,562,549,154,309,322,187,343,342,217,375,373,211,349,369,157,290,295,2794,17
114,141,169,166,168,168,157,167,288,429,402,202,371,343,425,591,594,217,385,383,151,319,319,141,298,309,217,384,374,2891,17
131,132,175,163,155,167,201,176,286,418,417,223,398,355,211,374,386,142,297,305,274,441,429,230,431,397,330,506,531,2996,17
113,168,272,174,157,157,170,313,194,362,307,168,440,336,154,328,426,91,248,265,117,274,274,163,333,320,214,527,384,2625,17
5,152,144,155,157,168,146,164,117,269,122,318,462,470,119,274,263,161,318,316,131,299,288,105,251,273,453,617,599,2495,17
97,152,189,176,156,158,168,221,159,311,256,163,352,315,200,376,389,162,318,338,141,299,297,139,307,297,163,384,331,2444,17
62,143,142,121,123,133,145,168,993,1136,1055,143,285,286,97,218,239,100,223,221,108,241,231,87,232,220,162,330,307,2727,17
60,141,139,168,178,157,159,255,276,417,336,270,409,411,218,386,357,143,321,311,152,309,330,152,311,309,457,712,616,2925,17
262,217,188,189,165,169,276,179,506,723,768,242,430,459,198,387,386,196,361,385,143,312,308,195,471,364,339,518,615,3464,17
49,140,167,178,177,164,280,187,203,343,252,174,341,314,494,672,661,219,396,397,200,364,377,295,575,459,264,451,544,3191,17
75,129,197,156,201,222,391,188,385,514,460,684,881,813,197,353,394,285,486,441,208,430,409,217,608,439,249,437,640,3784,17
86,141,146,178,148,149,88,179,231,372,317,165,311,306,185,363,331,151,299,329,140,289,288,104,192,253,111,290,199,2202,17
109,153,164,169,156,168,219,176,333,486,442,328,492,481,197,366,361,153,309,322,240,408,396,342,561,510,121,297,340,3028,18
63,109,72,18,27,30,39,34,17,126,80,2,74,111,61,79,133,72,99,90,69,99,96,54,93,84,57,91,96,724,18
5,9,12,3,138,60,25,3,3,12,8,89,101,98,75,78,87,64,202,67,1,61,139,87,112,147,82,85,107,656,18
6,3,6,15,43,67,66,82,41,44,47,117,123,120,86,101,92,120,163,135,22,89,65,42,108,109,25,107,91,741,18
76,39,33,29,8,16,48,41,127,166,203,111,144,150,120,149,153,118,126,147,154,170,162,68,116,84,151,192,199,1139,18
10,88,114,138,88,110,90,107,176,264,186,251,365,339,1499,1637,1613,259,347,397,109,219,197,536,626,646,105,212,195,3680,18
62,84,103,61,115,77,50,82,196,280,258,73,176,157,97,158,200,1708,1823,1769,126,203,241,120,170,197,103,185,153,3057,18
97,88,112,94,92,100,66,90,139,227,236,126,238,214,40,134,152,1018,1110,1112,269,369,361,904,970,1004,123,213,189,3358,18
89,93,82,116,95,67,109,57,448,541,537,403,485,496,426,542,508,422,517,538,377,444,472,1397,1506,1464,325,382,434,4506,18
79,94,59,113,66,67,62,54,206,300,285,507,566,601,113,226,172,197,263,310,810,877,876,279,341,346,250,304,312,2956,18
83,99,108,110,89,76,114,120,255,354,338,300,408,399,217,327,325,363,452,473,447,523,536,199,313,275,140,260,254,2720,18
123,65,109,20,9,40,77,56,3450,3515,3573,38,147,103,33,53,142,101,110,121,50,90,59,73,150,113,45,101,122,4289,18
97,114,88,130,128,52,39,87,145,259,242,191,279,305,66,196,154,78,206,208,1992,2044,2120,223,262,275,129,216,168,3559,18
80,109,69,87,109,100,76,107,194,303,274,290,359,399,357,444,426,287,396,374,159,259,268,190,266,290,151,258,227,2365,18
76,13,24,9,15,81,13,3,74,87,150,102,126,115,66,75,90,70,85,79,30,111,45,73,86,154,86,89,99,735,18
91,84,47,62,79,49,61,79,97,181,188,99,146,183,189,251,236,119,198,181,136,185,215,140,201,189,128,207,189,1460,18
85,75,69,57,69,63,45,38,146,221,231,100,169,175,105,162,174,101,170,158,84,147,153,99,144,162,106,144,151,1242,18
112,54,37,94,52,95,98,87,122,176,234,139,176,193,196,290,233,300,352,394,134,229,186,98,196,193,100,187,198,1718,18
73,105,84,34,34,28,25,98,99,204,172,85,169,190,131,165,215,147,181,181,267,295,301,128,153,156,437,535,462,1775,18
101,70,57,88,81,101,67,74,128,198,229,129,186,199,123,211,180,115,196,203,80,181,161,101,168,202,140,214,207,1455,18
119,54,92,68,94,32,127,127,147,201,266,189,281,243,932,1000,1024,118,212,186,193,225,287,110,237,142,40,167,167,2442,18
42,4,106,75,41,64,88,62,30,34,72,28,134,32,71,146,177,26,67,101,40,104,81,13,101,77,14,76,102,704,18
39,53,47,6,18,49,48,51,119,172,158,107,154,160,128,134,175,300,318,306,118,167,136,118,166,167,113,164,161,1314,18
58,62,90,82,69,50,49,40,146,208,204,98,188,160,103,185,193,94,163,176,152,202,221,140,189,190,146,186,195,1379,18
17,36,43,60,52,68,62,59,191,227,208,162,205,198,146,206,189,136,188,196,131,199,183,109,171,177,120,179,182,1392,18
71,45,59,58,42,53,33,48,298,343,369,122,181,167,107,165,166,131,173,189,120,173,162,368,401,421,166,214,199,1721,18
34,82,44,27,88,48,40,51,160,242,194,141,185,223,196,223,240,672,760,699,448,496,536,157,197,205,154,205,194,2342,18
51,73,53,60,67,84,60,67,1006,1079,1057,150,203,223,199,259,252,126,193,186,117,201,184,138,198,222,1657,1724,1717,3908,18
60,38,54,85,114,60,79,142,178,216,238,100,154,138,159,244,213,105,219,190,123,183,237,217,296,277,142,284,221,1656,18
30,66,90,67,79,42,81,74,156,222,186,122,212,188,109,176,199,103,182,170,124,166,203,138,219,180,121,195,202,1402,18
37,83,102,76,55,114,108,105,193,276,230,116,218,199,96,172,198,109,164,185,137,251,192,1066,1174,1180,595,700,703,2992,19
75,107,102,89,90,100,78,46,324,431,399,244,346,351,589,678,691,174,264,263,271,371,361,352,430,452,226,272,304,2867,19
35,109,76,68,79,122,111,80,122,231,157,285,361,394,293,361,369,196,275,264,162,284,241,97,208,219,294,374,405,2129,19
69,114,99,76,98,111,110,102,94,208,163,148,247,262,296,372,395,189,287,265,151,262,249,121,231,232,150,252,260,1928,19
74,84,96,99,94,111,109,78,202,286,276,1927,2023,2011,798,897,894,204,298,303,207,318,301,132,241,243,161,239,270,4376,19
104,121,62,120,112,100,76,80,124,245,228,145,207,266,473,593,535,125,237,245,147,247,259,208,284,308,435,515,511,2432,19
86,101,89,102,99,110,111,78,85,186,171,281,370,382,403,505,492,164,263,266,152,262,251,131,242,241,130,208,241,2122,19
76,88,97,121,121,88,78,78,103,191,179,198,295,286,526,647,623,98,219,219,131,219,252,228,306,316,317,395,395,2348,19
67,89,67,89,82,92,100,77,130,219,197,152,219,241,503,592,570,138,220,227,215,307,297,163,263,255,205,282,305,2169,19
111,99,87,102,106,80,67,79,141,240,252,109,196,208,440,542,527,175,281,277,140,220,246,130,197,210,140,219,207,2006,19
43,76,118,88,64,54,75,89,123,199,166,264,382,340,383,471,501,145,209,233,175,229,239,178,253,232,129,218,204,2004,19
5,115,92,89,100,111,89,99,1517,1632,1522,82,174,197,587,676,679,97,197,186,535,646,635,98,187,209,261,360,350,3877,19
46,64,67,76,107,84,100,89,101,165,147,381,448,445,113,189,180,437,544,513,104,188,211,339,439,423,86,175,186,2194,19
44,94,100,81,105,77,67,75,130,224,174,967,1067,1061,127,208,227,383,488,464,93,170,198,316,383,393,113,188,180,2772,19
87,100,93,75,88,76,109,77,76,176,163,414,507,514,118,193,211,799,887,874,87,163,175,254,363,330,98,175,207,2551,19
58,82,102,102,109,79,121,74,124,206,182,570,672,652,85,187,187,513,622,615,98,177,207,326,447,405,155,229,276,2598,19
70,75,78,100,85,101,89,87,117,192,187,414,492,489,108,208,186,342,427,442,99,200,184,237,326,338,88,175,177,2090,19
65,86,94,87,88,133,87,23,108,194,173,305,399,391,159,246,253,186,274,273,108,241,196,219,306,352,799,822,886,2547,19
45,57,77,90,100,100,98,55,119,176,164,369,446,426,89,179,166,368,468,458,109,209,209,275,373,375,153,208,251,2104,19
76,77,111,98,101,89,78,101,271,348,347,558,669,635,65,163,176,262,363,360,98,187,199,227,305,316,87,188,165,2299,19
69,86,100,101,105,110,77,72,100,186,169,272,372,358,75,176,175,206,311,307,92,202,197,163,240,273,98,170,175,1726,19
39,93,88,73,93,89,80,66,142,235,181,244,332,337,125,198,213,301,394,374,153,242,246,326,406,415,140,206,220,2052,19
65,66,112,87,106,75,83,77,218,284,283,1149,1261,1215,391,478,503,274,380,361,399,474,505,262,345,337,94,171,177,3458,19
62,86,102,100,112,76,100,80,131,217,193,227,329,313,163,263,265,236,348,336,188,264,300,184,284,260,1125,1205,1225,2972,19
52,75,101,76,100,106,67,76,133,208,185,514,615,589,119,195,220,317,417,393,114,220,214,205,272,311,155,231,222,2210,19
31,109,110,77,58,68,90,80,155,264,186,163,273,272,163,240,273,290,348,367,219,287,277,183,273,251,142,222,232,1938,19
82,87,106,88,100,108,86,119,199,286,281,353,459,440,145,233,251,731,831,819,273,381,373,145,231,253,1356,1475,1442,3978,19
41,32,97,121,111,95,121,109,120,152,161,519,616,551,85,206,182,349,460,470,70,165,181,304,425,399,54,163,175,2228,19
73,101,89,109,104,97,198,89,74,175,147,184,273,285,76,185,165,151,255,260,78,175,182,183,381,280,118,207,316,1724,19
36,101,100,81,100,71,101,89,88,189,124,150,250,251,108,189,208,192,292,273,64,135,164,268,369,339,75,164,176,1624,19
50,122,114,104,104,97,80,86,120,242,170,128,242,250,97,201,211,135,239,239,129,226,233,151,231,248,132,218,212,1649,20
62,77,82,37,16,85,79,67,2,79,64,8,90,85,22,59,104,64,80,101,32,117,48,1,80,86,2,69,81,636,20
41,18,84,67,4,38,20,84,47,65,88,22,106,40,2,69,86,55,59,122,43,81,47,72,92,110,30,114,50,627,20
89,48,8,38,65,38,49,4,31,79,120,62,70,110,56,94,64,50,115,88,19,57,84,32,81,70,66,70,115,655,20
62,42,106,74,40,3,29,51,49,91,111,33,139,75,157,231,263,33,73,107,52,55,92,78,107,81,61,112,90,870,20
58,24,48,64,80,61,36,37,54,78,112,56,104,80,40,104,88,12,92,76,9,70,89,44,80,105,44,81,80,667,20
87,60,79,61,4,64,61,52,18,78,105,1,80,61,33,94,112,79,83,140,154,218,158,19,80,83,16,68,77,788,20
83,58,68,38,63,-616,3,14,36,94,119,34,102,92,43,81,111,29,92,67,12,-604,75,54,57,-562,53,67,56,-28,20
11,41,72,113,42,66,71,47,45,86,56,46,118,87,93,206,165,38,80,151,14,80,56,10,81,76,34,81,105,743,20
27,48,59,83,42,26,55,55,54,102,81,21,80,69,13,96,72,12,54,95,44,70,86,74,129,100,1,56,56,614,20
71,36,65,44,36,12,50,55,69,105,140,50,115,86,1,45,66,34,70,78,90,102,126,47,97,59,26,81,76,686,20
85,26,26,4,65,43,103,4,95,121,180,523,549,549,78,82,104,53,118,57,34,77,99,24,127,67,100,104,203,1263,20
45,36,56,15,50,40,83,55,42,78,87,119,175,155,42,57,98,32,82,47,39,79,89,10,93,50,14,69,97,678,20
48,11,62,66,56,29,4,51,45,56,93,55,117,66,24,90,86,1,57,67,56,85,112,62,66,91,69,120,73,639,20
40,29,25,3,94,45,58,46,17,46,57,46,71,75,67,70,92,66,160,69,14,59,108,33,91,78,15,61,73,598,20
95,93,95,118,349,60,104,129,194,287,289,92,187,185,78,196,173,56,405,174,3445,3505,3794,115,219,175,67,196,171,5090,20
60,106,129,107,94,82,107,107,91,197,151,55,184,161,45,152,174,88,182,195,115,197,209,78,185,160,56,163,163,1320,20
50,119,95,94,106,117,107,93,65,184,115,76,171,195,91,185,186,91,197,185,79,196,185,77,184,194,104,197,211,1364,20
65,120,118,140,116,129,152,107,79,199,144,75,193,195,69,209,187,78,194,218,81,210,197,158,310,287,115,222,267,1602,20
84,106,106,106,106,110,118,141,80,186,164,77,183,183,80,186,186,77,183,183,68,178,174,62,180,172,46,187,164,1367,20
48,83,95,106,82,71,107,103,102,185,150,89,184,172,79,185,174,102,184,208,127,198,209,89,196,160,1932,2035,2039,3215,20
3,57,28,45,57,74,39,4,113,170,116,123,151,180,764,809,792,45,102,90,9,83,66,29,68,103,54,58,93,1444,20
80,29,61,15,48,78,39,49,19,48,99,42,103,71,53,68,114,33,81,48,22,100,70,24,63,102,21,70,60,613,20
11,2,25,92,55,54,27,75,54,56,65,80,105,82,27,119,52,1,56,93,16,70,71,53,80,107,32,107,59,604,20
25,4,14,3,81,71,3,19,79,83,104,66,80,70,100,103,114,22,103,25,1,72,82,34,37,105,76,95,79,598,20
53,93,65,51,4,30,87,30,2,95,55,2,67,95,19,70,84,54,58,105,54,84,58,49,136,79,15,45,102,608,20
39,37,59,48,38,71,23,27,42,79,81,22,81,59,33,81,92,20,58,68,24,95,62,36,59,107,53,80,76,572,20
13,2,37,55,38,73,4,29,75,77,88,55,92,57,40,95,77,30,68,85,11,84,49,52,56,125,78,107,82,592,20
58,47,72,80,43,28,12,83,90,137,148,80,152,127,2,82,74,15,58,95,65,93,108,67,79,95,32,115,44,774,20
23,7,37,51,83,45,4,50,78,85,101,44,81,51,64,115,101,1,84,52,1,46,84,53,57,98,67,117,71,608,20
61,53,28,71,12,14,12,51,37,90,98,22,50,75,33,104,61,46,58,117,54,68,66,73,85,87,39,90,51,606,21
94,47,75,96,106,84,103,40,574,621,668,2050,2125,2097,4803,4899,4878,222,328,318,437,521,543,788,891,872,363,403,466,9882,21
66,34,99,58,25,63,37,63,403,437,469,118,217,152,431,489,530,227,252,285,1922,1985,1947,94,131,157,2119,2182,2156,5759,21
46,117,79,76,42,79,57,65,72,189,118,70,149,187,27,103,106,116,158,192,46,125,88,56,113,135,431,496,488,1379,21
29,82,55,77,12,36,59,7,166,248,195,113,168,195,165,242,220,227,239,304,259,295,271,374,433,410,439,446,498,2100,21
9,77,73,68,26,68,45,64,74,151,83,60,133,137,23,91,96,823,849,891,46,114,72,475,520,543,96,160,141,2027,21
64,63,65,63,47,61,46,36,110,173,174,105,170,168,509,572,574,507,554,570,261,322,308,230,276,291,474,510,520,2641,21
28,75,65,40,37,53,77,64,169,244,197,158,223,233,223,263,288,155,192,195,226,279,263,141,218,194,2069,2133,2146,3580,21
11,35,76,12,10,57,90,76,49,84,60,21,97,56,183,195,259,71,81,83,233,290,243,9,99,66,46,122,136,979,21
10,4,54,15,10,30,17,69,55,59,65,94,148,98,71,86,125,73,83,88,52,82,62,45,62,75,37,106,54,636,21
19,57,72,8,3,43,8,51,30,87,49,2,74,59,71,79,143,68,71,76,47,90,50,43,51,86,10,61,18,532,21
110,76,106,62,62,9,30,4,101,177,211,118,224,194,105,167,211,991,1053,1053,58,67,120,87,117,96,31,35,61,1950,21
26,14,69,75,14,3,67,89,119,133,145,20,89,34,2,77,71,75,89,150,60,63,74,58,125,61,44,133,111,735,21
53,91,86,71,152,111,12,78,96,187,149,107,193,198,77,148,163,88,240,159,49,160,201,71,83,182,95,173,107,1237,21
20,90,98,76,80,79,91,81,225,315,245,116,214,206,66,142,164,107,187,183,43,122,123,72,163,151,21,102,112,1265,21
23,114,52,55,38,61,183,17,474,588,497,31,83,145,94,149,146,53,91,108,19,80,57,72,255,133,83,100,266,1369,21
85,40,49,11,46,70,90,77,91,131,176,296,345,336,228,239,277,112,158,123,71,141,117,20,110,90,23,100,113,1309,21
53,80,106,32,85,9,13,5,95,175,148,70,176,150,2,34,108,81,166,113,26,35,111,46,59,55,71,76,84,774,21
23,4,5,5,41,4,33,91,61,65,84,71,76,75,68,73,73,48,89,53,75,79,116,2,35,6,62,153,95,593,21
36,85,36,7,67,60,53,56,2,87,38,11,47,96,93,100,129,19,86,26,2,62,69,104,157,164,46,102,99,677,21
55,74,28,40,43,4,68,6,1,75,56,36,64,110,62,102,90,55,98,95,62,66,105,57,125,61,35,41,103,626,21
66,12,29,34,28,4,26,2,64,76,130,63,92,75,26,60,55,22,50,56,124,128,152,2,28,6,31,33,57,533,21
26,22,6,28,20,46,5,4,53,75,79,23,29,45,7,35,13,37,57,65,37,83,57,46,51,92,32,36,37,392,21
23,9,13,3,15,16,4,33,71,80,94,56,69,65,22,25,35,23,38,26,48,64,63,33,37,49,23,56,27,392,21
7,30,9,5,30,14,16,5,41,71,48,49,58,79,77,82,86,21,51,26,62,76,92,86,102,100,5,10,21,457,21
6,4,15,13,11,2,27,4,45,49,51,47,62,51,70,83,85,62,73,75,70,72,81,36,63,38,28,32,55,440,21
8,4,7,14,34,5,3,25,32,36,40,25,32,29,34,48,41,17,51,31,52,57,86,22,25,27,24,49,27,306,21
4,21,36,15,4,29,11,4,20,41,24,2,38,23,22,37,58,47,51,62,23,52,27,53,64,82,23,27,34,314,21
5,5,115,7,13,68,11,20,33,38,38,25,140,30,56,63,171,92,105,99,44,112,57,21,32,89,72,92,83,587,21
48,4,38,7,56,41,16,18,158,162,206,53,91,57,127,134,165,15,71,22,50,91,106,4,20,45,36,54,52,671,21
38,45,71,81,135,135,27,3,37,82,75,55,126,100,3,84,74,7,142,88,29,164,164,269,296,404,22,25,49,957,22
134,131,157,115,107,126,101,123,148,279,282,191,348,322,327,442,484,3201,3308,3316,125,251,232,144,245,270,2314,2437,2415,7444,22
132,134,123,151,143,107,130,127,218,352,350,187,310,321,223,374,346,679,822,830,191,298,334,281,411,388,297,424,427,3123,22
140,119,152,116,130,137,120,115,221,340,361,218,370,337,176,292,328,278,408,394,245,382,375,202,322,339,419,534,539,2788,22
119,154,134,165,161,112,104,92,184,338,303,181,315,335,171,336,305,329,490,494,340,452,501,289,393,401,809,901,913,3344,22
90,122,93,28,125,134,124,96,130,252,220,67,160,189,150,178,243,149,274,177,523,657,648,432,556,566,575,671,699,2838,22
113,78,95,94,116,105,88,92,129,207,242,134,229,212,159,253,254,204,320,298,251,356,367,209,297,314,366,458,454,2233,22
88,51,91,93,118,102,128,100,196,247,284,270,361,321,236,329,327,367,485,460,375,477,493,251,379,353,185,285,313,2651,22
97,108,108,92,133,133,118,101,198,306,295,163,271,271,187,279,295,229,362,321,327,460,460,219,337,352,260,361,378,2473,22
151,125,123,116,132,138,101,89,205,330,356,260,383,385,351,467,474,657,789,773,676,814,808,245,346,383,241,330,342,3610,22
131,103,83,78,84,63,63,69,457,560,588,424,507,527,95,173,178,325,409,403,118,181,202,335,398,398,100,169,163,2528,22
64,76,85,86,62,61,76,60,482,558,546,306,391,382,380,466,465,676,738,762,136,197,198,172,248,233,485,545,561,3207,22
67,78,75,87,66,71,64,78,329,407,396,295,370,373,311,398,386,218,284,305,255,326,321,285,349,356,169,247,233,2448,22
69,70,61,63,61,66,59,74,135,205,204,142,203,212,157,220,218,218,279,281,156,222,217,171,230,237,166,240,225,1668,22
172,109,144,160,175,102,168,117,104,213,276,235,379,344,62,222,206,217,392,377,114,216,289,242,410,344,312,429,480,2433,22
89,69,60,97,84,42,60,92,113,182,202,107,167,176,143,240,203,550,634,647,138,180,222,130,190,172,153,245,213,1927,22
97,83,67,66,90,62,87,18,138,221,235,98,165,181,125,191,192,303,393,369,104,166,194,119,206,181,309,327,396,1766,22
95,92,114,101,96,85,100,108,122,214,217,141,255,233,128,229,242,146,242,247,282,367,378,136,236,221,114,222,214,1860,22
114,117,104,105,103,112,89,73,119,236,233,122,226,239,133,238,237,273,376,378,175,287,278,89,178,201,207,280,296,1935,22
108,133,154,27,141,65,64,51,160,293,268,171,325,304,108,135,262,64,205,91,1035,1100,1176,160,224,225,156,207,220,2597,22
73,77,60,57,121,65,54,27,169,246,242,153,213,230,174,231,234,369,490,426,114,179,235,158,212,223,277,304,331,1948,22
64,60,60,59,70,45,66,51,171,231,235,163,223,223,153,212,213,466,536,525,149,194,219,124,190,169,638,689,704,2339,22
97,109,117,109,93,108,125,126,103,212,200,113,230,222,96,205,213,80,173,189,96,204,189,106,231,214,96,222,221,1574,22
114,75,92,101,76,84,52,88,105,180,219,97,189,172,97,198,189,88,164,189,120,204,196,105,157,189,96,184,148,1390,22
89,101,4,44,94,59,5,62,23,124,112,53,57,154,89,133,93,37,131,81,23,82,117,71,76,130,65,127,70,819,22
111,78,80,24,41,205,72,112,39,117,150,50,130,128,57,81,137,90,131,114,53,258,94,67,139,272,2,114,74,1081,22
14,23,69,8,52,17,28,87,108,131,122,63,132,86,88,96,157,33,85,41,61,78,113,70,98,87,58,145,86,779,22
9,29,58,110,107,49,10,46,116,145,125,55,113,84,23,133,81,2,109,112,17,66,124,82,92,131,67,113,77,780,22
116,55,29,56,85,65,19,39,40,95,156,88,117,143,68,124,97,28,113,84,12,77,97,72,91,137,50,89,69,822,22
42,5,110,28,11,69,88,114,162,167,204,3,113,8,37,65,147,121,132,149,44,113,55,11,99,80,1,115,89,846,22
105,91,64,61,93,4,45,92,2,93,107,32,96,123,80,141,144,15,108,76,43,47,136,70,115,74,26,118,71,823,23
149,93,87,122,133,136,123,88,170,263,319,213,300,306,279,401,366,204,337,326,226,362,359,198,321,334,215,303,338,2436,23
77,111,99,98,110,99,89,87,214,325,291,217,316,328,254,352,353,252,362,350,215,314,325,595,684,694,342,429,431,2859,23
60,88,87,88,110,110,109,76,161,249,221,191,278,279,217,305,304,216,326,304,186,296,296,160,269,270,483,559,592,2342,23
81,99,88,110,109,87,88,87,151,250,232,190,278,289,219,329,307,218,327,328,225,312,334,254,342,341,942,1029,1030,2948,23
85,111,100,99,72,98,87,61,132,243,217,191,291,302,192,291,292,1297,1369,1396,195,293,267,231,318,329,2176,2237,2263,5127,23
80,89,99,88,87,77,88,98,150,239,230,177,276,266,183,271,282,787,874,875,177,254,264,267,355,344,423,521,511,2870,23
95,121,88,110,99,85,100,99,80,201,175,193,281,314,194,304,282,216,315,326,510,595,609,1368,1468,1453,162,261,262,3520,23
78,122,88,88,88,99,96,110,83,205,161,159,247,281,195,283,283,224,312,312,215,314,303,1119,1215,1218,97,207,193,2861,23
102,111,88,100,88,95,99,99,102,213,204,148,236,259,161,261,249,276,364,376,714,809,802,97,196,192,127,226,226,2407,23
68,110,100,99,88,77,117,122,116,226,184,147,247,257,162,261,262,193,281,292,194,271,282,721,838,798,96,218,213,2410,23
99,110,86,99,98,94,98,100,123,233,222,152,238,262,162,261,248,159,257,258,850,944,948,87,185,181,116,216,214,2433,23
67,89,77,78,89,78,89,53,137,226,204,127,204,216,150,228,227,126,215,204,118,196,207,115,204,193,717,770,806,2110,23
57,78,79,89,77,78,65,66,540,618,597,51,130,129,20,109,99,30,107,119,54,132,131,51,116,129,76,142,141,1411,23
67,77,78,56,68,78,69,67,63,140,130,83,161,160,43,99,121,62,130,118,30,108,98,85,154,163,38,105,107,964,23
52,76,89,78,101,110,89,78,416,492,468,64,153,140,51,129,140,74,175,152,61,171,162,54,143,164,73,151,162,1466,23
87,90,87,78,77,89,123,100,75,165,162,73,160,163,43,121,130,95,172,173,75,164,152,51,174,140,41,141,164,1184,23
74,87,55,65,78,68,68,89,61,148,135,77,132,164,109,174,164,73,151,138,74,142,152,83,151,151,74,163,142,1135,23
73,99,89,88,78,77,67,66,63,162,136,74,163,173,76,164,165,62,140,150,86,163,164,85,152,162,97,163,164,1180,23
107,87,79,76,78,88,89,45,46,133,153,51,130,138,164,240,243,75,153,151,73,161,151,64,153,152,94,139,183,1216,23
89,90,77,66,45,79,56,101,94,184,183,106,183,196,118,184,195,95,140,161,126,205,171,139,195,218,85,186,141,1366,23
67,98,88,88,88,78,120,78,2545,2643,2612,65,153,163,84,172,172,74,162,162,74,152,162,65,185,143,62,140,182,3674,23
66,77,89,88,99,88,89,89,83,160,149,84,173,161,85,173,174,52,151,140,118,206,217,63,152,151,62,151,151,1232,23
66,79,76,66,56,100,67,67,91,170,157,96,172,175,86,152,162,95,151,161,85,185,141,62,129,162,87,154,154,1179,23
83,101,111,77,78,44,66,100,73,174,156,62,173,163,54,131,165,73,151,150,119,163,197,95,161,139,97,197,163,1233,23
105,80,87,78,99,89,77,66,76,156,181,71,158,151,66,144,153,62,161,140,54,143,153,117,194,206,75,141,152,1202,23
75,99,99,68,68,78,55,87,73,172,148,52,151,151,76,144,175,71,139,139,107,185,175,95,150,173,99,186,154,1202,23
89,77,99,78,111,66,87,66,57,134,146,86,185,163,64,142,163,62,173,140,43,109,154,95,182,161,78,144,165,1158,23
102,88,99,77,89,100,88,35,77,165,179,74,173,162,97,174,196,95,184,172,64,164,153,62,150,162,86,121,174,1233,23
109,87,99,100,100,78,95,89,54,141,163,73,172,160,64,164,163,62,162,162,74,152,174,84,179,162,58,147,153,1226,23
76,110,109,98,88,101,99,99,62,172,138,75,184,185,55,153,164,63,151,161,74,175,162,51,150,152,54,153,153,1214,24
35,46,37,31,52,49,51,47,333,379,368,364,401,410,136,167,173,3093,3145,3124,114,163,166,118,169,167,117,164,168,4623,24
41,52,49,54,39,47,50,35,114,166,155,366,415,418,115,169,164,458,497,512,122,169,161,96,146,143,100,135,150,1738,24
41,52,48,51,52,53,35,51,99,151,140,183,231,235,99,150,147,482,534,533,97,150,149,130,165,183,115,166,150,1588,24
55,33,33,52,52,18,35,36,150,183,205,219,252,252,62,114,95,98,150,150,82,100,134,98,133,116,98,134,133,1121,24
38,34,84,50,71,86,69,68,113,147,151,183,267,217,119,169,203,96,167,146,29,115,100,63,132,149,64,132,133,1167,24
29,33,36,71,72,69,88,68,200,233,229,80,116,113,48,119,84,47,119,118,61,130,133,46,134,115,146,214,234,1094,24
44,51,51,69,19,68,70,52,81,132,125,83,134,134,64,133,115,66,85,135,64,132,83,65,135,133,46,98,116,893,24
51,53,120,53,54,103,55,51,99,152,150,79,199,132,79,132,199,116,170,169,77,180,131,81,136,184,79,130,134,1150,24
57,69,36,53,68,53,54,74,81,150,138,82,118,151,30,83,66,64,132,117,31,84,99,63,117,116,80,154,134,895,24
42,69,86,69,70,51,52,56,98,167,140,63,149,132,48,117,134,47,117,116,63,114,133,100,152,151,1391,1447,1443,2305,24
57,22,52,36,32,147,51,67,63,85,120,78,130,100,81,117,133,116,148,152,71,218,103,82,133,229,83,150,134,1038,24
57,48,152,69,35,64,35,68,117,165,174,199,351,247,64,133,216,99,134,168,65,129,100,69,104,133,163,231,198,1304,24
40,69,57,56,70,70,35,55,98,167,138,48,105,117,42,98,99,44,114,100,46,116,116,98,133,168,186,241,221,1014,24
89,51,137,53,53,87,88,66,69,120,158,81,218,132,63,116,200,81,134,134,62,149,115,45,133,132,32,98,120,1057,24
42,35,55,71,69,168,35,53,92,127,134,83,138,118,43,114,98,30,99,101,81,249,150,64,99,232,82,135,117,1003,24
53,66,119,35,66,69,49,49,118,184,171,99,218,165,79,114,198,185,251,220,64,133,130,49,98,118,84,133,133,1184,24
40,52,69,69,67,68,71,57,98,150,138,65,134,117,48,117,117,65,132,134,64,132,131,66,137,134,62,119,133,961,24
6,19,50,35,68,53,51,69,98,117,104,97,147,116,99,134,149,66,134,101,81,134,149,80,131,133,66,135,117,938,24
41,55,52,51,38,50,51,58,95,150,136,79,131,134,98,149,150,64,102,115,64,114,102,49,100,99,82,140,133,927,24
77,68,51,48,34,68,71,69,81,149,158,99,150,167,168,216,219,100,134,148,83,151,117,64,135,132,45,114,116,1126,24
17,53,118,74,26,86,67,84,95,148,112,98,216,151,97,171,215,70,96,144,46,132,72,49,116,135,49,133,116,1029,24
51,35,51,50,52,37,54,54,115,150,166,65,116,100,66,116,117,67,119,117,81,118,133,79,133,116,46,100,100,903,24
22,34,52,36,61,52,85,70,97,131,119,64,116,98,82,118,134,80,141,116,56,108,117,48,133,100,47,117,132,886,24
41,35,53,69,51,35,68,69,95,130,136,64,117,99,48,117,101,64,115,133,83,118,134,48,116,83,47,116,115,870,24
50,52,68,36,52,37,71,68,82,134,132,81,149,133,65,101,133,81,133,117,81,118,133,62,133,99,46,114,117,932,24
7,20,42,53,69,70,50,53,89,109,96,80,122,100,74,127,116,29,98,82,65,135,134,166,216,236,80,133,130,947,24
47,52,136,53,54,69,52,54,70,122,117,81,217,133,80,133,216,80,134,133,47,116,101,63,115,132,81,135,133,1019,24
35,70,70,54,52,53,70,54,96,166,131,62,132,132,62,116,132,65,117,119,80,133,132,30,100,83,46,100,116,899,24
35,73,53,70,50,59,53,68,79,152,114,61,114,134,47,117,100,65,115,135,82,141,132,23,76,82,31,99,84,849,24
41,70,85,54,34,54,35,69,99,169,140,29,114,99,48,102,133,81,115,135,64,118,98,81,116,135,47,116,82,891,25
33,53,56,34,40,54,55,57,147,200,180,543,599,596,802,836,858,327,367,361,346,400,386,293,348,347,355,412,410,3195,25
51,66,45,64,75,66,63,68,814,880,865,187,232,253,395,459,440,294,369,358,274,340,349,292,355,358,337,405,400,3091,25
64,77,65,74,85,83,84,59,209,286,273,310,375,387,262,336,327,295,380,369,262,345,347,275,359,358,233,292,317,2437,25
68,54,57,53,40,36,126,53,165,219,233,233,290,287,228,281,285,195,235,248,131,167,171,129,255,165,140,193,266,1708,25
54,21,30,62,73,33,49,43,113,134,167,121,151,142,114,176,144,71,144,133,121,154,194,110,159,143,473,516,522,1488,25
44,31,55,43,38,33,44,45,365,396,409,244,299,275,161,204,216,318,356,361,776,809,814,131,175,164,304,349,348,2632,25
36,62,95,40,47,63,66,29,183,245,219,204,299,266,151,191,246,142,189,182,148,211,195,90,156,153,346,375,412,1702,25
36,49,43,33,42,33,19,32,161,210,197,133,176,182,201,234,244,152,194,185,603,636,645,131,150,164,113,145,132,1781,25
37,38,43,57,33,26,33,53,115,153,152,143,186,181,143,200,186,94,127,151,121,147,154,301,334,327,120,173,153,1357,25
82,60,70,153,65,101,123,83,10,70,92,82,152,142,2,155,72,13,78,166,34,135,99,64,187,165,125,208,248,1067,25
16,16,12,34,3,57,5,34,30,46,46,150,162,166,71,105,83,37,40,71,2,59,5,79,84,136,46,80,51,592,25
28,41,24,23,33,35,32,44,107,148,135,112,136,153,109,132,133,120,153,143,99,134,132,98,130,133,100,144,132,1005,25
17,14,3,29,46,65,37,43,1,15,18,2,5,16,18,47,21,1,47,30,60,125,106,1,38,66,130,173,167,467,25
57,108,41,53,53,43,32,44,8,116,65,21,62,129,60,113,101,28,81,81,112,155,165,38,70,81,60,104,92,758,25
39,65,5,3,12,103,12,19,71,136,110,17,22,82,18,21,23,116,128,119,32,135,44,38,50,141,92,111,104,642,25
60,62,16,12,37,34,6,21,9,71,69,62,78,124,44,56,60,12,49,24,21,55,58,37,43,71,26,47,32,459,25
42,42,27,43,7,42,4,91,89,131,131,14,41,56,69,112,96,25,32,68,81,123,88,19,23,61,38,129,42,633,25
28,41,55,4,54,31,55,101,9,50,37,70,125,111,26,30,81,58,112,62,8,39,62,81,136,112,41,142,96,662,25
134,42,51,74,27,100,6,106,7,49,141,83,134,125,92,166,143,17,44,91,46,146,73,4,10,104,41,147,47,830,25
40,33,53,28,77,58,60,34,8,41,48,81,134,114,2,30,55,27,104,55,26,84,103,17,77,75,28,62,88,572,25
25,33,41,13,39,45,7,22,110,143,135,29,70,62,184,197,225,132,171,145,152,197,191,82,89,127,10,32,17,924,25
16,83,24,52,29,46,22,52,38,121,54,39,63,122,68,120,92,124,153,176,30,76,59,137,159,183,40,92,62,800,25
32,94,57,54,19,54,99,42,46,140,78,10,67,104,73,127,130,2,21,56,68,122,87,43,142,97,11,53,110,704,25
45,36,24,84,22,64,51,64,120,156,165,16,40,52,58,142,82,2,24,86,65,129,87,3,54,67,45,109,96,699,25
30,74,95,63,66,28,82,66,709,783,739,36,131,110,10,73,105,37,103,100,66,94,132,45,127,73,19,85,101,1426,25
37,67,23,44,17,56,103,36,59,126,96,35,58,102,80,124,103,18,35,62,73,129,90,37,140,93,25,61,128,710,25
60,109,21,4,30,44,11,53,32,141,92,125,146,234,16,20,37,121,151,125,81,125,111,2,13,46,67,120,78,776,25
50,64,10,21,35,64,49,47,19,83,69,59,69,123,81,102,91,30,65,51,21,85,56,23,72,87,53,100,102,626,25
30,33,52,113,53,13,10,1,27,60,57,50,102,83,30,143,82,40,93,153,80,93,133,69,79,82,33,34,43,634,25
31,42,34,16,75,45,64,10,70,112,101,131,165,173,219,235,253,76,151,92,78,123,153,67,131,112,28,38,92,986,26
146,118,116,153,111,129,140,99,72,190,218,281,397,399,234,387,350,310,421,463,257,386,368,327,467,456,312,411,452,2805,26
124,70,151,117,120,120,111,105,216,286,340,470,621,540,233,350,384,412,532,529,228,348,348,320,431,440,221,326,332,3018,26
97,88,141,105,138,141,81,92,308,396,405,255,396,343,211,316,352,330,468,435,164,305,302,386,467,527,352,444,433,2889,26
85,108,107,116,84,110,106,125,310,418,395,233,340,341,387,503,494,268,352,384,310,420,394,338,444,448,436,561,542,3123,26
16,5,25,5,11,5,26,5,156,161,172,466,491,471,113,118,138,350,361,355,112,117,123,443,469,448,88,93,114,1826,26
95,126,102,116,104,68,105,66,446,572,541,482,584,608,364,480,466,351,455,467,448,516,552,374,479,442,389,455,494,3636,26
97,103,99,113,93,113,112,75,513,616,610,462,561,565,379,492,478,457,550,570,483,596,576,448,560,561,312,387,424,3859,26
94,117,93,93,104,98,98,49,221,338,315,398,491,515,387,480,480,339,443,432,312,410,416,310,408,408,328,377,426,3041,26
94,111,109,93,84,89,105,93,222,333,316,227,336,338,372,465,481,221,305,314,309,398,393,210,315,299,327,420,432,2666,26
143,117,128,115,105,94,106,99,337,454,480,433,561,550,341,456,469,328,433,443,327,421,432,280,386,374,310,409,416,3263,26
49,82,94,106,104,82,82,83,255,337,304,245,339,327,350,456,444,270,374,376,269,351,373,327,409,409,269,352,351,2667,26
126,129,95,106,106,112,93,106,231,360,357,233,328,362,199,305,294,151,257,257,175,287,281,145,238,257,164,270,257,2171,26
60,83,85,80,95,76,87,69,210,293,270,162,247,245,174,254,259,387,482,467,101,177,196,112,199,188,137,206,224,1918,26
80,84,84,92,95,71,63,108,120,204,200,113,197,197,141,233,225,80,175,172,118,189,213,103,166,174,77,185,140,1429,26
99,96,93,95,71,70,94,86,77,173,176,187,280,283,163,258,256,150,221,245,163,233,234,153,247,223,140,226,234,1737,26
11,33,87,71,74,73,85,92,129,162,140,162,249,195,112,183,199,128,202,199,111,184,185,114,199,187,211,303,296,1493,26
57,73,62,73,61,50,61,73,103,176,160,102,164,175,90,163,152,103,164,176,90,140,151,91,152,141,103,176,164,1192,26
67,99,49,73,49,108,84,74,80,179,147,88,137,187,79,152,128,115,164,188,44,152,93,93,177,201,78,152,162,1180,26
75,95,89,61,98,80,84,103,64,159,139,80,169,175,98,159,187,91,189,152,53,133,151,96,180,176,293,396,377,1460,26
96,86,94,83,88,96,76,72,88,174,184,54,148,140,71,154,165,80,168,163,64,160,152,79,155,175,99,171,175,1226,26
92,62,25,6,5,49,3,84,45,107,137,220,245,282,80,86,105,97,102,103,207,256,212,91,94,140,67,151,70,1133,26
28,5,65,24,41,6,38,39,74,79,102,53,118,58,81,105,146,41,82,65,75,81,116,89,127,95,53,92,91,712,26
40,6,42,63,95,58,21,12,94,100,134,44,86,50,145,208,187,34,129,97,22,80,117,67,88,125,54,66,75,797,26
61,27,75,44,66,75,72,48,54,81,115,57,132,84,25,69,100,40,106,84,17,92,83,23,95,98,12,60,84,696,26
42,6,40,18,63,57,75,54,72,78,114,65,105,71,63,81,103,55,118,73,47,104,110,102,177,159,34,88,109,793,26
65,16,62,17,84,86,36,52,49,65,114,55,117,71,52,69,114,22,106,39,9,95,93,184,220,270,28,80,64,817,26
30,56,30,15,63,55,76,65,81,137,111,41,71,97,90,105,120,41,104,56,48,103,111,9,85,64,42,107,118,742,26
37,36,54,56,91,75,52,13,68,104,105,132,186,168,27,83,81,28,119,84,125,200,216,26,78,101,67,80,119,887,26
4,2,4,2,18,36,95,55,88,90,92,92,96,94,90,92,94,91,109,93,53,89,71,45,140,81,1,56,96,676,26
46,41,79,43,64,78,53,40,63,104,109,32,111,73,21,64,100,44,108,87,27,105,91,38,91,116,44,84,97,713,27
179,138,119,100,77,101,92,135,176,314,355,155,274,293,142,242,261,243,320,343,141,242,218,185,277,286,167,302,259,2150,27
110,102,100,60,118,86,91,110,156,258,266,159,259,261,142,202,242,167,285,227,166,252,284,234,325,320,201,311,292,2002,27
92,69,86,84,111,93,118,152,199,268,291,166,252,235,174,258,260,226,337,310,98,191,209,168,286,261,158,310,276,1994,27
119,93,90,85,75,102,93,110,206,299,325,161,251,254,134,219,224,150,225,235,84,186,159,116,209,218,183,293,276,1801,27
109,102,75,102,109,119,94,135,141,243,250,183,258,285,151,253,226,125,234,227,159,278,268,904,998,1023,174,309,268,2682,27
104,84,93,72,76,93,85,76,137,221,241,176,269,260,264,336,357,167,243,239,150,243,226,142,227,235,108,184,193,1827,27
99,84,66,84,100,84,110,101,93,177,192,142,208,226,144,228,210,84,184,168,42,126,142,150,260,234,201,302,311,1584,27
116,95,59,76,101,97,104,110,93,188,209,81,140,176,108,184,167,185,286,261,95,192,196,125,229,222,114,224,218,1559,27
92,96,83,93,76,93,85,75,134,230,226,63,146,159,168,261,251,92,168,185,150,243,226,108,193,201,755,830,840,2163,27
83,101,87,101,84,118,85,93,90,191,173,125,212,226,73,174,160,100,184,201,101,219,185,183,268,301,150,243,235,1574,27
101,93,101,51,125,86,135,118,49,142,150,176,277,269,117,168,218,327,452,378,125,211,250,233,368,319,368,486,503,2205,27
91,101,85,101,84,127,92,103,117,218,208,151,236,252,158,259,243,184,268,285,150,277,234,268,360,395,335,438,427,2147,27
51,84,101,110,110,136,110,102,132,216,183,251,352,335,184,294,285,293,403,403,377,513,487,232,342,368,377,479,487,2650,27
82,93,93,93,84,102,84,92,85,178,167,149,242,242,117,210,210,166,250,259,151,253,235,335,419,437,234,326,318,1960,27
74,101,108,68,93,101,92,103,83,184,157,303,411,404,260,328,368,452,545,520,91,192,184,319,411,420,184,287,276,2432,27
100,92,93,86,84,67,76,109,243,335,343,143,236,235,199,285,292,217,301,303,218,285,302,327,403,394,1669,1778,1745,3723,27
79,85,76,93,86,111,76,112,111,196,190,150,226,235,125,218,201,75,161,168,65,176,151,91,167,202,141,253,217,1476,27
101,76,78,93,101,93,109,151,174,250,275,552,630,628,99,192,177,150,251,243,176,269,277,444,553,537,587,738,696,2984,27
111,109,86,85,93,110,67,93,87,196,198,142,228,251,124,209,210,259,352,344,66,176,159,176,243,286,117,210,184,1725,27
75,101,75,109,85,111,110,101,74,175,149,143,218,244,218,327,293,100,185,209,292,403,377,854,964,965,268,369,378,2716,27
88,118,100,101,67,60,85,101,211,329,299,605,705,723,285,386,385,503,570,604,125,185,192,234,319,294,326,427,411,3009,27
101,119,94,83,101,143,135,102,98,217,199,309,403,428,410,493,504,244,345,327,200,343,301,319,454,462,283,385,418,2741,27
134,146,84,102,126,93,101,100,124,270,258,358,442,504,243,345,327,351,477,453,335,428,461,285,386,378,579,679,680,3161,27
83,100,109,92,118,110,127,161,251,351,334,118,227,218,252,344,361,193,311,285,276,386,394,343,470,453,317,478,444,2650,27
126,101,86,126,76,94,102,84,125,226,251,117,203,218,208,334,294,193,269,319,334,428,410,326,428,420,192,276,294,2290,27
114,76,94,77,93,135,110,85,60,136,174,159,253,235,157,234,251,469,562,546,1526,1661,1619,326,436,461,208,293,318,3689,27
100,102,104,118,59,93,101,135,107,209,207,133,237,235,325,443,429,586,645,704,142,235,201,293,394,386,377,512,478,2775,27
99,84,102,68,84,118,85,84,82,166,181,135,237,219,132,200,234,201,285,269,259,377,343,235,320,353,200,284,285,1968,27
100,82,51,76,57,111,101,110,242,324,342,288,339,370,108,184,159,186,243,262,176,287,233,149,250,260,167,277,268,2004,27
83,128,85,86,42,68,102,92,58,186,141,132,217,260,108,194,193,266,308,352,134,202,176,167,269,235,251,343,353,1802,28
42,53,68,69,66,78,66,40,306,359,348,315,383,368,316,385,384,318,384,387,290,368,356,275,341,353,251,291,317,2553,28
113,90,87,80,79,86,88,63,336,426,449,325,412,415,331,411,418,339,418,419,356,442,435,358,446,444,245,308,333,2976,28
24,66,66,78,52,53,44,78,105,171,129,349,415,415,91,169,157,461,513,539,118,171,170,392,436,445,100,178,144,2077,28
5,34,58,54,26,71,56,78,114,148,119,542,600,576,90,144,148,546,572,600,100,171,126,456,512,527,84,162,140,2314,28
48,88,78,71,52,60,54,71,76,164,124,647,725,735,101,172,179,648,700,719,100,160,152,579,633,639,100,171,154,2773,28
31,72,54,78,59,80,69,88,93,165,124,443,497,515,88,166,142,557,616,635,82,162,141,424,493,504,76,164,145,2294,28
26,79,41,79,51,80,48,88,102,181,128,472,513,551,99,178,140,446,497,525,107,187,158,496,544,576,92,180,140,2306,28
37,79,65,85,53,73,58,54,77,156,114,404,469,483,86,171,151,495,548,580,108,181,161,417,475,490,108,162,166,2199,28
43,78,62,88,58,79,49,82,80,158,123,369,431,447,71,159,133,385,443,473,100,179,158,345,394,424,95,177,144,1984,28
48,87,35,78,63,61,42,53,67,154,115,357,392,444,93,171,128,382,445,460,100,161,163,351,393,412,108,161,150,1925,28
27,75,69,84,76,104,81,48,196,271,223,207,276,282,196,280,265,188,264,272,185,289,261,235,316,339,221,269,302,1992,28
50,68,84,68,67,86,67,72,199,267,249,195,279,263,190,258,274,213,280,281,187,273,254,196,263,282,142,214,209,1884,28
25,70,86,66,82,75,76,53,189,259,214,235,321,305,188,254,274,226,308,292,181,256,263,215,291,290,158,211,234,1925,28
53,70,83,95,107,93,65,87,178,248,231,198,281,268,180,275,263,188,295,283,146,239,253,191,256,284,143,230,208,1877,28
91,94,110,95,107,85,113,78,171,265,262,206,316,300,171,266,281,196,303,291,164,249,271,202,315,287,147,225,260,2030,28
48,78,110,108,109,101,91,86,159,237,207,215,325,293,155,263,265,174,283,282,142,243,251,209,300,310,154,240,245,1939,28
63,96,132,117,120,93,80,78,153,249,216,172,304,268,135,252,267,175,295,292,138,231,258,1799,1879,1892,101,179,181,3452,28
80,82,91,82,94,101,68,71,147,229,227,233,324,315,148,230,239,374,468,456,218,319,312,2040,2108,2141,108,179,176,3937,28
86,100,121,129,118,118,109,110,190,290,276,229,350,329,196,325,317,220,338,349,190,308,308,198,307,316,154,264,263,2268,28
65,80,93,113,110,107,108,90,145,225,210,202,295,282,169,282,262,196,306,309,154,261,264,210,318,317,158,248,266,2000,28
38,77,58,112,91,68,84,87,239,316,277,188,246,265,228,340,286,182,273,294,154,222,245,273,357,341,103,190,187,1982,28
25,92,76,102,91,69,78,73,233,325,258,162,238,254,221,323,297,172,263,274,136,205,227,178,256,247,134,207,212,1842,28
38,93,85,83,70,85,62,48,199,292,237,153,238,246,178,261,263,145,215,228,204,289,274,126,188,211,3031,3079,3093,4600,28
53,85,76,66,108,71,77,60,224,309,277,163,239,248,239,305,315,179,287,245,152,223,260,215,292,286,143,203,220,1911,28
86,94,85,108,94,64,60,77,204,298,290,182,267,276,213,321,298,145,239,253,158,222,252,214,274,278,142,219,202,1926,28
75,108,90,119,101,77,89,97,191,299,266,156,246,264,216,335,306,152,253,271,153,230,254,259,348,336,117,214,206,2000,28
81,91,104,110,103,60,92,83,181,272,262,159,263,250,214,324,318,179,282,289,193,253,296,283,375,343,141,224,233,2074,28
35,77,100,112,82,84,100,79,207,284,242,161,261,238,231,343,331,182,264,294,169,253,251,231,331,315,144,223,244,1994,28
46,102,93,101,133,113,81,54,204,306,250,139,232,241,229,330,322,201,334,302,135,248,268,366,447,479,159,213,240,2156,28
79,87,84,79,98,88,78,81,170,257,249,145,229,232,509,588,593,160,258,239,97,185,195,143,221,231,99,180,177,1997,29
81,77,107,73,109,98,133,15,184,261,265,35,142,112,2,75,109,53,162,126,33,131,142,89,222,187,24,39,157,1113,29
82,98,72,66,78,50,90,126,50,148,132,5,77,103,76,142,148,138,216,204,88,138,166,103,193,153,11,137,101,1133,29
60,60,56,77,82,65,80,57,116,176,176,120,176,180,95,172,151,81,163,158,86,151,168,87,167,152,82,139,162,1204,29
54,19,43,13,16,42,84,85,64,83,118,87,130,106,68,81,111,87,103,100,101,143,117,2,86,44,55,140,139,820,29
90,66,97,125,88,64,113,72,80,146,170,77,174,143,293,418,390,41,129,166,94,158,182,122,235,186,88,160,201,1510,29
25,87,78,90,108,99,115,109,129,216,154,104,182,191,79,169,157,70,178,160,42,141,150,86,201,185,61,170,176,1282,29
16,52,91,59,75,32,83,23,1,53,17,78,169,130,2,61,93,49,124,108,16,48,91,54,137,86,42,65,125,673,29
51,95,80,79,68,89,75,65,94,189,145,56,136,151,78,157,158,48,116,127,57,146,125,57,132,146,75,140,150,1067,29
33,73,76,91,70,78,65,53,129,202,162,106,182,179,266,357,342,76,146,167,97,175,167,73,138,151,104,157,169,1390,29
78,72,74,64,65,89,68,69,101,173,179,104,178,176,94,158,168,96,161,160,68,157,133,80,148,169,84,153,152,1206,29
120,76,83,96,54,84,65,52,10,86,130,16,99,92,2,98,85,51,105,147,15,99,69,44,109,128,25,77,90,793,29
95,79,84,60,81,53,78,12,22,101,117,16,100,95,22,82,106,22,103,82,19,72,100,29,107,82,55,67,133,727,29
32,45,52,54,66,105,71,103,38,83,70,53,105,98,34,88,86,28,94,82,18,123,84,2,73,107,3,106,74,704,29
97,60,73,58,114,56,92,43,120,180,217,50,123,110,2,60,75,13,127,71,2,58,116,26,118,82,29,72,121,835,29
121,92,50,100,65,100,53,86,2,94,123,31,81,123,20,120,70,11,76,111,22,122,87,17,70,117,35,121,88,805,29
20,22,34,11,33,31,91,16,77,99,97,70,104,92,82,93,116,83,116,94,71,102,104,59,150,90,74,90,165,774,29
867,100,90,103,85,86,131,111,77,177,944,68,158,168,61,164,151,48,133,151,59,145,144,123,254,209,70,181,201,2079,29
129,115,82,81,38,71,50,85,35,150,164,2,84,117,12,93,94,93,131,174,6,77,44,27,77,98,35,120,85,861,29
63,91,74,92,89,92,92,78,20,111,83,8,82,99,35,127,109,2,91,94,1,93,90,84,176,176,6,84,98,827,29
108,83,50,76,53,83,35,83,12,95,120,39,89,122,27,103,77,30,83,106,34,117,87,47,82,130,36,119,71,796,29
77,98,64,33,74,92,82,41,19,117,96,27,91,125,28,61,92,60,134,93,1,93,75,25,107,117,19,60,101,740,29
100,70,76,61,69,46,52,72,2,72,102,34,110,104,1,62,77,47,116,108,3,49,72,140,192,186,34,106,86,807,29
95,82,82,65,69,19,72,43,1,83,96,36,118,118,2,67,84,26,95,91,50,69,119,47,119,66,36,79,108,725,29
60,132,49,81,61,118,54,96,61,193,121,1,50,133,69,150,118,12,73,93,47,165,108,2,56,120,36,132,90,879,29
124,75,92,65,104,18,86,24,3,78,127,58,150,133,2,67,94,60,164,125,31,49,135,56,142,74,29,53,115,827,29
83,89,73,98,51,78,70,45,18,107,101,26,99,115,15,113,88,25,76,123,18,96,69,78,148,156,28,73,98,795,29
69,111,68,89,60,88,52,86,17,128,86,41,109,152,17,106,85,53,113,142,3,91,63,58,110,146,21,107,73,833,29
54,115,56,72,48,89,67,99,56,171,110,12,68,127,45,117,101,36,84,108,53,142,101,53,120,142,17,116,84,872,29
65,87,85,131,75,88,102,60,1,88,66,102,187,189,2,133,87,27,102,158,2,90,77,44,146,132,2,62,104,873,29
71,17,21,45,93,18,60,90,2,19,73,136,157,153,37,82,58,131,224,176,325,343,418,38,98,56,103,193,163,1187,30
158,134,107,150,159,131,158,124,173,307,331,540,647,674,663,813,770,173,332,323,230,361,389,1290,1448,1421,173,297,331,4363,30
165,141,146,148,138,128,127,132,1102,1243,1267,270,416,411,202,350,348,291,429,439,193,321,331,214,341,342,1262,1394,1389,4659,30
146,126,122,131,124,127,138,91,99,225,245,153,275,279,116,247,238,109,233,240,92,219,216,139,277,266,135,226,273,1848,30
133,140,120,126,133,140,107,117,81,221,214,121,241,261,82,208,202,108,241,234,92,232,225,83,190,223,106,223,213,1689,30
114,153,117,132,102,127,114,158,204,357,318,73,190,226,82,214,199,61,163,193,22,149,124,158,272,285,48,206,162,1665,30
122,66,127,116,117,104,141,104,38,104,160,48,175,114,8,124,135,41,158,157,55,159,172,90,231,194,63,167,204,1240,30
144,141,102,134,83,94,94,124,42,183,186,30,132,171,56,190,158,68,151,202,428,522,511,64,158,158,73,197,167,1677,30
87,134,106,137,106,141,92,161,47,181,134,39,145,173,43,180,149,31,137,168,35,176,141,34,126,175,80,241,172,1273,30
133,99,125,89,126,79,108,110,82,181,215,11,136,110,24,113,149,57,183,146,11,90,137,129,237,208,69,179,177,1252,30
143,83,143,95,135,102,140,132,40,123,183,42,185,125,3,98,146,48,183,143,5,107,140,39,179,141,77,209,217,1227,30
139,117,134,95,127,94,135,117,15,132,154,72,206,189,30,125,164,30,157,125,38,132,165,57,192,151,31,148,166,1231,30
93,108,99,109,107,114,95,119,121,229,214,85,184,193,106,215,205,100,207,209,56,170,163,109,204,223,96,215,191,1517,30
98,54,103,48,104,49,112,33,40,94,138,51,154,105,42,90,145,74,178,122,38,87,142,81,193,130,41,74,153,968,30
95,120,111,121,134,120,126,105,132,252,227,85,196,205,96,217,207,80,214,201,81,201,215,80,206,200,72,177,198,1558,30
37,33,87,41,84,57,79,49,49,82,86,89,176,122,23,64,110,93,177,134,31,88,115,49,128,106,30,79,109,831,30
94,82,71,75,84,81,90,94,109,191,203,96,167,178,130,205,201,117,201,192,92,173,176,110,200,191,97,191,187,1422,30
43,74,97,50,70,43,86,25,124,198,167,40,137,114,37,87,134,73,143,123,39,82,109,64,150,107,39,64,125,904,30
89,81,85,102,89,83,79,74,118,199,207,98,183,179,81,183,166,100,189,202,109,192,198,104,183,187,92,166,171,1384,30
94,30,80,66,94,84,74,91,146,176,240,132,212,162,103,169,183,117,211,183,88,172,182,131,205,215,135,226,209,1465,30
65,60,76,80,101,88,90,84,131,191,196,132,208,192,136,216,212,107,208,187,135,223,236,143,233,231,132,216,222,1560,30
96,82,76,4,77,121,3,113,73,155,169,141,217,223,113,117,189,45,122,49,55,176,132,62,65,183,73,186,76,1134,30
106,63,111,80,110,80,88,42,2,65,108,72,183,135,2,82,113,65,175,145,2,82,112,64,152,144,38,80,126,925,30
129,86,115,26,100,24,62,11,7,93,136,63,178,149,36,62,151,81,181,107,43,67,143,90,152,114,72,83,134,945,30
80,4,66,5,130,4,119,114,44,48,124,107,173,111,62,67,128,99,229,104,74,78,204,29,148,33,93,207,212,1030,30
134,113,145,132,127,125,116,128,85,198,219,73,218,186,61,193,206,52,179,184,73,198,200,74,190,199,75,203,191,1513,30
82,107,93,117,138,111,117,117,134,241,216,98,191,205,74,191,167,80,218,197,79,190,217,89,206,200,81,198,198,1517,30
146,112,131,115,107,99,113,124,98,210,244,114,245,226,102,217,233,116,223,231,109,208,216,119,232,218,100,224,213,1705,30
119,128,132,115,115,123,125,141,73,201,192,90,222,218,84,199,216,102,217,217,142,265,257,130,255,253,126,267,251,1745,30
125,155,125,134,133,117,168,135,81,236,206,70,195,225,97,231,222,125,258,259,90,207,223,131,299,248,106,241,274,1792,30
145,113,118,115,147,166,140,143,137,250,282,89,207,202,91,206,209,86,233,201,75,241,222,167,307,333,98,241,238,1830,31
68,49,12,5,44,105,27,92,28,77,96,62,74,111,81,86,93,36,80,41,32,137,76,39,66,144,25,117,52,705,31
95,46,63,25,34,23,3,44,22,68,117,21,84,67,58,83,121,56,90,81,60,83,94,59,62,82,75,119,78,684,31
89,27,13,56,80,86,36,81,33,60,122,69,82,96,58,114,71,25,105,81,14,100,94,38,74,124,11,92,47,716,31
88,73,37,8,5,84,69,85,20,93,108,36,73,109,52,60,89,88,93,96,38,122,43,25,94,109,8,93,77,716,31
90,38,12,36,28,60,78,60,21,59,111,70,82,108,75,111,87,62,90,98,50,110,78,22,100,82,23,83,101,725,31
110,67,36,28,5,35,12,37,2,69,112,41,77,108,56,84,92,64,69,92,57,92,62,71,83,106,65,102,77,686,31
76,60,37,71,25,71,28,35,23,83,99,45,82,105,39,110,76,38,63,109,62,133,87,26,54,97,32,67,60,668,31
86,70,63,37,20,29,38,27,16,86,102,37,100,107,32,69,95,69,89,106,66,95,86,52,90,81,50,77,88,692,31
76,84,39,63,60,76,21,46,75,159,151,55,94,139,37,100,76,24,84,87,38,114,98,42,63,118,29,75,50,765,31
70,62,38,33,30,26,3,38,23,85,93,38,76,100,52,85,90,62,92,95,32,58,62,80,83,106,49,87,52,636,31
86,115,40,26,72,79,82,72,33,148,119,48,88,163,77,103,117,41,113,67,2,81,74,14,96,93,2,74,84,789,31
85,79,35,95,47,38,5,34,3,82,88,28,63,107,17,112,52,37,84,132,29,67,76,105,110,143,38,72,43,675,31
96,4,26,74,4,79,12,18,56,60,152,129,155,133,30,104,56,36,40,110,73,152,77,45,57,124,50,68,62,732,31
73,103,46,37,49,73,4,34,68,171,141,72,118,175,61,98,107,67,116,104,22,95,71,72,76,145,22,56,26,803,31
90,73,69,70,5,37,5,144,18,91,108,2,71,75,15,85,84,57,62,127,53,90,58,71,76,108,38,182,43,747,31
94,55,39,23,4,9,63,67,34,89,128,56,95,111,50,73,89,72,76,95,66,75,70,55,118,64,24,91,87,711,31
83,82,47,62,28,9,38,22,18,100,101,40,87,122,23,85,70,53,81,115,59,68,87,89,127,98,56,78,94,709,31
87,62,36,18,5,13,6,3,24,86,111,53,89,115,42,60,78,88,93,106,64,77,69,96,102,109,169,172,175,766,31
64,62,65,69,4,40,15,81,37,99,101,17,82,79,18,87,83,62,66,131,39,79,43,43,58,83,39,120,54,655,31
82,85,62,54,4,127,101,47,1,86,83,19,81,104,34,88,96,67,71,121,142,269,146,13,114,140,33,80,134,871,31
80,92,120,111,113,110,128,108,86,178,166,73,193,165,47,158,167,48,161,159,47,157,160,224,352,334,175,283,303,1562,31
76,102,113,111,111,108,102,130,56,158,132,49,162,151,56,167,169,58,169,169,66,174,177,75,177,183,49,179,151,1262,31
128,103,105,117,137,94,102,93,33,136,161,64,169,167,81,198,186,32,169,149,74,168,211,65,167,159,90,183,192,1318,31
32,13,51,81,72,69,85,89,53,66,85,66,117,79,22,103,73,12,84,93,20,89,92,8,93,77,2,91,87,675,31
81,56,3,40,61,85,62,55,38,94,119,63,66,119,72,112,75,43,104,83,13,98,74,27,89,112,19,74,81,718,31
62,48,89,25,3,11,59,81,54,102,116,62,151,110,32,57,121,88,91,113,86,97,89,52,111,63,34,115,93,786,31
86,66,4,38,20,38,8,77,29,95,115,85,89,151,37,75,41,71,91,109,73,111,93,79,87,117,118,195,126,829,31
79,81,19,13,29,87,80,86,44,125,123,108,127,189,88,101,107,73,102,86,70,157,99,12,92,99,15,101,95,884,31
68,50,44,6,6,26,45,73,46,96,114,28,72,78,78,84,122,83,89,89,54,80,60,54,99,80,41,114,86,702,31
106,94,26,70,26,36,3,16,35,129,141,37,63,131,32,102,58,37,63,107,60,96,86,72,75,108,98,114,101,748,32
109,65,43,60,60,61,68,69,203,268,312,284,327,349,281,341,324,264,324,324,272,333,332,263,331,324,214,283,282,2316,32
88,103,76,69,86,103,61,60,208,311,296,315,391,418,298,367,374,272,358,341,229,332,315,263,324,366,255,315,316,2486,32
137,95,94,52,61,44,43,43,254,349,391,366,460,461,1942,1994,2036,331,392,383,365,409,426,255,298,299,281,324,324,4363,32
99,60,85,103,103,102,77,77,300,360,399,452,537,512,434,537,519,468,571,571,733,835,836,400,477,502,324,401,401,3817,32
62,68,69,77,86,68,61,77,313,381,375,324,393,392,349,426,418,281,367,358,332,400,418,280,341,348,604,681,665,3051,32
53,78,51,71,35,52,77,36,338,416,391,417,468,495,332,403,383,382,417,453,314,366,349,613,690,665,289,325,366,3138,32
62,68,86,86,77,78,128,112,243,311,305,392,478,460,357,443,443,315,392,401,340,418,417,690,818,768,741,853,869,3775,32
64,77,61,52,52,26,69,27,322,399,386,323,384,400,289,341,350,246,298,298,341,367,393,306,375,332,272,299,341,2527,32
88,69,94,60,60,52,60,34,259,328,347,264,358,333,289,349,383,265,325,325,306,358,366,272,332,324,587,621,647,2759,32
111,104,119,68,86,94,77,86,262,366,373,254,373,358,274,342,393,272,358,340,281,375,367,358,435,452,263,349,340,2709,32
104,96,78,61,60,104,78,70,180,276,284,944,1022,1040,194,255,272,349,409,410,178,282,238,373,451,477,186,256,264,3055,32
78,69,86,88,103,103,94,103,396,465,474,315,401,384,433,521,519,390,493,478,451,554,554,391,485,494,409,512,503,3509,32
52,52,43,53,86,52,95,34,364,416,416,358,401,410,450,503,493,1507,1593,1560,272,324,358,323,418,375,238,272,333,3979,32
63,128,52,86,52,77,78,60,219,347,282,196,248,324,357,443,409,348,400,434,852,929,904,221,299,298,340,400,418,3129,32
89,78,78,60,77,42,51,44,224,302,313,220,298,298,247,307,325,255,332,315,222,264,299,248,299,290,212,256,263,2147,32
53,79,61,69,53,44,69,44,195,274,248,228,289,307,272,341,333,221,274,290,271,315,324,237,306,281,187,231,256,2083,32
89,121,110,85,94,76,78,60,250,371,339,477,587,598,324,409,434,384,478,469,469,545,563,230,308,306,221,281,299,3068,32
32,61,60,96,52,104,86,77,363,424,395,580,640,641,246,342,306,339,391,435,544,648,596,340,426,444,187,264,273,3167,32
77,60,78,60,60,61,52,60,202,262,279,196,274,256,204,264,282,213,273,273,212,273,272,263,315,324,212,272,264,2010,32
106,86,86,86,85,94,129,77,174,260,280,477,563,563,288,374,374,265,350,351,273,367,358,255,384,349,195,272,324,2676,32
88,112,59,51,43,61,86,35,208,320,296,282,341,394,298,349,357,265,308,316,246,307,289,314,400,375,187,222,273,2335,32
78,52,120,60,51,61,95,36,167,219,245,271,391,323,221,281,341,265,316,325,212,273,263,493,588,554,195,231,290,2377,32
63,43,35,39,95,52,68,103,199,242,262,289,324,332,229,268,264,302,397,341,255,307,350,425,493,477,384,487,452,2581,32
78,93,121,52,94,103,103,52,402,495,480,459,580,552,280,332,401,400,494,452,247,350,341,358,461,461,271,323,374,3113,32
79,60,68,59,68,51,68,60,235,295,314,332,400,392,290,349,358,836,904,895,281,332,349,307,375,358,238,298,306,3032,32
118,94,120,94,146,145,112,77,297,391,415,315,435,409,272,366,392,281,427,375,246,391,392,306,418,451,263,340,375,2886,32
114,94,103,94,128,60,102,85,199,293,313,230,333,324,213,307,316,307,435,401,221,281,349,264,366,324,188,273,290,2402,32
95,59,94,86,111,94,103,60,280,339,375,265,359,324,203,289,297,273,384,359,306,400,417,280,383,374,256,316,359,2565,32
77,52,61,43,45,35,69,52,219,271,296,263,324,315,255,298,316,1167,1212,1210,253,288,298,247,316,282,672,724,741,3510,32
68,52,87,77,85,9,72,43,161,213,229,289,376,341,152,229,239,742,827,819,170,179,255,579,651,588,166,209,238,2752,33
59,101,110,98,106,141,98,95,580,681,639,886,996,987,971,1069,1081,160,266,258,844,985,950,394,492,535,4301,4396,4399,8944,33
133,118,99,108,78,78,125,77,163,281,296,202,301,320,553,661,652,267,345,375,285,363,363,644,769,722,307,384,432,3237,33
123,109,108,152,108,119,76,117,254,363,377,265,373,374,244,396,352,295,403,447,396,515,504,405,481,524,973,1090,1049,3744,33
122,108,100,119,98,108,117,94,230,338,352,305,405,413,285,404,385,415,513,534,337,445,435,2372,2489,2480,817,911,934,5627,33
102,99,104,76,106,97,108,119,391,490,493,746,850,845,347,423,451,646,752,722,376,473,482,2805,2913,2902,160,279,268,6282,33
100,86,131,99,118,85,94,64,267,353,367,375,506,461,325,424,456,1448,1566,1547,2420,2505,2538,1321,1415,1406,7605,7669,7699,14538,33
104,118,88,107,150,109,98,95,180,298,284,346,434,464,613,720,701,902,1052,1009,242,351,392,355,453,464,4943,5038,5041,8450,33
85,99,128,131,109,87,87,54,231,330,316,326,454,425,414,545,542,757,866,888,434,521,543,415,502,502,2493,2547,2580,5850,33
63,108,87,107,109,109,107,120,200,308,263,245,332,353,621,728,708,308,417,415,253,362,362,2180,2287,2289,306,426,413,4923,33
89,120,129,133,105,108,140,87,200,320,289,262,391,382,368,501,497,16950,17055,17083,375,483,480,834,974,942,285,372,425,20185,33
80,97,66,98,119,120,98,73,207,304,287,179,245,276,355,453,421,306,425,404,190,310,309,189,287,309,747,820,845,2924,33
80,98,89,77,46,77,66,74,205,303,285,209,298,307,254,331,343,485,531,562,275,352,321,326,392,403,1234,1308,1300,3595,33
67,62,42,45,66,76,74,74,295,357,362,647,689,709,406,451,448,475,541,520,287,363,353,642,716,718,847,921,921,4105,33
66,66,66,76,76,77,54,77,301,367,367,296,362,362,346,422,412,305,381,381,426,503,502,496,550,573,396,473,450,3124,33
128,67,88,98,75,55,51,53,151,218,279,413,501,480,202,300,290,395,470,493,317,372,392,519,570,574,1654,1707,1705,4266,33
71,78,85,86,95,87,76,78,349,427,420,285,370,363,300,386,385,658,753,744,375,462,470,415,491,502,347,425,423,3385,33
67,65,75,96,86,76,67,74,304,369,371,357,432,422,853,949,928,437,523,533,326,402,412,376,443,452,665,739,732,3924,33
92,66,67,88,75,74,129,63,342,408,434,515,582,581,335,423,402,376,451,464,509,583,584,4599,4728,4673,1284,1347,1413,8614,33
58,63,88,73,55,74,88,36,579,642,637,475,563,538,808,881,896,190,245,263,222,296,277,287,375,361,465,501,553,3561,33
79,76,76,67,65,88,76,62,344,420,423,632,708,708,315,382,391,245,310,312,366,454,431,365,441,453,948,1010,1024,3804,33
126,65,143,130,87,98,109,66,222,287,348,704,847,769,134,264,277,221,308,351,399,497,486,456,565,554,1742,1808,1851,4702,33
108,98,140,107,119,99,65,110,142,240,250,210,350,308,139,246,279,169,288,276,159,258,278,1798,1863,1897,306,416,371,3769,33
115,110,131,78,98,108,86,78,150,260,265,145,276,255,178,256,309,296,394,374,277,385,375,287,373,395,2810,2888,2896,4947,33
104,107,87,99,98,120,106,109,242,349,346,193,280,300,295,394,382,169,267,268,494,614,592,336,442,456,246,355,352,2805,33
147,132,120,130,98,77,109,85,133,265,280,210,330,342,137,267,257,148,246,278,495,572,593,201,310,278,1814,1899,1923,4036,33
16,99,98,99,119,12,95,109,516,615,532,427,525,526,256,355,354,170,289,269,337,349,456,651,746,663,397,506,492,3401,33
137,109,108,110,119,119,77,64,132,241,269,168,276,277,266,376,374,168,287,278,159,278,278,367,444,486,1024,1088,1101,3127,33
87,108,109,77,98,143,109,88,219,327,306,117,226,225,326,403,435,326,424,403,179,322,277,135,244,278,318,406,427,2439,33
107,109,97,109,131,99,119,105,313,422,420,201,298,310,137,246,234,212,343,321,136,235,267,181,300,280,189,294,308,2245,33
88,143,144,132,109,87,119,107,186,329,274,123,267,266,273,405,417,167,276,299,319,406,428,266,385,353,338,445,457,2601,34
70,97,55,74,62,88,62,61,277,374,347,368,423,465,373,447,428,264,326,338,295,383,357,307,369,395,361,422,423,2814,34
32,108,92,103,136,64,71,108,130,238,162,80,172,188,87,190,179,98,234,201,98,162,234,115,186,179,343,451,414,1665,34
51,85,89,73,40,51,68,60,111,196,162,97,186,182,314,387,403,129,169,202,121,172,161,105,173,156,368,428,436,1762,34
69,62,88,85,59,55,75,55,117,179,186,94,182,156,106,191,194,121,180,206,125,180,184,82,157,137,93,148,168,1286,34
54,90,85,105,105,89,101,87,91,181,145,79,164,169,73,178,158,63,168,168,77,166,182,90,191,179,68,155,169,1257,34
22,52,80,103,99,75,56,62,134,186,156,106,186,158,80,183,160,33,132,136,231,306,330,112,168,187,105,167,161,1350,34
46,86,100,95,79,88,82,76,130,216,176,293,393,379,90,185,190,94,173,189,70,158,149,90,172,178,77,153,159,1496,34
66,73,55,98,131,81,49,67,264,337,330,114,169,187,94,192,149,57,188,155,62,143,193,104,153,185,126,193,175,1441,34
82,75,77,85,76,101,105,96,93,168,175,102,179,177,96,181,173,70,146,155,82,183,158,46,151,147,77,173,182,1263,34
63,88,83,89,116,81,89,88,91,179,154,82,165,170,76,165,159,62,178,151,71,152,187,67,156,148,60,148,149,1206,34
43,89,96,101,59,86,77,79,4,93,47,121,217,210,50,151,146,4,63,105,52,138,111,2,79,88,57,136,134,920,34
75,102,80,89,117,64,80,103,2,104,77,29,109,131,3,92,83,18,135,107,2,66,119,17,97,81,2,105,82,783,34
49,96,71,97,58,81,63,98,4,100,53,134,205,230,61,158,132,5,63,102,53,134,111,5,68,86,40,138,103,915,34
42,6,60,7,103,59,119,87,52,58,94,100,160,106,58,65,118,66,169,73,19,78,122,20,139,79,113,200,232,911,34
83,106,75,104,98,87,74,110,27,133,110,4,79,110,17,121,92,4,102,108,3,90,101,54,128,141,53,163,127,899,34
101,95,94,98,101,101,106,92,4,99,105,16,110,111,4,102,98,26,127,124,2,103,103,3,109,104,5,97,111,848,34
132,91,83,112,75,104,110,88,2,93,134,2,85,93,31,143,114,4,79,116,18,122,93,4,114,108,6,94,116,862,34
111,105,56,100,65,5,56,24,50,155,161,4,60,109,46,146,102,134,199,234,60,65,125,81,137,86,49,73,105,946,34
110,93,127,48,100,93,71,115,111,204,221,14,141,107,2,50,129,163,263,211,38,131,138,2,73,95,22,137,93,1109,34
104,110,48,104,40,46,8,56,38,148,142,3,51,113,50,154,98,17,57,121,75,121,115,79,87,125,88,144,96,866,34
25,47,98,68,93,51,87,74,37,84,62,63,161,110,4,72,102,72,165,140,19,70,112,49,136,100,2,76,89,789,34
105,79,19,82,8,45,12,65,84,163,189,58,77,137,154,236,173,53,61,135,109,154,117,63,75,108,100,165,112,1036,34
102,91,101,106,130,87,100,103,102,193,204,69,170,160,55,161,156,44,174,150,71,158,201,198,298,285,93,196,193,1452,34
67,126,112,68,95,86,108,95,99,225,166,71,183,197,24,92,136,30,125,98,3,89,98,49,157,135,22,117,130,1055,34
107,104,92,122,58,94,68,98,24,128,131,4,96,108,13,135,105,5,63,127,25,119,83,6,74,100,51,149,119,871,34
93,80,58,27,60,92,83,68,69,149,162,3,61,83,164,191,222,203,263,230,53,145,113,3,86,95,40,108,123,1096,34
121,112,32,110,101,90,85,119,44,156,165,28,60,140,336,446,368,26,127,136,18,108,119,16,101,106,2022,2141,2107,3260,34
82,107,41,84,25,17,31,39,83,190,165,11,52,118,53,137,94,32,57,116,104,121,129,58,89,75,168,207,199,935,34
71,60,88,84,109,71,91,109,2,62,73,50,138,110,2,86,90,37,146,121,5,76,114,47,138,118,2,111,93,828,34
30,101,37,44,12,100,59,85,51,152,81,24,61,125,96,140,133,47,59,91,95,195,107,3,62,103,42,127,101,826,35
181,59,74,110,49,115,83,98,829,888,1010,763,837,822,773,883,847,819,868,929,551,666,600,1546,1629,1661,937,1035,1020,6987,35
135,91,66,75,84,99,91,109,529,620,664,665,731,756,494,569,560,525,609,600,927,1026,1011,6802,6893,6901,1784,1893,1875,12476,35
70,66,92,59,34,42,50,84,468,534,538,419,511,485,468,527,560,483,517,542,526,568,560,722,772,764,559,643,609,4142,35
88,59,83,67,43,91,57,58,543,602,631,484,567,543,583,650,666,690,733,757,517,608,560,600,657,691,584,642,641,4547,35
115,59,74,92,66,74,124,91,542,601,657,599,673,658,584,676,658,542,608,634,567,641,633,543,667,617,1085,1176,1209,5157,35
119,108,109,91,76,75,107,90,480,588,599,912,1021,1020,418,509,527,739,815,830,492,567,568,599,706,674,511,601,618,4926,35
50,73,99,116,132,90,99,91,650,723,700,601,700,674,591,707,690,575,707,691,494,584,626,617,716,707,534,625,633,4812,35
92,74,41,91,84,108,75,84,508,582,600,625,666,699,518,609,559,435,519,526,393,501,477,426,501,534,1627,1711,1702,5181,35
53,49,67,91,108,116,116,84,621,670,674,469,536,518,427,518,494,484,592,575,493,609,601,451,567,567,460,544,576,4089,35
86,51,58,50,74,74,108,116,474,525,560,525,583,576,453,503,511,468,542,518,436,510,510,460,568,534,435,551,543,3868,35
72,115,58,50,43,66,83,100,1128,1243,1200,387,445,502,385,435,443,394,437,444,361,427,404,386,469,452,1233,1333,1316,4861,35
74,50,50,42,35,59,50,51,393,443,467,386,436,436,427,469,477,377,412,419,434,493,469,623,673,682,691,742,741,3742,35
60,26,51,50,49,67,42,50,999,1025,1059,493,544,519,755,805,806,732,781,782,699,766,748,616,658,683,518,568,560,5207,35
71,83,38,17,67,58,50,43,437,520,508,567,605,650,892,909,930,542,609,559,435,493,502,658,708,716,386,429,436,4344,35
4,91,75,100,108,83,116,107,548,639,552,469,544,560,517,617,592,427,535,527,558,641,666,444,560,527,443,550,559,4090,35
71,75,75,58,83,124,109,82,418,493,489,419,494,494,607,665,682,477,560,535,370,494,453,386,495,510,385,467,494,3739,35
123,98,99,83,91,74,108,82,403,501,526,403,502,501,312,395,411,255,346,338,1020,1094,1111,328,436,402,354,436,462,3833,35
59,84,82,34,82,75,52,34,360,444,419,467,549,551,963,997,1045,838,920,872,427,502,509,469,521,544,375,409,427,4401,35
82,50,50,50,50,67,59,58,562,612,644,485,535,535,773,823,823,600,650,650,278,345,328,682,741,749,583,641,642,4429,35
90,83,83,83,75,83,75,58,507,590,597,559,642,642,428,511,511,673,748,756,468,551,543,625,700,708,386,444,461,4276,35
61,75,42,99,57,59,50,49,580,655,641,485,527,560,1948,2047,1990,1654,1711,1753,436,495,493,385,435,444,485,534,535,6465,35
82,75,51,67,83,66,75,75,467,542,549,690,741,765,533,600,584,558,641,625,510,576,593,427,502,493,444,519,519,4203,35
131,82,42,75,100,98,35,74,510,592,641,403,445,485,600,675,642,501,601,576,361,459,461,543,578,641,689,763,724,4244,35
57,26,93,50,67,83,58,67,628,654,685,633,726,659,688,738,781,509,576,559,493,576,560,534,592,617,444,511,502,4430,35
35,42,75,42,74,83,50,58,431,473,466,584,659,626,237,279,312,2032,2106,2074,353,436,427,600,650,683,262,320,312,4958,35
65,59,35,67,58,59,50,42,315,374,380,830,865,889,278,345,313,929,987,996,394,453,452,1340,1390,1399,337,379,387,4858,35
66,67,34,51,57,66,98,43,385,452,451,723,757,790,377,428,411,649,706,700,395,461,452,774,872,840,304,347,402,4089,35
106,58,75,58,58,66,42,59,418,476,524,995,1070,1053,550,608,625,625,683,683,633,699,691,650,692,716,648,707,690,5041,35
24,83,65,66,66,74,66,66,668,751,692,856,921,939,675,741,740,658,724,724,872,946,938,649,715,723,1786,1852,1852,6674,35
57,59,66,57,67,34,25,59,492,551,549,1020,1086,1079,337,394,403,534,601,591,304,338,371,764,789,798,238,297,263,4113,36
152,151,152,178,134,107,216,122,1098,1249,1250,1367,1519,1518,124,302,276,1151,1285,1329,393,500,527,8466,8682,8573,390,512,606,14201,36
156,84,114,100,123,113,169,114,142,226,298,313,427,397,241,341,355,184,307,284,399,512,522,247,416,360,99,213,268,2598,36
103,157,116,87,158,120,164,49,37,194,140,364,480,521,125,212,241,359,517,446,5,125,163,1976,2140,2096,187,236,351,4007,36
69,84,84,91,97,139,73,102,112,196,181,467,551,551,84,175,168,387,484,478,76,215,173,334,407,473,95,197,168,2294,36
141,143,90,108,84,109,65,113,75,218,216,554,644,697,126,234,216,384,468,492,142,251,226,319,384,428,105,218,170,2558,36
134,138,132,142,127,140,147,119,101,239,235,305,437,443,111,253,243,333,460,475,116,256,243,430,577,570,101,220,248,2576,36
83,72,111,105,115,115,91,75,116,188,199,485,596,557,104,209,215,310,425,415,91,206,206,286,377,401,93,168,184,2252,36
98,82,81,72,98,92,37,47,79,161,177,305,386,387,100,172,181,315,413,387,91,183,189,447,484,539,142,189,179,2086,36
74,71,23,79,49,79,70,50,130,201,204,118,141,189,1276,1355,1299,211,260,290,320,399,369,1043,1113,1122,1820,1870,1890,5413,36
81,91,133,99,147,121,137,120,174,265,255,225,358,316,171,270,304,150,297,249,159,280,306,157,294,278,141,261,278,2106,36
74,93,100,64,85,93,68,85,90,183,164,79,179,172,97,161,197,91,176,155,75,168,160,80,148,173,85,170,153,1259,36
87,109,97,114,92,102,84,101,116,225,203,74,171,183,92,206,189,62,154,176,95,197,187,78,162,180,86,187,170,1389,36
124,124,134,119,93,108,90,102,51,175,175,80,214,204,46,165,180,91,184,210,74,182,167,76,166,184,75,177,165,1387,36
69,77,98,83,73,62,48,47,105,182,174,97,195,174,78,161,176,109,182,192,102,164,175,132,180,194,119,166,167,1299,36
91,118,77,118,94,100,120,96,57,175,148,82,159,200,92,210,169,55,149,173,94,194,188,47,167,147,55,151,175,1296,36
119,52,59,42,65,57,83,56,97,149,216,107,166,159,109,151,168,124,189,166,104,161,169,99,182,156,95,151,178,1268,36
65,56,82,111,121,87,19,74,102,158,167,141,223,197,11,122,93,21,142,132,30,117,151,330,349,417,9,83,28,1259,36
92,153,102,73,105,91,50,78,538,691,630,76,178,229,65,138,167,93,198,166,80,171,185,112,162,203,105,183,155,1813,36
81,78,57,85,66,50,50,56,103,181,184,120,177,198,104,189,161,97,163,182,120,170,186,117,167,167,127,183,177,1311,36
29,66,60,51,64,46,72,67,574,640,603,116,176,182,114,165,174,128,192,179,118,164,182,124,196,170,102,169,174,1731,36
82,102,74,83,84,99,62,74,95,197,177,97,171,199,105,188,179,106,190,189,92,191,176,110,172,209,115,189,177,1380,36
202,92,70,47,80,4,28,80,23,115,225,74,144,166,80,127,150,61,141,108,103,107,183,97,125,101,64,144,92,1105,36
76,90,92,84,90,86,83,76,88,178,164,82,174,172,86,170,178,73,163,157,78,164,168,78,161,164,95,171,178,1257,36
89,86,77,78,82,91,91,87,92,178,181,96,173,182,104,182,181,84,166,162,79,170,161,75,166,166,85,172,176,1296,36
96,88,103,89,91,100,86,80,102,190,198,102,205,190,92,181,195,93,184,182,85,185,176,91,177,191,107,187,193,1405,36
36,86,125,50,95,70,115,70,1171,1257,1207,183,308,269,90,140,215,51,146,101,55,125,150,31,146,101,18,88,133,2246,36
91,65,73,60,61,82,92,67,109,174,200,108,181,173,121,181,194,105,166,165,118,200,179,83,175,165,101,168,193,1336,36
74,84,78,64,82,85,103,83,101,185,175,104,182,188,117,181,195,101,183,165,92,177,174,82,185,167,76,159,179,1326,36
116,126,112,121,94,88,93,83,86,212,202,65,177,191,45,166,157,99,193,220,67,155,161,103,196,191,64,147,157,1362,36
147,113,98,133,99,61,64,78,30,143,177,375,473,488,403,536,501,168,267,301,118,179,217,131,195,192,141,219,205,2159,37
66,70,86,57,87,83,95,103,197,267,263,825,911,895,133,190,219,125,212,182,735,818,822,245,340,328,4497,4600,4592,7404,37
91,85,78,91,79,68,80,95,124,209,215,125,203,210,195,286,273,721,800,812,131,199,210,188,268,256,2326,2421,2406,4477,37
80,105,100,87,66,103,80,91,663,768,743,179,279,284,80,167,180,772,838,859,126,229,192,134,214,237,95,186,175,2761,37
91,76,80,97,87,104,124,118,203,279,294,152,232,228,148,245,228,551,638,648,168,272,255,389,513,493,1872,1990,1996,4260,37
73,57,67,104,76,67,94,96,115,172,188,108,175,165,280,384,347,97,173,201,106,173,182,225,319,292,280,376,374,1845,37
89,76,95,94,115,107,96,105,107,183,196,125,220,201,143,237,238,289,404,383,205,312,320,203,299,310,161,266,257,2010,37
92,103,94,99,85,86,68,69,124,227,216,198,292,301,198,297,292,1087,1172,1186,97,183,182,106,174,192,744,813,812,3250,37
83,78,86,96,83,96,101,74,161,239,244,141,227,219,133,229,219,133,216,229,99,195,182,1019,1120,1115,181,255,282,2564,37
72,83,88,83,78,95,85,75,153,236,225,255,343,338,113,196,201,236,314,319,97,192,175,143,228,238,673,748,758,2329,37
71,92,84,83,85,86,86,77,136,228,207,136,220,228,154,237,238,154,239,237,901,987,986,143,229,229,1528,1605,1614,3816,37
107,84,113,106,75,85,94,86,145,229,252,875,988,959,116,222,229,755,830,861,135,220,210,289,383,374,116,202,210,3181,37
83,78,94,95,93,97,77,104,172,250,255,343,437,421,252,347,346,272,365,367,206,303,299,388,465,485,864,968,941,3218,37
98,95,100,95,90,80,77,85,255,350,353,225,325,320,184,279,284,197,287,292,194,274,284,166,243,246,225,310,302,2166,37
80,96,95,77,85,79,85,89,156,252,236,178,273,274,161,238,256,161,246,238,253,332,338,149,234,228,208,297,293,1952,37
91,88,77,94,77,86,97,86,151,239,242,141,218,229,152,246,229,124,201,218,133,219,210,107,204,193,131,217,228,1635,37
82,78,74,86,77,105,95,86,152,230,234,125,199,203,117,203,191,96,173,182,96,201,173,215,310,320,389,475,484,1873,37
106,106,108,120,94,57,77,58,137,243,243,114,222,220,649,769,757,164,258,284,106,163,200,98,175,155,1183,1241,1260,3177,37
90,102,66,58,95,80,116,84,173,275,263,886,952,988,216,274,282,198,293,256,297,377,392,1016,1132,1096,1298,1382,1414,4775,37
96,78,79,119,30,76,78,87,1591,1669,1687,149,228,227,569,688,648,202,232,321,152,228,182,178,256,254,1447,1534,1525,4931,37
106,75,96,77,95,113,77,77,587,662,693,608,704,683,132,209,228,416,511,493,306,419,401,1365,1442,1478,434,511,511,4564,37
182,72,99,100,94,77,77,68,85,157,267,101,200,173,713,813,812,101,195,201,107,184,201,234,311,311,243,311,320,2353,37
91,92,101,96,85,64,88,86,228,320,319,136,237,228,163,259,264,106,191,202,126,190,211,108,196,172,2552,2638,2640,4122,37
90,86,77,86,77,100,94,104,116,202,206,96,173,182,87,173,164,116,193,202,2314,2414,2391,247,341,347,864,968,958,4554,37
92,75,86,67,84,96,67,85,143,218,235,116,202,191,116,183,202,335,419,402,152,248,236,105,172,201,180,265,247,1799,37
65,65,67,104,85,95,89,104,143,208,208,126,193,191,115,219,182,116,201,220,88,183,173,88,177,183,86,190,175,1436,37
94,86,89,70,88,96,66,75,143,229,237,97,186,183,75,145,164,149,237,219,132,228,220,125,191,221,117,192,183,1502,37
83,83,66,78,68,76,86,77,134,217,217,109,175,192,143,221,209,123,191,201,124,200,192,116,202,192,87,164,173,1453,37
73,66,65,66,95,77,76,59,116,182,189,108,173,174,108,174,173,346,441,412,126,203,221,144,220,221,406,465,482,1931,37
104,64,67,95,75,87,75,75,112,176,216,92,159,156,199,294,266,106,181,201,126,213,201,105,180,192,127,202,202,1509,37
81,85,89,93,85,74,75,77,144,229,225,127,216,212,392,485,481,292,377,385,98,172,183,81,156,155,71,148,146,1864,38
11,95,74,81,74,53,60,63,9284,9379,9295,284,358,379,830,911,904,411,485,492,300,353,374,323,383,376,284,347,344,12227,38
89,62,73,75,78,78,60,64,209,271,298,239,312,301,170,245,243,130,208,205,122,200,200,343,403,421,227,291,287,2019,38
90,90,78,72,106,88,81,75,189,279,279,181,259,271,128,200,206,187,293,259,299,387,405,142,223,230,137,212,218,1943,38
59,78,59,62,71,77,83,76,328,406,387,140,199,218,139,201,198,99,170,161,162,239,233,123,206,200,108,184,191,1664,38
64,73,78,61,60,77,89,77,160,233,224,126,204,199,124,185,202,99,159,160,142,219,202,155,244,232,129,206,218,1514,38
97,92,88,76,76,87,92,77,270,362,367,155,243,247,158,234,246,123,199,199,519,606,595,126,218,213,113,190,205,2149,38
86,90,61,59,70,78,62,75,121,211,207,109,170,199,115,174,176,89,159,148,102,180,172,123,185,201,131,206,193,1371,38
78,94,60,63,97,69,59,61,155,249,233,170,230,264,442,505,502,615,712,678,180,249,277,149,208,218,139,200,198,2431,38
77,75,78,75,77,94,71,96,204,279,281,144,222,219,108,183,186,125,202,200,98,192,175,124,195,218,116,212,187,1562,38
67,61,60,78,82,87,77,79,157,218,224,155,215,216,127,205,187,123,205,201,109,196,191,114,191,201,111,190,188,1487,38
98,106,83,75,121,90,86,60,527,633,625,489,572,595,333,408,416,2298,2419,2373,330,420,451,257,343,347,287,347,373,5240,38
53,79,78,77,94,89,86,75,385,464,438,136,214,215,864,941,942,179,273,256,167,256,261,144,230,233,184,259,270,2690,38
50,56,60,76,88,94,80,95,307,363,357,186,246,242,156,232,216,154,242,230,187,281,275,193,273,287,151,246,231,1933,38
52,58,79,77,63,60,78,63,241,299,293,157,236,215,139,216,218,139,202,216,169,229,232,128,206,188,138,201,216,1641,38
52,75,76,76,66,74,86,93,346,421,398,155,231,230,110,186,186,141,207,217,122,196,188,143,229,217,118,211,204,1733,38
43,74,74,92,59,61,77,60,260,334,303,127,201,201,97,189,171,142,201,234,158,219,217,126,203,187,113,173,190,1563,38
53,60,76,70,60,58,85,88,377,437,430,242,318,302,213,283,289,320,380,390,286,344,346,215,300,273,219,307,304,2422,38
76,96,89,60,57,92,75,78,169,265,245,195,284,291,197,257,286,206,263,266,185,277,242,153,228,245,286,364,361,2014,38
81,77,78,80,92,76,91,76,196,273,277,198,276,275,167,247,245,151,243,231,159,235,251,152,243,228,167,243,258,1841,38
97,78,87,74,90,93,99,89,261,339,358,152,239,230,171,245,258,156,246,230,155,248,245,168,267,261,133,222,232,1903,38
81,75,92,74,70,85,96,98,358,433,439,296,388,371,402,476,494,375,445,449,219,304,289,300,396,385,177,275,273,2798,38
65,94,86,91,105,92,90,78,346,440,411,239,325,333,189,280,275,627,732,718,215,307,320,241,331,333,182,260,272,2740,38
83,42,79,85,85,74,74,76,286,328,369,230,309,272,168,253,247,667,752,752,243,317,328,187,261,261,183,259,257,2562,38
94,106,92,113,94,92,94,88,200,306,294,183,275,289,170,283,262,146,240,259,155,247,249,181,275,273,153,241,247,1961,38
93,90,89,96,94,78,68,76,289,379,382,186,275,276,154,250,243,150,244,246,182,260,276,186,254,264,175,251,243,2006,38
84,60,85,90,76,90,101,70,109,169,193,101,186,161,88,178,173,97,173,187,85,175,161,68,169,158,105,175,206,1309,38
83,61,75,61,93,83,76,73,140,201,223,115,190,176,124,185,199,100,193,161,93,176,186,121,197,204,88,161,164,1386,38
78,62,59,80,94,90,94,84,689,751,767,441,500,503,375,455,434,581,675,661,469,559,563,82,176,172,644,728,738,3922,38
102,76,81,73,80,107,105,84,500,576,602,444,525,520,468,541,549,400,480,473,542,649,622,82,187,189,458,542,563,3602,38
97,70,103,96,89,79,78,75,931,1001,1028,2950,3053,3020,687,783,790,353,442,449,604,683,693,93,171,172,672,747,750,6977,39
50,42,47,23,42,54,44,61,119,161,169,125,172,167,127,150,174,111,153,134,100,154,142,97,141,151,96,157,140,1138,39
52,57,56,57,57,57,71,72,109,166,161,111,167,168,97,154,153,97,154,154,97,154,154,96,167,153,82,154,153,1168,39
41,42,42,56,42,57,57,42,138,180,179,112,154,154,111,167,153,112,154,168,97,154,139,97,154,154,111,153,168,1157,39
54,56,42,56,56,56,42,58,95,151,149,111,153,167,111,167,153,98,154,154,98,154,154,98,140,154,111,169,153,1142,39
26,33,42,43,46,42,42,58,124,157,150,106,148,139,126,169,168,110,156,153,108,150,154,126,168,168,97,155,139,1129,39
58,43,42,44,58,56,42,58,106,149,164,111,153,154,111,155,153,109,167,153,97,153,155,97,139,153,97,155,139,1129,39
16,41,58,42,57,57,43,71,137,178,153,111,169,152,111,153,169,111,168,153,96,153,153,111,154,168,97,168,140,1159,39
29,43,42,32,57,43,44,56,122,165,151,112,154,155,111,143,153,93,150,125,111,154,168,110,154,153,97,153,141,1102,39
74,57,58,57,71,37,57,44,87,144,161,97,155,154,110,167,168,69,140,126,103,140,174,96,153,133,96,140,153,1113,39
54,56,60,43,57,55,44,56,111,167,165,98,158,154,107,150,167,125,182,168,98,153,155,111,155,166,111,167,155,1186,39
56,84,56,59,3,44,58,31,106,190,162,111,167,195,83,142,139,24,27,83,110,154,113,26,84,70,53,84,111,904,39
26,64,56,14,30,2,21,15,83,147,109,104,160,168,2,16,58,95,125,109,25,27,55,112,133,114,34,49,55,683,39
13,28,28,41,57,3,32,3,146,174,159,140,168,168,140,181,168,98,155,139,14,17,71,107,139,110,22,25,54,872,39
16,43,57,57,56,42,56,58,104,147,120,111,168,154,111,168,168,97,153,154,97,139,153,112,168,154,97,155,153,1114,39
69,57,55,46,44,29,57,43,26,83,95,28,83,85,42,88,97,23,67,69,54,83,98,27,84,56,55,98,112,655,39
36,57,58,5,15,43,43,44,57,114,93,12,70,69,97,102,155,38,53,43,95,138,110,111,154,154,110,154,153,821,39
38,56,42,7,3,57,42,30,55,111,93,13,55,69,100,107,142,45,48,52,82,139,85,27,69,84,69,99,111,666,39
54,15,52,129,16,85,20,71,163,178,217,58,110,73,111,240,163,39,55,168,96,181,112,1,21,86,62,133,82,972,39
12,74,43,71,98,57,56,73,124,198,136,108,151,182,110,181,153,111,209,182,55,112,153,111,167,168,97,170,153,1200,39
67,19,2,113,96,86,110,109,111,130,178,22,24,41,112,225,114,1,97,114,54,140,150,31,141,117,1,110,111,934,39
86,87,71,86,33,70,58,101,76,163,162,52,123,139,27,113,98,36,69,122,83,153,116,27,85,97,42,143,100,935,39
11,6,99,85,87,33,114,98,47,53,58,112,211,118,26,111,125,54,141,139,35,68,122,69,183,102,26,124,140,902,39
41,57,100,67,71,85,95,70,81,138,122,41,141,98,1,68,101,28,99,95,69,154,140,2,97,87,28,98,123,836,39
56,70,46,112,29,17,57,42,93,163,149,97,143,167,94,206,140,111,140,223,140,157,169,65,122,82,84,126,141,1113,39
69,196,43,14,43,71,41,42,96,292,165,96,139,292,154,168,197,124,167,138,111,182,154,126,167,197,112,154,153,1338,39
67,70,62,125,48,114,101,138,111,181,178,112,174,182,191,316,253,21,69,146,69,183,117,95,196,209,1,139,102,1325,39
110,73,74,74,88,79,58,26,41,114,151,66,140,139,35,109,109,27,115,101,2,81,90,55,113,134,28,54,86,836,39
38,87,85,70,57,71,41,83,56,143,94,24,109,111,27,97,112,28,85,98,69,140,126,126,167,197,84,167,125,946,39
79,61,70,43,72,55,58,17,84,145,163,93,163,154,13,56,83,83,155,126,13,68,85,69,127,124,39,56,97,849,39
4,24,85,97,73,29,59,37,26,50,30,68,153,92,1,98,86,40,113,137,39,68,112,55,114,84,30,67,89,667,40
65,62,61,59,32,60,40,42,196,258,261,184,245,246,143,202,204,182,214,241,367,427,399,1160,1200,1220,234,276,274,2887,40
56,31,55,72,82,72,61,52,153,184,209,356,411,387,118,190,173,132,214,204,112,184,194,132,193,204,120,172,181,1604,40
69,62,49,52,62,51,66,60,173,235,242,164,213,226,131,183,180,121,183,173,143,194,205,151,217,202,129,189,195,1483,40
59,62,72,52,41,60,50,65,132,194,191,132,204,194,121,173,193,153,194,205,122,182,163,143,193,203,130,195,180,1394,40
50,51,61,45,52,51,73,52,141,192,191,133,194,184,151,196,212,119,171,164,142,193,194,161,234,212,121,173,194,1403,40
43,67,50,60,50,47,50,70,197,264,240,132,182,199,123,183,173,144,194,204,139,186,189,141,191,188,365,435,415,1678,40
50,42,82,49,61,61,63,45,132,174,182,358,440,400,172,221,254,124,185,173,121,182,182,323,386,384,116,161,179,1799,40
90,48,75,84,96,134,116,159,82,130,172,73,148,121,67,151,142,142,238,226,117,251,213,38,154,172,87,246,203,1408,40
96,135,84,115,105,114,21,92,116,251,212,68,152,203,141,256,225,68,173,183,58,172,163,38,59,152,256,348,277,1507,40
116,92,131,71,131,68,23,18,91,183,207,110,241,202,64,135,195,82,213,153,5,73,136,173,196,241,67,85,90,1242,40
110,133,105,144,126,128,114,111,92,225,202,58,163,191,99,243,204,28,154,172,99,227,225,56,170,184,141,252,255,1544,40
96,159,97,125,123,124,92,139,70,229,166,1,98,160,131,256,228,57,180,182,20,144,143,132,224,256,7,146,99,1373,40
88,110,104,110,23,123,104,112,155,265,243,90,194,200,80,190,184,60,83,170,429,552,452,79,183,202,58,170,162,1725,40
101,175,113,103,93,137,126,76,99,274,200,2,115,177,107,210,220,110,203,213,111,248,204,55,181,192,160,236,286,1568,40
110,103,133,95,143,73,32,24,306,409,416,59,192,162,91,186,224,89,232,184,41,114,184,192,224,265,90,114,122,1581,40
54,74,71,72,116,104,114,39,151,225,205,112,183,186,123,195,194,99,215,171,140,244,256,68,182,172,33,72,147,1370,40
80,91,94,50,93,101,93,62,129,220,209,144,238,235,141,191,235,141,234,191,153,254,246,151,244,252,121,183,214,1644,40
90,86,92,62,65,101,80,80,147,233,237,132,224,218,142,204,234,161,226,223,99,200,164,142,222,243,128,208,208,1607,40
101,92,114,65,74,107,106,91,127,219,228,153,267,245,155,220,269,142,216,207,129,236,203,108,214,215,106,197,212,1670,40
82,143,94,143,17,111,147,94,134,277,216,56,150,199,102,245,196,24,41,167,235,346,252,68,215,179,28,122,175,1478,40
37,112,84,84,96,112,103,118,92,204,129,37,121,149,141,225,225,15,111,99,48,160,144,105,208,217,14,132,117,1198,40
91,127,83,106,5,104,21,3,68,195,159,48,131,175,162,268,245,35,40,141,98,202,103,122,143,226,98,101,119,1171,40
69,138,63,51,28,117,32,33,48,186,117,321,384,459,132,183,195,62,90,113,80,197,108,127,159,244,100,133,132,1401,40
50,104,15,12,154,92,5,107,131,235,181,120,135,224,109,121,124,109,263,121,41,133,195,45,50,137,144,251,149,1238,40
80,54,24,97,85,106,105,34,91,145,171,76,100,130,49,146,73,117,202,214,49,155,134,5,110,111,108,142,213,1080,40
109,5,32,55,81,34,18,98,126,131,235,96,128,101,97,152,129,182,263,237,303,337,384,99,117,133,128,226,146,1463,40
81,33,58,94,95,18,140,112,263,296,344,64,122,97,79,173,137,79,174,173,62,80,157,548,688,566,74,186,214,1800,40
90,95,69,95,94,108,4,102,90,185,180,41,110,136,39,134,108,140,234,235,48,156,142,73,77,181,132,234,136,1220,40
96,43,65,84,65,13,114,130,183,226,279,67,132,110,68,152,133,80,145,164,72,85,137,124,238,137,92,222,206,1296,40
100,75,2,80,83,126,88,91,111,186,211,80,82,155,152,232,154,100,183,180,1,127,84,17,105,143,118,209,206,1224,41
156,147,157,135,126,109,116,96,140,287,296,205,362,352,252,387,409,194,320,329,242,351,368,264,380,373,129,225,245,2468,41
150,134,126,116,116,136,155,148,213,347,363,141,267,275,687,803,813,910,1026,1026,235,371,351,245,400,381,338,486,493,3850,41
98,42,4,74,55,71,117,17,71,113,169,89,93,131,79,153,83,78,133,152,2,73,57,109,226,180,110,127,227,1016,41
68,64,36,51,36,135,139,64,56,120,124,138,174,202,21,72,57,428,464,479,16,151,52,47,186,182,68,132,207,1367,41
128,169,209,105,134,23,20,107,83,252,211,80,289,249,121,226,330,100,234,205,111,134,245,135,155,158,39,146,59,1564,41
93,96,86,88,86,84,72,73,100,196,193,170,256,266,213,301,299,212,298,300,234,318,320,255,327,339,308,381,380,2170,41
60,130,120,118,86,82,62,112,138,268,198,157,277,287,191,309,311,210,296,328,268,350,354,675,737,757,597,709,659,3006,41
47,91,85,82,86,102,85,95,167,258,214,151,236,242,173,255,258,235,321,317,236,338,322,356,441,458,861,956,946,2852,41
63,84,64,61,86,88,84,75,161,245,224,172,236,256,239,300,303,235,321,296,237,325,323,228,312,316,243,318,327,2120,41
69,111,76,76,100,100,86,101,165,276,234,174,250,285,231,307,307,180,280,256,224,324,324,226,312,326,1954,2055,2040,3873,41
77,74,53,73,65,86,77,98,151,225,228,150,203,224,185,258,238,153,218,226,181,267,246,212,289,298,253,351,330,1888,41
63,84,108,97,110,85,96,83,108,192,171,130,238,214,160,257,268,171,281,268,210,295,320,222,318,307,245,328,341,1972,41
104,96,87,85,96,107,127,94,127,223,231,161,248,257,130,215,217,129,225,214,129,236,225,172,299,279,318,412,445,1962,41
66,145,75,108,87,105,106,84,131,276,197,131,206,276,118,226,193,139,226,247,162,267,249,181,287,286,276,360,382,1914,41
34,86,95,96,107,105,107,85,117,203,151,109,204,195,111,207,206,109,216,205,110,215,217,131,238,236,161,246,268,1563,41
64,76,76,75,64,75,72,66,107,183,171,120,196,196,119,194,195,142,206,217,141,216,205,154,226,229,182,248,254,1533,41
66,75,75,87,108,105,107,93,111,186,177,132,207,207,138,225,213,118,226,205,130,235,238,161,268,266,184,277,291,1690,41
80,85,95,97,98,96,100,94,97,182,177,89,184,174,82,179,177,86,184,183,109,205,207,108,208,204,129,223,229,1445,41
64,64,95,116,96,82,90,84,130,194,194,131,226,195,89,205,184,110,206,226,165,247,261,166,256,248,164,248,254,1646,41
61,94,77,84,86,97,106,39,129,223,190,122,199,216,141,225,218,109,195,193,109,206,195,150,256,247,1996,2035,2102,3400,41
121,93,64,117,106,90,103,86,101,194,222,113,177,206,221,338,285,91,197,208,155,245,261,196,299,286,193,279,296,1850,41
90,77,107,94,74,74,84,94,121,198,211,118,225,195,132,226,239,184,258,278,183,257,257,223,307,297,265,359,349,1920,41
139,95,63,136,75,107,76,139,97,192,236,183,246,278,175,311,238,108,183,244,130,237,205,131,207,238,129,268,205,1783,41
56,66,63,86,85,102,70,96,140,206,196,141,204,207,131,217,194,110,195,196,128,230,213,132,202,234,119,215,189,1525,41
31,84,88,97,76,140,100,98,138,222,169,87,175,171,129,226,217,119,195,216,109,249,185,54,154,194,128,226,228,1478,41
57,87,75,93,95,127,86,95,108,195,165,98,173,185,134,227,209,99,194,192,112,239,207,130,216,257,120,215,206,1516,41
46,85,85,117,82,116,75,105,133,218,179,98,183,183,121,238,206,90,172,207,121,237,203,123,198,239,129,234,204,1526,41
87,118,97,105,94,107,76,98,66,184,153,88,185,206,110,215,207,100,194,205,120,227,214,99,175,206,129,227,205,1494,41
48,103,98,119,96,109,87,89,101,204,149,92,190,195,107,226,205,97,193,216,130,239,226,106,193,215,109,198,196,1491,41
101,107,86,103,86,104,109,107,99,206,200,100,186,207,120,223,206,90,176,193,123,227,209,119,228,223,98,205,207,1552,42
75,92,118,91,86,93,103,101,107,199,182,129,247,221,208,299,326,205,291,296,548,641,634,134,237,227,334,435,437,2424,42
72,83,91,94,94,115,96,68,106,189,178,167,258,250,204,298,295,875,969,969,191,306,285,134,230,249,376,444,472,2766,42
82,87,68,96,120,71,68,75,2471,2558,2553,1984,2052,2071,2145,2241,2213,1154,1274,1250,3795,3866,3915,2549,2617,2620,3230,3305,3298,17995,42
92,94,70,81,72,83,82,82,79,173,171,117,187,211,117,198,187,118,190,199,88,171,160,79,161,162,79,161,161,1333,42
84,92,72,80,76,97,78,83,92,184,176,94,166,186,117,197,189,98,174,178,78,175,154,81,159,178,92,175,170,1314,42
49,96,107,106,94,91,94,78,118,214,167,78,185,174,69,175,176,65,159,171,94,185,188,81,175,172,108,186,202,1328,42
80,81,82,96,85,93,82,107,102,183,182,106,188,187,154,250,236,177,262,273,365,458,450,515,597,608,426,533,508,2551,42
105,82,70,82,93,93,105,86,117,199,222,104,174,186,92,174,162,69,162,151,71,164,164,239,344,332,402,488,507,1810,42
103,81,96,84,68,81,81,76,91,172,194,107,203,188,139,223,235,140,208,224,92,173,160,83,164,164,3842,3918,3923,5164,42
81,96,94,82,92,117,107,119,100,196,181,91,185,187,117,199,211,95,187,177,342,459,434,204,311,321,341,460,448,2078,42
51,15,13,21,13,16,8,12,95,110,146,49,62,64,46,67,59,52,65,73,64,80,77,32,40,48,83,95,91,570,42
66,30,16,87,16,38,11,55,72,102,138,32,48,62,1,88,17,62,78,149,40,78,56,51,62,89,38,93,49,615,42
51,74,82,73,73,72,16,36,85,159,136,33,115,107,67,140,149,51,124,124,2,74,75,19,35,91,138,174,154,872,42
65,87,105,52,49,102,65,81,69,156,134,49,154,136,93,145,198,61,110,113,58,160,107,20,85,122,17,98,82,973,42
65,52,15,92,48,75,12,60,97,149,162,259,274,311,19,111,34,48,96,140,2,77,50,81,93,156,16,76,28,941,42
29,56,69,57,42,46,27,30,142,198,171,57,126,113,228,285,297,258,300,315,40,86,82,46,73,92,44,74,71,1171,42
36,68,83,68,93,25,56,9,279,347,315,80,163,148,230,298,313,19,112,87,44,69,137,23,79,48,290,299,346,1403,42
58,82,68,18,44,95,100,42,93,175,151,79,147,161,108,126,176,36,80,54,2,97,46,27,127,122,1,43,101,853,42
71,80,86,92,96,84,15,29,94,174,165,93,179,173,64,156,150,215,311,307,91,175,187,103,118,187,147,176,162,1360,42
90,97,84,91,88,53,76,62,84,181,174,76,160,173,123,214,207,221,309,312,1,54,89,18,94,71,3,65,79,1167,42
90,84,82,68,94,94,33,10,106,190,196,77,159,161,107,175,189,80,174,148,67,161,161,71,104,165,66,76,99,1129,42
92,84,26,12,72,9,8,8,83,167,175,277,303,361,51,63,77,34,106,46,55,64,127,54,62,63,117,125,125,982,42
93,80,93,92,59,94,13,11,102,182,195,119,212,199,46,138,139,2,61,94,20,114,79,1,14,95,116,127,129,941,42
114,93,92,93,137,71,89,13,95,188,209,104,196,197,145,238,237,1,138,94,1,72,138,24,113,95,11,24,100,1083,42
77,79,67,18,9,64,18,10,94,173,171,108,175,187,107,125,174,67,76,85,245,309,254,133,151,197,42,52,60,1138,42
63,70,68,67,81,81,72,72,132,202,195,129,197,199,106,173,174,94,175,161,82,163,163,80,152,161,77,149,149,1274,42
92,96,82,93,115,41,48,14,91,187,183,91,173,187,130,223,212,44,159,137,2,43,117,28,76,69,63,77,111,1030,42
79,77,73,74,79,167,90,94,95,172,174,81,154,158,107,181,180,96,175,170,83,250,162,4513,4603,4680,104,198,194,5812,42
62,98,96,73,135,61,102,33,77,175,139,115,211,213,64,137,160,3,138,76,2,63,137,38,140,99,38,71,140,997,42
94,91,82,34,11,31,15,82,103,194,197,110,192,201,113,147,195,83,94,117,47,78,58,63,78,94,65,147,80,1024,43
151,112,112,116,109,122,140,158,58,170,209,93,205,205,73,189,185,91,200,207,75,197,184,83,223,205,77,235,217,1570,43
122,120,122,114,121,137,142,148,88,208,210,65,187,185,73,187,195,73,194,187,72,209,193,48,190,185,65,213,207,1510,43
100,126,131,120,119,61,185,128,82,208,182,603,734,729,94,214,225,75,194,195,119,180,238,93,278,154,80,208,265,2116,43
130,107,105,64,127,107,125,110,99,206,229,88,193,195,90,154,195,346,473,410,68,175,195,37,162,144,60,170,185,1663,43
92,110,119,129,141,138,152,202,85,195,177,75,194,185,36,165,155,55,196,184,53,191,194,58,210,196,43,245,195,1488,43
109,121,141,133,130,98,323,154,92,213,201,97,238,218,55,188,196,82,212,215,75,173,205,467,790,565,46,200,369,2123,43
119,127,127,94,130,134,130,126,96,223,215,48,175,175,69,163,196,92,222,186,38,172,168,695,825,829,45,171,175,2070,43
134,129,120,106,130,142,157,136,57,186,191,76,196,205,45,151,165,78,208,184,46,188,176,21,178,163,27,163,184,1404,43
106,116,141,137,122,119,109,79,48,164,154,79,220,195,36,173,177,36,158,173,63,182,185,66,175,185,85,164,194,1342,43
102,147,117,170,131,157,156,104,297,444,399,28,145,175,262,432,379,422,553,592,91,248,222,58,214,215,51,155,207,2293,43
141,110,117,130,141,131,118,138,49,159,190,86,203,196,37,167,154,38,179,168,29,160,170,35,153,166,46,184,164,1346,43
116,100,99,123,110,128,108,126,82,182,198,56,155,156,85,208,184,63,173,186,54,182,164,57,165,185,55,181,163,1362,43
125,128,130,125,109,112,124,120,53,181,178,47,177,175,36,161,166,80,189,205,86,198,195,84,208,196,61,181,185,1420,43
148,126,118,142,129,132,118,116,67,193,215,523,641,649,36,178,154,298,427,440,68,200,197,64,182,196,79,195,197,2164,43
118,134,130,127,114,98,109,94,94,228,212,35,165,169,76,203,206,458,572,585,83,181,197,77,186,175,96,190,205,1843,43
123,139,131,110,123,145,159,140,68,207,191,47,178,186,63,173,194,74,197,184,47,192,170,48,207,193,66,206,225,1483,43
120,131,137,137,123,140,142,121,104,235,224,40,177,171,60,197,197,30,153,167,69,209,192,26,168,166,53,174,195,1433,43
111,128,132,130,119,123,130,118,83,211,194,45,177,173,64,194,196,55,174,185,67,190,186,61,191,184,65,183,195,1431,43
127,148,140,137,130,142,145,148,57,205,184,27,167,175,26,163,166,39,169,176,63,205,193,42,187,184,30,178,175,1401,43
148,143,152,135,160,158,165,138,27,170,175,73,225,216,28,163,180,55,215,190,37,195,197,27,192,185,62,200,227,1508,43
61,101,117,160,126,116,107,94,361,462,422,37,154,138,38,198,155,25,151,185,264,380,390,50,157,166,77,171,184,1734,43
139,106,140,140,132,126,116,167,105,211,244,77,217,183,55,195,195,458,590,598,42,168,174,266,382,392,89,256,205,2158,43
119,65,100,107,139,169,157,110,91,156,210,136,236,201,81,188,181,107,246,214,24,193,163,31,188,200,88,198,245,1524,43
86,118,150,119,62,136,151,197,84,202,170,85,235,203,67,186,217,140,202,259,470,606,532,50,201,186,45,242,196,1960,43
125,116,136,127,116,156,156,135,39,155,164,69,205,185,48,175,184,377,493,504,49,205,165,33,189,189,25,160,181,1707,43
111,97,148,137,107,137,136,158,68,165,179,66,214,163,48,185,196,81,188,218,119,256,226,26,162,163,58,216,194,1497,43
122,99,97,120,116,138,106,105,108,207,230,107,204,206,86,206,183,76,192,196,481,619,597,68,174,206,89,194,195,1918,43
92,64,149,127,121,116,131,136,132,196,224,79,228,143,77,204,226,79,200,206,75,191,196,69,200,185,45,181,176,1492,43
133,107,126,117,95,161,118,106,96,203,229,77,203,184,81,198,207,78,173,195,101,262,196,23,141,184,109,215,227,1528,43
98,127,142,325,124,131,130,119,110,237,208,37,179,164,107,432,249,64,188,389,30,161,154,43,173,174,47,166,177,1634,44
100,70,78,65,76,82,70,81,379,449,479,788,866,858,669,734,747,584,660,649,710,792,786,330,400,412,1178,1259,1248,5260,44
72,88,52,86,117,95,79,63,304,392,376,373,425,461,540,626,592,425,542,511,314,409,431,854,933,949,305,368,384,3767,44
91,82,61,62,71,66,36,71,259,341,350,167,228,249,165,227,226,122,193,184,625,691,696,338,374,404,282,353,318,2498,44
54,44,44,62,66,50,47,53,200,244,254,324,368,368,755,817,799,344,410,406,400,450,466,237,284,287,3574,3627,3621,6254,44
63,76,63,94,96,79,79,71,590,666,653,639,702,715,556,650,619,223,319,317,262,341,358,255,334,334,230,301,309,3376,44
101,87,62,79,65,71,91,55,181,268,282,188,250,275,280,359,342,171,236,250,152,223,217,230,321,301,226,281,317,2039,44
62,77,53,70,59,51,62,46,174,251,236,214,267,291,489,559,542,325,384,395,156,207,215,115,177,166,297,343,359,2250,44
91,63,35,62,52,58,29,54,158,221,249,147,182,210,147,209,182,124,176,186,593,651,645,163,192,221,122,176,151,1898,44
102,70,80,72,64,45,77,72,96,166,198,113,193,183,86,158,166,128,192,200,121,166,185,364,441,409,273,345,350,1763,44
63,62,49,86,61,70,46,72,122,184,185,135,184,197,114,200,163,338,399,424,241,311,302,138,184,208,2381,2453,2427,3978,44
55,70,53,46,71,22,21,59,123,193,178,131,184,201,121,167,174,271,342,317,112,134,183,121,142,143,95,154,116,1371,44
50,52,53,63,69,47,61,64,99,151,149,114,167,166,97,160,150,97,166,160,122,169,191,95,156,142,106,170,167,1189,44
46,60,54,71,54,75,71,68,126,186,172,131,185,191,79,150,133,88,142,159,212,287,266,67,138,142,89,157,160,1291,44
45,70,69,70,63,87,80,28,105,175,150,98,167,168,114,184,183,80,143,150,87,174,150,64,144,151,112,140,192,1172,44
64,71,70,71,63,61,71,79,122,193,186,130,200,201,113,184,183,104,167,175,97,158,160,114,185,175,87,166,158,1317,44
55,61,79,53,78,62,53,71,114,175,169,122,201,183,112,165,191,173,251,226,146,208,224,131,184,193,121,192,174,1431,44
68,69,70,53,45,36,22,62,123,192,191,90,160,159,131,184,201,137,182,190,131,167,176,137,159,173,154,216,176,1328,44
68,87,71,79,79,54,54,47,98,185,166,72,143,159,105,184,176,88,167,167,104,158,183,88,142,142,121,168,175,1215,44
35,78,80,71,63,48,46,62,120,198,155,113,193,191,88,159,168,87,150,158,96,144,159,119,165,167,96,158,142,1202,44
76,78,89,77,61,89,55,53,96,174,172,96,185,174,55,132,144,123,184,200,95,184,156,104,159,193,96,149,151,1243,44
66,78,57,55,63,48,54,55,89,167,155,87,144,165,102,157,159,79,142,134,111,159,174,111,165,159,114,169,168,1169,44
41,62,62,70,61,64,71,64,122,184,163,96,158,158,88,158,150,80,141,150,115,179,176,78,149,142,70,134,141,1144,44
67,63,73,47,80,71,73,73,105,168,172,96,169,159,85,132,158,103,183,150,146,217,226,113,186,184,93,166,166,1288,44
74,70,61,46,55,50,46,54,88,158,162,73,134,143,113,159,174,96,151,142,146,196,201,117,163,167,71,125,117,1160,44
67,86,63,53,69,63,37,54,115,201,182,81,144,167,88,141,151,89,158,142,80,143,149,112,149,175,106,160,143,1163,44
70,22,65,79,100,72,71,37,131,153,201,102,167,124,103,182,168,87,187,166,76,148,176,102,173,174,122,159,193,1239,44
49,78,70,56,46,21,71,48,81,159,130,97,167,175,88,144,158,111,157,167,137,158,183,256,327,277,168,216,239,1377,44
69,86,62,37,54,83,32,71,98,184,167,72,134,158,105,142,167,96,150,133,96,179,150,101,133,184,68,139,100,1130,44
75,129,79,113,112,82,105,101,74,203,149,139,218,268,69,182,148,30,142,143,96,178,208,469,574,551,212,313,317,1885,44
54,89,87,106,137,96,106,147,81,170,135,102,189,191,79,185,166,238,375,344,62,158,199,338,444,434,244,391,350,1966,45
36,97,74,113,34,53,49,9,822,919,858,92,166,189,20,133,94,12,46,125,23,76,57,64,113,117,103,112,152,1601,45
9,73,79,140,89,52,77,159,364,437,373,40,119,113,26,166,105,25,114,165,33,85,122,6,83,58,47,206,124,1219,45
11,267,110,34,47,129,150,58,77,344,88,48,158,315,686,720,796,79,126,113,41,170,88,51,201,180,40,98,190,1828,45
38,50,6,32,36,5,43,7,18,68,56,70,76,120,32,64,38,85,121,117,81,86,117,36,79,41,73,80,116,612,45
110,127,43,50,15,57,35,7,28,155,138,9,52,136,62,112,105,121,136,171,14,71,29,75,110,132,3,10,38,756,45
44,41,68,79,79,60,75,65,149,190,193,183,251,224,124,203,192,155,234,234,139,199,218,129,204,189,69,134,144,1459,45
222,82,86,19,89,107,102,80,60,142,282,139,225,221,334,353,420,273,362,292,172,279,261,1261,1363,1368,52,132,154,3078,45
50,69,35,8,6,20,19,45,126,195,176,45,80,114,48,56,83,51,57,59,82,102,88,28,47,48,21,66,40,653,45
5,224,904,198,93,528,276,125,52,276,57,24,928,248,39,237,943,54,147,252,37,565,130,44,320,572,41,166,317,2644,45
84,78,49,60,3,35,44,14,90,168,174,52,101,130,102,162,151,90,93,150,22,57,25,89,133,124,10,24,54,822,45
11,31,31,37,18,34,45,54,36,67,47,87,118,118,63,100,94,48,66,85,64,98,82,48,93,82,3,57,48,610,45
6,93,28,25,15,24,6,26,34,127,40,60,88,153,22,47,50,85,100,110,23,47,38,84,90,108,28,54,34,559,45
13,54,9,69,31,28,13,17,62,116,75,103,112,157,42,111,51,8,39,77,57,85,88,80,93,108,47,64,60,633,45
8,5,50,82,33,18,55,14,54,59,62,42,92,47,29,111,79,2,35,84,1,19,34,94,149,112,99,113,154,586,45
46,98,22,86,67,4,20,4,3,101,49,30,52,128,62,148,84,80,147,166,82,86,149,53,73,57,101,105,121,758,45
22,95,234,116,127,114,115,273,66,161,88,42,276,137,43,159,277,32,159,148,34,148,161,26,141,140,36,309,151,1375,45
53,128,36,32,29,15,41,23,214,342,267,50,86,178,69,101,105,42,71,74,126,141,155,172,213,187,91,114,132,1121,45
97,115,140,117,129,114,428,161,206,321,303,81,221,196,62,179,202,51,180,168,30,144,159,40,468,154,33,194,461,1804,45
12,95,78,105,103,126,81,16,279,374,291,236,314,331,89,194,167,26,129,131,33,159,136,52,133,178,294,310,375,1625,45
49,79,53,41,267,255,72,9,53,132,102,48,101,127,164,205,217,137,404,178,20,275,287,8,80,263,11,20,83,1266,45
5,72,22,159,120,135,12,36,74,146,79,64,86,136,377,536,399,110,230,269,56,191,176,58,70,193,211,247,223,1511,45
60,69,23,109,118,105,92,130,123,192,183,210,233,279,129,238,152,113,231,222,88,193,206,103,195,208,64,194,156,1536,45
76,111,223,85,122,103,66,280,143,254,219,69,292,180,68,153,291,49,171,134,36,139,158,100,166,203,56,336,122,1587,45
6,81,86,14,8,92,100,102,140,221,146,99,185,180,72,86,158,70,78,84,75,167,83,82,182,174,30,132,130,1057,45
73,87,42,82,74,34,105,81,83,170,156,154,196,241,90,172,132,68,142,150,102,136,176,51,156,85,69,150,174,1195,45
48,71,77,105,98,90,67,74,184,255,232,117,194,188,90,195,167,163,261,268,104,194,202,147,214,237,132,206,199,1567,45
7,63,54,101,97,59,76,58,82,145,89,87,141,150,370,471,424,44,141,145,60,119,157,66,142,125,23,81,99,1247,45
45,58,93,159,75,32,103,84,85,143,130,88,181,146,30,189,123,32,107,191,51,83,126,55,158,87,55,139,158,1045,45
43,46,55,74,76,69,34,49,101,147,144,82,137,128,112,186,167,19,95,93,30,99,106,58,92,127,52,101,86,900,45
35,69,98,110,94,122,122,125,231,300,266,120,218,189,79,189,177,151,245,261,106,228,200,81,203,203,46,171,168,1589,46
87,129,97,85,97,114,85,71,1,130,88,24,121,153,23,108,120,13,110,98,2,116,99,59,144,173,954,1025,1039,1841,46
47,107,130,108,130,133,141,86,397,504,444,447,577,554,275,383,405,282,412,390,283,416,413,752,893,885,480,566,621,3798,46
81,65,111,83,75,103,94,75,240,305,321,274,385,339,220,303,331,230,305,313,220,323,295,205,299,308,145,220,239,2221,46
116,119,158,119,135,140,155,120,162,281,278,184,342,303,180,299,338,214,349,333,199,339,334,196,351,336,121,241,276,2318,46
64,78,104,83,96,116,119,117,236,314,300,224,328,302,200,283,304,221,317,304,221,337,317,188,307,304,156,273,275,2223,46
60,129,130,152,139,132,97,95,230,359,290,174,304,303,209,361,339,318,457,470,166,298,305,195,292,327,156,251,253,2382,46
108,118,97,130,88,132,100,131,144,262,252,492,589,610,99,229,196,457,545,587,77,209,165,372,472,504,52,183,152,2597,46
101,134,107,110,106,131,120,142,98,232,199,314,421,448,101,211,208,316,422,426,79,210,185,283,403,414,76,218,196,2218,46
45,112,89,99,77,76,93,65,66,178,111,343,432,455,66,165,155,400,477,499,88,164,165,419,512,495,88,153,181,2126,46
113,116,118,124,121,111,121,103,79,195,192,234,352,350,66,190,184,182,303,306,95,206,216,251,372,362,116,219,237,1950,46
65,141,131,117,98,129,137,129,832,973,897,184,315,325,188,305,319,175,273,292,154,283,252,156,293,285,90,219,227,2726,46
49,87,98,84,73,82,120,86,229,316,278,185,283,272,210,294,308,253,326,337,256,338,329,231,351,313,285,371,405,2328,46
136,132,129,122,121,127,120,121,125,257,261,153,282,285,185,307,314,186,307,308,218,345,339,167,287,294,117,238,237,2159,46
77,79,119,97,112,109,107,118,260,339,337,208,327,287,186,283,305,241,353,338,235,344,347,209,316,318,188,306,295,2345,46
77,90,87,97,98,87,85,72,230,320,307,246,333,336,264,361,351,240,338,337,251,338,349,242,327,329,213,285,298,2379,46
85,157,108,118,66,95,100,96,174,331,259,129,237,286,208,326,316,272,338,390,189,284,255,210,310,305,96,192,196,2103,46
78,132,138,117,148,121,93,101,177,309,255,164,302,296,209,326,347,202,350,319,175,296,323,211,304,332,230,331,323,2296,46
155,130,152,138,127,94,97,101,143,273,298,132,284,262,189,327,341,200,327,338,168,262,295,165,262,259,108,209,205,2099,46
142,132,152,130,130,95,142,118,151,283,293,196,348,328,208,338,360,245,375,375,238,333,368,220,362,315,122,240,264,2421,46
66,100,102,88,85,71,77,51,133,233,199,95,197,195,115,203,217,142,227,230,160,231,245,129,206,200,124,175,201,1538,46
12,83,89,86,62,74,86,85,211,294,223,217,306,300,188,274,277,383,445,469,242,316,304,229,315,303,274,359,360,2321,46
61,77,74,63,74,87,76,52,207,284,268,228,302,305,231,294,305,233,307,296,229,316,303,230,306,317,426,478,502,2348,46
100,143,143,133,154,105,140,86,161,304,261,160,303,303,274,407,417,304,458,437,263,368,417,286,426,391,219,305,359,2671,46
63,79,121,123,99,93,86,141,306,385,369,300,421,379,647,770,768,235,334,358,242,335,341,507,593,600,282,423,368,3324,46
79,119,129,131,131,166,129,112,219,338,298,167,296,286,153,284,282,164,295,295,119,285,250,140,269,306,100,212,229,2058,46
46,85,67,86,89,53,99,64,168,253,214,143,210,228,184,270,251,163,252,249,185,238,274,164,263,217,144,208,243,1740,46
38,73,97,87,85,86,74,84,234,307,272,173,270,246,197,284,294,196,281,283,200,286,285,197,271,283,167,251,241,1988,46
58,116,105,95,70,84,96,87,202,318,260,152,257,268,159,254,264,191,261,286,167,251,237,156,252,240,164,251,260,1902,46
44,91,99,94,97,99,92,63,166,257,210,148,247,239,149,243,248,158,255,252,166,265,263,140,232,239,150,213,242,1756,46
105,97,78,98,97,84,53,74,111,208,216,105,183,202,123,221,201,107,204,205,125,209,222,143,196,227,155,229,208,1555,47
88,96,112,109,72,118,70,111,240,336,328,2660,2772,2756,356,465,468,4167,4239,4276,451,569,523,1705,1775,1823,572,683,642,10927,47
85,84,68,85,109,97,117,82,191,275,276,1367,1435,1451,672,757,740,2587,2696,2672,83,180,192,2511,2628,2608,1231,1313,1348,9369,47
84,75,87,84,86,71,95,60,2084,2159,2168,1277,1364,1352,1806,1890,1893,2040,2126,2124,1346,1417,1432,1954,2049,2025,761,821,856,11910,47
78,34,93,72,108,96,95,57,1442,1476,1520,877,970,911,947,1019,1040,1277,1385,1349,505,601,613,1235,1330,1331,592,649,687,7508,47
77,96,60,94,80,96,69,92,774,870,851,1620,1680,1716,1098,1192,1158,3158,3238,3252,1606,1702,1686,2906,2975,3002,748,840,817,12574,47
55,105,53,84,90,81,70,67,1973,2078,2028,2211,2264,2316,706,790,759,956,1046,1040,1235,1316,1325,638,708,719,1257,1324,1327,9581,47
86,88,93,58,108,83,34,35,910,998,996,4801,4894,4889,1319,1377,1412,2812,2920,2870,1586,1669,1694,2782,2816,2865,2492,2527,2526,17287,47
94,92,80,70,82,80,121,111,1222,1314,1316,935,1015,1027,1064,1134,1144,1463,1545,1533,1475,1555,1557,882,1003,962,432,543,553,8203,47
90,92,80,84,85,83,77,93,746,838,836,981,1061,1073,374,458,454,833,918,917,2213,2296,2298,1637,1714,1720,713,806,790,8181,47
73,82,92,93,105,110,117,54,1520,1602,1593,949,1041,1031,1253,1346,1345,1711,1816,1804,1279,1389,1384,1750,1867,1860,1585,1639,1702,10773,47
72,95,107,83,83,96,111,64,202,297,274,357,464,452,399,482,506,306,389,389,216,312,299,314,425,410,350,414,461,2855,47
72,119,81,109,111,84,110,82,253,372,325,668,749,787,852,961,933,413,524,522,585,669,696,623,733,707,558,640,668,4720,47
85,99,71,85,84,49,60,121,260,359,345,879,950,978,338,423,409,357,441,442,370,419,454,613,673,662,506,627,566,3977,47
53,94,83,106,96,73,100,80,276,370,329,436,519,530,534,640,617,301,397,407,320,393,416,392,492,465,386,466,486,3330,47
95,95,121,107,107,100,85,84,130,225,225,513,634,608,1077,1184,1198,385,492,492,285,385,392,961,1046,1061,638,722,723,4783,47
80,79,96,70,142,71,63,91,647,726,727,724,820,803,617,687,713,700,842,770,485,556,627,768,831,839,974,1065,1037,5607,47
93,109,108,95,61,100,100,119,412,521,505,481,589,590,632,727,740,493,554,588,242,342,303,395,495,495,860,979,960,4300,47
103,72,112,123,78,98,104,95,419,491,522,413,525,485,332,455,444,485,563,608,732,830,810,517,621,615,276,371,380,3959,47
94,128,112,107,95,95,152,111,601,729,695,326,438,454,316,423,428,556,651,663,407,502,502,442,594,537,544,655,696,4086,47
76,100,86,92,96,95,106,84,380,480,456,548,634,648,691,783,777,301,397,393,412,507,508,528,634,623,420,504,526,4015,47
77,73,40,95,96,107,95,93,315,388,392,729,769,802,763,858,803,204,300,299,203,310,299,489,584,596,1599,1692,1694,4978,47
82,111,119,100,123,106,120,115,1067,1178,1149,181,300,292,233,333,352,404,527,504,329,435,452,374,494,480,216,331,336,3680,47
30,49,96,84,106,84,109,111,611,660,641,388,484,437,227,311,323,493,599,577,302,386,408,594,703,678,394,505,503,3678,47
71,96,82,122,124,97,111,88,470,566,541,170,252,266,306,428,388,244,368,366,349,446,473,295,406,392,253,341,364,2878,47
56,100,106,139,126,101,151,96,479,579,535,229,335,329,305,444,411,232,358,371,292,393,418,762,913,863,573,669,724,3747,47
78,96,108,95,113,96,74,81,529,625,607,226,334,322,290,385,398,273,386,368,436,532,549,683,757,779,797,878,871,3975,47
67,119,125,122,111,99,104,122,106,225,173,272,397,391,1001,1123,1126,572,683,694,551,650,662,680,784,779,623,745,727,4674,47
41,108,110,96,120,108,112,106,202,310,243,284,394,392,558,654,668,294,414,390,388,496,508,384,496,492,1303,1409,1415,4214,47
72,194,86,112,84,95,122,115,155,349,227,597,683,791,444,556,530,282,366,394,487,582,571,581,703,676,401,516,523,3827,47
47,74,99,101,107,100,91,79,139,213,186,225,324,299,359,460,458,200,307,301,334,434,441,374,465,474,1259,1338,1350,3588,48
117,42,84,85,63,109,106,83,235,277,352,280,364,322,214,299,298,200,263,285,197,306,260,156,262,265,101,184,207,2072,48
95,101,124,99,59,59,51,51,200,301,295,239,363,340,149,248,273,156,215,255,487,546,546,304,355,363,3196,3247,3247,5370,48
44,75,100,85,84,77,84,84,367,442,411,314,414,389,271,356,371,246,330,331,214,291,298,468,552,545,181,265,265,2694,48
85,60,88,69,84,75,34,85,317,377,402,296,384,356,226,295,314,287,371,356,280,355,364,256,290,331,437,522,471,2679,48
96,67,52,67,76,68,76,51,324,391,420,254,306,321,387,454,439,272,348,339,370,438,446,255,331,323,387,438,463,2802,48
101,84,76,77,85,76,69,60,267,351,368,321,397,405,254,331,330,328,413,405,279,355,364,329,398,405,179,239,248,2585,48
65,60,74,76,77,93,76,68,263,323,328,246,320,306,249,325,323,320,397,396,262,355,339,296,372,389,246,314,322,2471,48
86,76,52,79,84,84,75,61,233,309,319,403,455,479,243,322,295,330,414,409,238,322,322,305,380,389,139,200,214,2488,48
104,76,85,76,69,59,68,52,157,233,261,271,356,347,147,223,232,296,365,372,196,255,265,238,306,297,180,232,248,2074,48
81,93,76,67,60,67,67,70,147,240,228,222,298,315,140,207,216,214,274,281,148,215,208,447,514,514,156,226,223,2055,48
77,43,55,101,51,76,60,77,241,284,318,227,282,270,155,256,210,213,264,314,181,257,232,263,323,339,171,248,231,1991,48
61,51,43,34,35,51,43,69,208,259,269,288,331,339,271,305,314,338,373,372,271,322,306,313,356,364,221,290,264,2297,48
100,76,69,49,59,68,52,42,230,306,330,255,324,331,208,257,277,262,321,311,205,273,264,238,290,306,214,256,266,2127,48
79,68,84,85,84,92,84,73,188,256,267,230,314,298,156,241,240,262,346,347,165,257,249,180,264,272,140,213,224,1970,48
85,76,85,68,68,84,60,36,184,260,269,205,290,281,155,223,240,213,281,281,189,273,257,164,224,248,171,207,231,1843,48
64,58,53,52,60,67,63,51,207,265,271,190,243,248,194,246,247,221,281,273,172,239,232,222,285,289,136,187,199,1810,48
85,51,44,51,34,49,51,50,210,261,295,246,290,297,222,273,266,329,363,380,247,296,281,283,334,332,222,272,273,2174,48
54,52,43,31,43,43,35,31,212,264,266,321,364,373,206,237,249,341,384,372,198,241,241,279,314,322,186,217,221,2075,48
55,59,36,66,22,69,43,38,173,232,228,206,242,265,179,245,215,213,235,279,3969,4038,3991,279,322,348,321,359,364,5728,48
82,53,68,51,51,43,59,52,188,241,270,221,289,274,172,223,240,264,315,315,272,315,323,297,356,340,181,233,240,2054,48
53,59,51,51,42,60,53,51,234,293,287,230,281,289,264,315,315,272,314,323,230,290,272,271,324,331,204,255,257,2125,48
61,67,51,50,44,46,43,43,217,284,278,231,282,298,238,288,289,298,342,348,296,342,340,326,369,372,271,314,314,2282,48
73,113,67,75,60,77,84,86,231,344,304,1212,1279,1325,264,339,331,305,365,380,255,332,315,279,363,356,188,274,272,3369,48
85,68,68,76,76,104,68,68,209,277,294,230,298,298,238,314,306,330,406,406,255,359,331,342,410,446,239,307,307,2456,48
135,71,68,67,42,52,74,60,262,333,397,289,357,360,271,338,339,347,389,414,313,365,355,346,420,398,273,333,347,2670,48
97,77,76,68,60,38,67,84,520,597,617,305,381,382,280,348,356,354,414,422,350,388,410,330,397,368,199,283,266,2905,48
93,77,68,106,60,59,58,51,193,270,286,263,331,340,316,422,384,305,365,411,289,348,349,372,430,431,255,306,313,2565,48
73,26,50,35,44,43,59,61,289,315,362,330,380,356,282,317,332,345,389,380,296,339,340,363,422,406,197,258,256,2493,48
86,5,35,66,35,43,52,43,297,302,383,278,313,283,264,330,299,338,373,404,305,348,340,338,390,381,279,322,331,2464,48
46,51,42,60,53,59,28,52,265,316,311,264,306,315,206,266,248,263,316,323,220,279,273,247,275,306,211,263,239,2067,49
114,79,100,68,89,99,99,89,103,182,217,125,225,204,107,175,207,125,214,193,74,173,163,62,161,161,75,164,174,1408,49
77,100,57,109,97,110,102,99,158,258,235,115,172,215,76,185,133,74,171,183,76,186,173,59,161,169,65,164,167,1374,49
81,78,88,89,78,100,106,111,136,214,217,94,182,172,75,164,163,72,150,161,64,164,142,52,158,152,35,146,141,1259,49
82,76,108,37,55,81,63,4,127,203,209,108,216,184,63,100,171,41,96,78,28,109,83,2,65,83,39,43,102,914,49
99,69,36,63,3,102,69,99,161,230,260,114,150,183,110,173,146,94,97,157,17,119,20,2,71,104,3,102,72,1041,49
65,6,66,109,89,24,99,100,250,256,315,67,133,73,173,282,239,73,162,182,118,142,207,61,160,85,86,186,185,1386,49
77,162,81,98,67,98,24,88,101,263,178,4,85,166,85,183,166,84,151,182,65,163,132,125,149,223,76,164,100,1235,49
162,68,131,109,109,18,100,110,2,70,164,63,194,131,66,175,197,64,173,173,163,181,272,44,144,62,65,175,165,1274,49
95,98,103,95,109,133,146,100,87,185,182,72,175,170,83,178,186,164,273,259,64,197,173,61,207,194,28,128,174,1438,49
143,77,88,66,178,71,98,99,46,123,189,95,183,172,75,141,163,73,251,139,2,73,180,74,172,145,53,152,151,1238,49
125,123,89,89,77,110,109,110,67,190,192,46,135,169,75,164,164,51,128,140,281,391,358,75,184,185,63,173,172,1490,49
137,77,194,74,99,89,44,109,68,145,205,356,550,433,2,76,196,259,358,333,63,152,162,116,160,205,66,175,110,1753,49
107,146,88,97,110,163,95,89,75,221,182,28,116,174,87,184,175,63,173,160,65,228,175,1,96,164,76,165,171,1290,49
97,57,87,78,90,127,99,90,112,169,209,65,152,122,76,154,163,60,150,138,75,202,165,45,144,172,74,164,173,1232,49
74,75,16,110,99,120,176,258,107,182,181,145,161,220,66,176,82,40,139,150,43,163,142,30,206,150,2,260,178,1361,49
59,88,88,144,99,87,76,178,94,182,153,73,161,161,87,231,175,25,124,169,77,164,176,74,150,161,65,243,141,1314,49
78,83,73,89,217,119,86,66,162,245,240,158,231,241,76,165,149,117,334,206,20,139,237,57,143,176,74,140,160,1475,49
8,88,109,132,492,131,12,120,64,152,72,63,172,151,55,187,164,51,543,183,50,181,542,163,175,294,73,193,85,1611,49
84,89,86,164,121,99,99,183,89,178,173,128,214,217,74,238,160,20,141,184,64,163,185,62,161,161,53,236,152,1415,49
80,89,135,99,110,88,168,93,83,172,163,74,209,163,28,127,163,73,183,172,54,142,164,84,252,172,3,96,171,1261,49
26,89,89,72,165,60,87,120,53,142,79,75,164,164,67,139,156,76,241,148,1,61,166,57,144,117,40,160,127,1077,49
73,98,99,90,121,165,106,110,110,208,183,20,119,118,75,165,174,83,204,173,54,219,175,11,117,176,55,165,161,1270,49
115,66,46,167,70,88,99,203,111,177,226,62,108,128,41,208,87,1,71,168,87,175,157,73,172,161,77,280,176,1306,49
136,119,100,99,99,69,307,22,12,131,148,30,130,149,64,163,164,62,161,161,115,184,214,206,513,275,125,147,432,1565,49
90,66,77,171,76,99,99,187,87,153,177,97,174,163,76,247,153,1,77,172,76,175,152,84,183,183,75,262,174,1361,49
86,134,76,99,87,98,19,100,83,217,169,16,92,150,67,166,143,73,160,172,66,164,153,119,138,217,76,176,95,1199,49
65,97,100,43,99,676,120,170,82,179,147,58,158,155,132,175,232,72,171,115,108,784,207,50,170,726,54,224,174,1926,49
74,53,88,126,89,88,121,207,107,160,181,95,183,148,77,203,165,23,112,149,64,152,153,62,183,150,43,250,164,1317,49
60,130,86,57,88,89,127,101,73,203,133,23,109,153,54,111,140,51,139,108,64,153,152,62,189,151,26,127,153,1091,49
62,64,111,7,122,99,99,122,120,184,182,107,218,171,174,181,285,44,166,51,65,164,187,73,172,172,77,199,176,1346,50
56,75,76,84,41,77,91,78,219,294,275,204,280,279,418,502,494,1367,1408,1451,784,861,825,368,459,445,193,271,284,4131,50
46,64,75,80,89,90,90,78,1469,1533,1515,476,551,540,596,676,671,274,363,354,220,310,309,207,297,297,442,520,532,4296,50
41,73,61,79,70,77,88,74,409,482,450,349,410,422,386,465,447,272,342,351,387,464,457,176,264,253,898,972,986,3440,50
56,79,38,75,79,66,68,105,332,411,388,335,373,414,300,375,338,376,455,451,231,297,310,308,376,374,317,422,385,2765,50
50,87,99,56,67,78,59,66,493,580,543,322,421,409,263,319,362,230,297,286,242,320,309,241,300,319,253,319,312,2606,50
41,56,86,57,88,79,78,79,607,663,648,497,583,553,253,310,339,398,486,455,198,277,286,231,309,310,207,286,285,2955,50
39,43,66,40,93,9,65,110,368,411,407,241,307,284,336,376,402,230,323,270,298,307,391,276,341,285,198,308,263,2412,50
38,73,79,78,75,87,91,93,357,430,395,187,266,260,242,320,321,255,330,333,245,332,320,186,277,273,194,287,285,2280,50
75,78,88,99,79,80,75,43,243,321,318,554,642,632,474,573,562,241,320,340,197,277,276,212,287,292,277,320,352,2815,50
49,79,78,68,67,48,90,81,352,431,401,209,287,288,242,310,320,363,430,431,283,331,350,386,476,434,239,320,329,2634,50
51,92,77,75,90,79,78,78,164,256,215,187,264,279,184,259,261,192,282,267,208,287,298,188,266,267,186,264,264,1929,50
55,81,98,91,80,77,73,78,261,342,316,187,285,268,200,291,298,228,308,319,662,739,742,279,352,356,308,386,381,2758,50
58,78,102,89,86,78,127,67,562,640,620,339,441,417,241,330,343,312,398,401,275,353,361,441,568,519,170,237,297,3025,50
58,51,76,74,89,83,81,88,324,375,382,254,330,305,291,365,367,209,298,283,586,669,675,481,562,564,4403,4491,4484,7148,50
43,74,54,80,87,79,78,80,269,343,312,210,264,284,207,287,261,244,331,324,240,319,327,187,265,266,207,287,285,2139,50
39,85,80,79,100,79,69,78,518,603,557,439,519,524,307,386,387,231,331,310,529,608,629,251,320,330,241,319,310,3125,50
59,77,87,77,91,100,90,66,296,373,355,433,520,510,288,365,375,263,354,340,220,320,311,174,264,274,265,331,355,2586,50
55,79,89,58,91,79,79,80,471,550,526,231,320,310,206,264,295,320,411,378,239,318,330,187,266,266,294,374,373,2558,50
19,102,101,78,80,67,80,66,518,620,537,149,250,251,165,243,266,229,309,307,187,254,267,250,330,317,254,320,334,2345,50
70,80,98,91,82,75,125,93,495,575,565,530,628,610,176,267,274,283,365,374,189,264,271,195,320,270,96,189,221,2678,50
54,78,89,93,80,80,76,47,276,354,330,189,278,267,217,310,306,227,307,320,173,253,253,221,297,301,252,299,328,2152,50
59,27,89,79,92,80,90,76,405,432,464,218,307,245,186,265,275,174,266,253,185,265,277,195,285,275,187,263,277,2142,50
5,91,69,115,81,76,91,139,668,759,673,207,276,298,175,290,244,216,297,331,297,373,378,218,309,294,210,349,301,2658,50
49,79,80,78,80,91,93,101,330,409,379,250,330,329,220,298,300,307,387,385,240,331,320,173,266,264,228,329,321,2399,50
54,93,89,88,87,75,104,91,243,336,297,239,328,332,231,319,320,222,309,310,233,308,320,275,379,350,206,297,310,2330,50
35,89,79,70,59,101,86,69,209,298,244,584,663,673,219,289,298,198,257,268,160,261,219,265,351,366,232,301,318,2455,50
49,128,100,101,97,77,75,100,724,852,773,192,292,320,179,280,279,218,315,319,188,265,285,202,277,279,175,275,250,2605,50
31,85,40,87,77,91,91,83,304,389,335,205,245,290,189,276,229,176,253,263,185,276,262,142,233,233,175,258,266,1961,50
43,89,90,64,93,94,67,79,253,342,296,262,352,351,732,796,822,341,434,405,204,298,297,205,272,299,253,332,320,2869,50
41,83,90,102,88,90,78,80,308,391,349,192,282,275,119,221,209,175,263,277,187,277,275,176,254,266,152,232,230,1961,51
80,116,112,95,113,90,85,71,193,309,273,286,398,402,245,340,357,258,371,353,578,668,691,639,724,729,726,797,811,3687,51
101,84,39,81,65,87,84,99,251,335,352,245,284,329,299,380,338,447,512,528,223,310,288,245,329,332,530,629,614,2880,51
24,99,60,87,94,80,96,73,792,891,816,356,416,455,467,554,527,171,265,258,304,384,398,285,381,365,289,362,385,3277,51
75,51,70,22,61,33,41,68,121,172,196,194,264,245,298,320,368,198,259,220,580,613,641,473,514,506,188,256,229,2473,51
94,53,122,74,108,40,118,113,169,222,263,209,331,262,1894,1968,2016,349,457,423,226,266,334,759,877,799,183,296,301,4511,51
76,56,61,62,69,76,94,49,76,132,152,126,187,182,1319,1381,1380,140,209,202,123,199,192,98,192,174,134,183,228,2559,51
142,92,69,113,180,60,195,73,225,317,367,445,514,537,292,405,361,872,1052,985,116,176,296,352,547,412,144,217,339,3370,51
106,102,106,127,68,110,103,138,1702,1804,1808,251,357,353,194,321,300,138,206,265,199,309,267,113,216,223,163,301,266,3620,51
38,61,104,141,145,152,95,60,122,183,160,343,447,404,120,261,224,273,418,414,170,322,315,917,1012,1069,155,215,250,2896,51
147,129,144,113,96,86,155,44,237,366,384,251,395,380,810,923,954,208,304,321,219,305,315,1049,1204,1135,226,270,381,3914,51
59,69,70,50,78,58,57,87,134,203,193,115,185,184,122,172,192,713,791,763,220,278,298,200,257,258,145,232,202,2177,51
110,68,78,103,75,61,47,61,76,144,186,106,184,174,477,580,555,90,165,193,114,175,189,101,148,162,121,182,168,1688,51
126,70,101,69,28,28,52,76,366,436,492,305,406,375,220,289,321,461,489,530,467,495,495,306,358,334,182,258,234,2857,51
24,93,94,122,47,51,145,86,66,159,90,106,200,199,147,269,241,213,260,335,131,182,178,312,457,363,79,165,224,1716,51
88,96,86,78,85,86,111,91,114,210,202,128,214,224,54,132,140,362,447,440,154,240,239,437,548,523,197,288,308,2167,51
48,53,43,30,78,83,86,76,141,194,189,173,216,226,154,184,197,385,463,415,148,231,226,123,209,206,111,187,197,1732,51
97,86,113,13,129,81,73,92,79,165,176,88,201,174,42,55,155,114,243,127,2,83,131,229,302,310,166,258,239,1404,51
96,60,128,85,103,76,102,87,102,162,198,165,293,225,146,231,274,377,480,462,65,141,168,115,217,191,19,106,121,1726,51
110,86,95,81,44,89,137,120,134,220,244,229,324,315,244,325,339,383,427,464,163,252,207,134,271,223,114,234,251,2163,51
99,95,69,127,79,102,148,87,161,256,260,136,205,231,267,394,336,164,243,291,169,271,248,247,395,349,191,278,339,2141,51
38,98,64,52,75,98,70,58,341,439,379,158,222,256,391,443,455,394,469,446,124,222,199,75,145,173,239,297,309,2275,51
73,76,77,79,38,68,61,55,344,420,417,122,199,198,178,257,255,516,554,595,114,182,152,313,374,381,572,627,633,2686,51
26,76,61,87,64,72,76,58,187,263,213,598,659,674,171,258,232,126,190,213,107,179,171,119,195,191,227,285,303,2055,51
74,60,61,67,75,85,87,68,158,218,232,278,339,338,297,364,358,147,222,214,100,185,175,278,365,363,87,155,174,1922,51
63,76,77,70,86,67,79,75,192,268,255,196,273,272,154,224,231,95,181,165,136,203,222,127,206,194,276,351,355,1769,51
52,59,69,76,69,60,73,50,208,267,260,305,374,364,132,208,201,518,587,594,148,208,217,163,236,223,182,232,255,2164,51
50,62,69,69,60,59,77,64,186,248,236,240,309,302,160,229,229,130,190,199,158,217,218,129,206,188,104,168,181,1617,51
32,61,60,80,60,70,62,77,153,214,185,205,265,266,137,217,197,87,147,167,155,225,215,96,158,166,122,199,184,1457,51
52,64,56,69,86,60,53,67,144,208,196,118,174,182,118,187,174,81,167,150,87,147,173,123,176,183,105,172,158,1283,51
55,61,69,51,78,63,70,74,98,159,153,296,365,357,138,189,207,115,193,166,95,158,173,377,447,440,137,211,207,1777,52
113,107,9,6,109,150,118,87,287,394,400,1345,1354,1452,34,40,43,795,904,801,926,1076,1035,4158,4276,4308,734,821,852,8978,52
77,75,102,81,54,127,119,113,339,414,416,1080,1182,1155,323,404,425,364,418,445,699,826,753,325,444,452,409,522,528,4287,52
127,121,76,100,67,78,145,132,248,369,375,341,417,462,695,795,771,824,891,924,653,731,720,339,484,417,255,387,400,4201,52
100,75,96,103,87,97,141,127,381,456,481,595,691,670,475,578,571,395,482,498,340,437,427,704,845,801,697,824,838,4413,52
55,66,106,118,97,86,54,118,328,394,383,341,447,407,336,454,442,228,325,346,330,416,427,317,371,403,485,603,539,3065,52
72,97,119,128,141,108,98,119,351,448,423,251,370,348,1212,1340,1331,369,510,497,344,452,485,309,407,417,565,684,663,4283,52
85,96,143,115,65,86,97,62,157,253,242,389,532,485,244,359,387,468,533,583,160,246,225,136,233,222,259,321,356,2562,52
75,97,77,109,86,78,84,99,172,269,247,155,232,252,128,237,205,160,246,269,161,239,247,233,317,311,193,292,277,1907,52
67,32,88,107,97,89,109,94,161,193,228,133,221,165,95,202,183,148,245,255,127,216,224,92,201,181,119,213,228,1558,52
89,289,108,112,65,57,86,49,107,396,196,91,199,380,96,208,204,454,519,566,159,216,224,167,253,224,163,212,249,2092,52
125,119,109,132,119,142,119,129,41,160,166,83,192,202,83,215,192,71,190,203,74,216,193,50,169,192,105,234,224,1501,52
96,118,119,110,130,110,86,109,81,199,177,32,151,150,94,204,213,51,181,161,62,172,192,181,267,291,114,223,200,1493,52
100,120,109,108,138,120,97,109,68,188,168,30,139,150,41,149,150,41,179,149,56,176,194,51,148,171,84,193,181,1272,52
128,118,63,115,115,177,125,135,43,161,171,97,160,215,87,202,150,25,140,140,63,240,178,11,136,188,92,227,217,1394,52
413,4,30,108,73,143,108,142,2,6,415,1,31,5,104,212,134,56,129,164,62,205,135,7,115,150,106,248,214,1359,52
88,119,142,110,120,118,108,118,47,166,135,23,165,142,57,167,199,19,139,129,74,192,194,74,182,192,95,213,203,1312,52
123,95,117,153,118,108,129,112,104,199,227,95,212,190,96,249,213,146,264,299,63,171,181,86,215,194,14,126,143,1559,52
92,104,119,142,118,144,142,128,115,219,207,74,193,178,84,226,203,30,148,172,62,206,180,49,191,193,21,149,163,1424,52
105,129,146,129,119,174,130,118,29,158,134,63,209,192,120,249,266,95,214,224,41,215,160,94,224,268,41,159,171,1533,52
161,143,140,150,130,145,97,139,94,237,255,52,192,195,51,201,191,53,183,203,61,206,191,48,145,193,122,261,219,1586,52
94,108,108,119,130,119,107,161,67,175,161,53,161,161,415,534,523,53,183,172,72,191,202,52,159,171,204,365,311,1862,52
93,169,97,118,117,118,97,118,104,273,197,65,162,234,128,246,225,116,233,234,22,140,139,53,150,171,53,171,150,1468,52
157,108,132,128,109,118,88,30,33,141,190,61,193,169,12,140,144,39,148,167,11,129,120,82,170,200,53,83,141,1161,52
104,131,110,132,133,119,107,164,44,175,148,73,183,204,70,202,180,82,215,214,49,168,182,96,203,215,74,238,181,1488,52
84,130,119,128,107,122,160,120,77,207,161,47,166,177,65,193,184,95,202,223,86,208,193,138,298,260,62,182,222,1540,52
85,99,86,121,108,131,122,139,69,168,154,95,181,194,51,172,137,93,201,214,41,172,149,94,216,225,382,521,504,1716,52
110,120,158,91,125,142,64,140,64,184,174,63,221,183,74,165,232,61,186,152,132,274,257,106,170,248,106,246,170,1556,52
116,139,119,141,98,119,157,120,104,243,220,30,149,169,115,256,234,51,149,192,127,246,225,41,198,160,67,187,224,1544,52
99,118,120,151,107,131,120,95,124,242,223,244,364,362,51,202,171,85,192,236,75,206,182,60,180,191,117,212,237,1697,52
91,97,108,97,76,81,108,75,101,198,192,105,213,202,107,204,215,125,201,222,139,220,215,154,262,235,608,683,716,2072,53
35,101,55,61,29,42,55,53,764,865,799,151,206,252,891,952,946,186,215,247,232,274,261,610,665,652,363,416,418,3628,53
61,61,25,79,92,80,66,110,191,252,252,236,261,297,122,201,147,124,216,203,133,213,225,141,207,221,113,223,179,1634,53
65,53,70,53,70,63,75,13,143,196,208,126,196,179,183,236,253,109,179,162,97,160,167,238,313,301,126,139,201,1484,53
58,54,53,61,99,63,42,44,122,176,180,132,185,186,126,187,179,116,215,177,96,159,195,153,195,216,144,188,186,1363,53
79,93,77,12,53,70,71,40,91,184,170,84,161,177,180,192,257,116,169,128,108,178,161,107,178,177,111,151,182,1292,53
39,65,104,67,62,71,105,83,122,187,161,108,212,173,61,128,165,94,156,161,99,170,161,93,198,164,69,152,174,1242,53
40,89,102,58,65,55,54,62,101,190,141,139,241,228,24,82,126,103,168,161,115,170,180,408,462,463,97,159,151,1512,53
29,55,48,67,58,36,21,60,123,178,152,106,154,161,86,153,134,115,173,182,419,455,477,129,150,165,107,167,128,1459,53
50,79,63,44,59,46,69,80,282,361,332,72,135,151,107,151,170,235,294,279,106,152,165,89,158,135,81,161,150,1462,53
39,41,64,8,45,65,54,22,148,189,187,139,203,180,152,160,216,142,187,150,116,181,161,96,150,161,130,152,184,1261,53
45,17,53,47,20,10,34,3,81,98,126,16,69,33,26,73,79,5,25,52,81,91,101,3,37,13,29,32,63,470,53
138,5,75,5,20,4,56,50,71,76,209,15,90,20,2,7,77,70,90,75,40,44,60,13,69,17,83,133,139,647,53
54,28,20,3,40,7,5,43,35,63,89,3,23,31,67,70,87,25,65,28,17,24,57,77,82,84,4,47,9,428,53
44,4,144,44,14,44,3,45,75,79,119,3,147,7,42,86,186,78,92,122,19,63,33,78,81,122,6,51,9,643,53
5,5,7,19,74,4,18,1,89,94,94,23,30,28,132,151,139,27,101,46,2,6,76,75,93,79,39,40,57,520,53
79,33,28,16,32,4,33,2,10,43,89,33,61,66,122,138,150,18,50,34,101,105,133,65,98,69,15,17,48,591,53
18,7,58,7,62,86,25,4,70,77,88,31,89,38,67,74,125,15,77,22,3,89,65,62,87,148,58,62,83,573,53
3,66,15,33,53,24,7,3,89,155,92,48,63,114,20,53,35,32,85,65,3,27,56,33,40,57,119,122,126,548,53
11,8,4,87,8,26,14,8,164,172,175,87,91,95,3,90,7,73,81,160,41,67,49,8,22,34,54,62,68,596,53
6,17,40,17,33,6,4,43,54,71,60,174,214,191,53,70,93,14,47,31,22,28,55,67,71,73,22,65,26,572,53
10,4,4,56,27,13,26,19,134,138,144,223,227,227,16,72,20,94,121,150,24,37,51,89,115,102,156,175,182,895,53
24,8,71,6,23,5,25,21,94,102,118,32,103,40,6,12,77,65,88,71,56,61,79,64,89,69,75,96,100,575,53
38,5,89,4,13,20,13,18,104,109,142,16,105,21,57,61,146,146,159,150,122,142,135,7,20,27,59,77,72,711,53
66,5,33,17,36,20,9,2,77,82,143,19,52,24,83,100,116,32,68,49,111,131,147,80,89,100,32,34,41,622,53
14,82,37,32,14,18,4,4,2,84,16,4,41,86,82,114,119,26,40,58,112,130,126,81,85,99,54,58,58,566,53
7,25,36,12,61,4,41,46,78,103,85,3,39,28,237,249,273,38,99,50,1,5,62,66,107,70,110,156,151,765,53
7,33,23,76,13,21,3,25,85,118,92,3,26,36,57,133,80,108,121,184,18,39,31,129,132,150,2,27,5,603,53
6,28,30,61,3,3,14,10,99,127,105,72,102,100,3,64,33,89,92,150,1,4,4,76,90,79,70,80,84,565,53
6,3,71,4,39,4,7,42,81,84,87,2,73,5,145,149,216,15,54,19,92,96,131,18,25,22,205,247,212,734,53
21,19,5,18,41,44,8,30,76,95,97,105,110,124,106,124,111,96,137,114,76,120,117,73,81,117,9,39,17,727,54
29,66,68,62,79,54,100,71,144,210,173,191,259,257,222,284,290,577,656,639,219,273,298,229,329,283,152,223,252,2263,54
5,182,83,65,57,79,80,39,424,606,429,236,319,418,185,250,268,287,344,352,4132,4211,4189,490,570,569,286,325,366,6630,54
104,82,74,102,48,97,65,108,192,274,296,985,1059,1067,323,425,397,153,201,255,2808,2905,2856,255,320,352,371,479,436,5767,54
48,95,95,80,92,68,83,130,543,638,591,439,534,534,574,654,669,710,802,790,479,547,571,1713,1796,1781,189,319,272,5338,54
55,87,68,77,72,71,101,147,421,508,476,436,504,523,839,916,907,344,416,421,342,413,414,953,1054,1024,1144,1291,1245,5157,54
89,94,131,108,54,71,103,68,226,320,315,1463,1594,1557,341,449,472,731,785,839,190,261,244,364,467,435,257,325,360,4290,54
49,71,46,60,123,95,82,78,200,271,249,276,322,347,248,308,294,385,508,445,382,477,505,166,248,261,3518,3596,3600,5779,54
47,123,85,96,106,95,87,75,514,637,561,208,293,331,200,296,285,312,418,408,293,388,399,4980,5067,5075,172,247,259,7393,54
86,106,96,91,81,93,110,82,221,327,307,224,320,330,234,325,330,324,405,415,1922,2015,2003,210,320,303,749,831,859,4629,54
35,83,72,105,72,73,60,48,165,248,200,224,296,307,223,328,295,211,283,316,268,341,340,222,282,295,243,291,303,2104,54
41,83,78,66,57,107,106,104,209,292,250,240,318,323,249,315,327,260,317,326,164,271,221,164,270,271,146,250,252,2074,54
46,69,105,59,60,70,79,82,189,258,235,188,293,257,188,247,293,276,336,335,221,291,281,203,282,273,223,305,302,2058,54
60,75,55,70,41,92,58,74,263,338,323,121,176,196,562,632,617,148,189,218,504,596,545,95,153,187,908,982,966,3126,54
26,95,80,83,82,70,97,59,127,222,153,241,321,336,94,177,174,218,300,301,94,164,176,216,313,286,86,145,183,1668,54
19,57,83,52,50,112,108,94,1056,1113,1075,175,258,232,299,351,382,173,223,225,962,1074,1012,117,225,229,93,187,201,3450,54
11,108,107,79,95,72,94,94,232,340,243,430,537,538,820,899,927,208,303,287,151,223,246,409,503,481,282,376,376,3192,54
43,47,62,49,68,94,21,71,187,234,230,175,237,222,485,534,547,187,255,236,177,271,245,700,721,794,253,324,274,2619,54
38,70,47,70,62,70,60,83,176,246,214,118,165,188,142,212,189,68,130,138,68,138,130,71,131,141,33,116,93,1176,54
79,71,67,83,92,71,106,79,222,293,301,354,421,425,152,235,219,412,504,495,266,337,358,400,506,471,191,270,297,2645,54
62,68,82,61,73,59,77,48,186,254,248,108,190,176,48,109,130,68,141,129,69,128,142,65,142,124,45,93,122,1119,54
60,83,116,95,80,82,91,59,351,434,411,445,561,528,152,247,268,224,304,319,275,357,355,378,469,460,231,290,322,2722,54
85,92,81,94,95,106,95,94,102,194,187,109,190,201,93,187,174,94,189,188,83,189,178,93,188,199,82,176,177,1398,54
103,81,94,119,107,72,119,107,129,210,232,94,188,175,82,201,176,71,178,190,115,187,222,81,200,153,81,188,200,1455,54
67,81,111,82,95,60,98,71,155,236,222,693,804,774,130,212,241,128,223,210,46,106,141,56,154,116,12,83,110,1885,54
98,71,103,118,81,96,82,105,201,272,299,229,332,300,117,235,220,153,234,271,188,284,269,188,270,284,131,236,213,1961,54
69,103,70,95,73,18,84,98,214,317,283,165,235,268,46,141,116,36,109,131,54,72,127,126,210,144,69,167,153,1320,54
42,94,83,71,54,72,59,93,142,236,184,81,164,175,128,199,211,111,165,182,106,178,160,10,69,82,106,199,165,1252,54
5,107,109,120,81,60,50,12,248,355,253,22,131,129,21,141,130,12,93,132,11,71,92,68,118,128,59,71,109,985,54
70,59,86,3,107,84,39,37,204,263,274,94,180,153,44,47,130,103,210,106,35,119,142,42,81,126,106,143,145,1113,54
72,73,96,60,11,10,82,73,329,402,401,57,153,130,10,70,106,106,117,166,73,83,84,84,166,94,47,120,129,1183,55
63,125,98,94,58,73,29,47,162,287,225,203,301,328,193,287,291,351,409,445,233,306,291,305,334,378,167,214,196,2201,55
49,103,95,55,94,66,73,70,588,691,637,138,233,241,307,362,402,608,702,663,4110,4176,4204,2228,2301,2294,493,563,566,9077,55
80,107,71,53,70,75,71,36,114,221,194,175,246,282,308,361,379,223,293,276,241,316,311,210,281,285,818,854,889,2652,55
66,46,69,89,82,69,66,93,1526,1572,1592,597,666,643,354,443,423,246,328,335,177,246,259,191,257,260,483,576,549,4154,55
80,81,70,59,84,108,84,59,351,432,431,308,378,389,170,229,240,408,492,467,429,537,513,197,281,305,174,233,258,2662,55
70,84,62,82,86,117,86,71,335,419,405,312,374,396,198,280,260,845,931,927,197,314,283,187,273,304,195,266,281,2927,55
80,104,71,70,82,84,71,48,279,383,359,224,295,328,198,268,269,339,421,409,220,304,302,233,304,317,198,246,269,2301,55
58,106,72,85,59,85,70,83,245,351,303,232,304,338,483,568,555,366,425,451,243,328,302,233,303,318,233,316,303,2653,55
73,75,69,84,109,70,93,72,231,306,304,197,266,272,549,633,618,173,282,257,172,242,281,234,327,304,139,211,232,2340,55
52,75,59,60,56,91,61,73,349,424,401,344,403,419,326,386,385,329,385,389,340,431,396,1008,1069,1099,79,152,140,3302,55
82,94,84,84,73,83,72,96,186,280,268,150,234,244,103,187,187,79,152,163,103,186,176,81,153,164,115,211,187,1485,55
21,36,51,95,66,89,62,72,80,116,101,21,72,57,32,127,83,17,83,112,2,91,68,32,94,121,21,93,83,697,55
179,117,92,108,65,77,109,60,20,137,199,3,95,120,43,151,135,55,120,163,15,92,80,347,456,424,67,127,176,1357,55
82,134,115,102,72,84,71,72,65,199,147,42,157,176,26,128,141,49,121,151,68,152,140,80,151,164,80,152,151,1142,55
50,85,117,96,74,72,107,121,79,164,129,79,196,164,70,166,187,79,153,175,90,162,164,92,199,164,93,214,200,1304,55
55,14,74,93,53,62,39,84,56,70,111,56,130,70,2,95,76,30,83,123,27,89,80,45,84,107,21,105,60,711,55
72,40,83,81,39,70,15,90,42,82,114,54,137,94,30,111,113,16,55,97,56,126,95,34,49,104,64,154,79,786,55
20,116,112,63,71,92,148,77,36,152,56,21,133,137,3,66,115,58,129,121,2,94,73,207,355,299,17,94,165,1043,55
89,124,32,89,74,52,63,79,26,150,115,91,123,215,36,125,68,19,93,108,52,104,126,32,95,84,36,115,99,894,55
103,59,121,58,61,115,46,104,71,130,174,21,142,80,46,104,167,57,118,115,3,118,64,22,68,137,15,119,61,902,55
38,71,66,63,88,55,95,61,1505,1576,1543,3,69,74,33,96,99,14,102,77,27,82,115,22,117,77,21,82,116,2162,55
8,39,60,40,17,68,97,53,35,74,43,80,140,119,115,155,175,29,46,69,30,98,47,25,122,93,3,56,100,699,55
71,92,96,74,69,96,84,76,527,619,598,68,164,160,79,153,175,197,266,271,256,352,325,67,151,163,80,156,164,1932,55
47,86,58,94,72,70,103,49,21,107,68,22,80,108,22,116,80,20,92,114,2,72,74,23,126,93,2,51,105,691,55
59,125,77,83,49,78,18,72,3,128,62,19,96,144,18,101,95,22,71,105,34,112,83,71,89,149,19,91,37,747,55
8,86,67,101,55,54,49,37,18,104,26,18,85,104,3,104,70,19,74,120,23,77,78,44,93,98,31,68,80,613,55
129,131,323,109,135,154,164,215,58,189,187,69,392,200,48,157,371,79,214,188,66,220,201,55,219,209,56,271,220,1791,55
66,81,26,61,52,63,40,73,14,95,80,54,80,135,20,81,46,56,108,117,16,79,68,44,84,107,18,91,58,684,55
38,83,63,79,30,58,64,56,19,102,57,33,96,116,2,81,65,66,96,145,20,78,50,33,97,91,45,101,109,689,55
51,84,87,69,73,95,75,82,16,100,67,33,120,117,22,91,109,32,105,101,18,113,91,24,99,119,235,317,310,996,56
64,78,101,152,66,67,79,167,87,165,151,86,187,164,30,182,131,75,141,227,20,87,86,6829,6908,6896,1553,1720,1632,9454,56
60,65,132,27,67,66,51,64,148,213,208,177,309,242,107,134,239,158,225,185,160,226,227,290,341,356,259,323,310,1831,56
78,62,75,86,74,99,96,82,163,225,241,185,260,247,149,235,224,166,240,252,149,248,223,162,258,261,166,248,262,1792,56
6,88,79,76,76,65,134,78,406,494,412,169,248,257,182,258,261,194,270,270,240,305,316,227,361,292,99,177,233,2119,56
84,69,67,78,82,77,76,62,83,152,167,92,159,161,85,163,152,73,155,151,92,169,174,119,195,196,546,608,622,1685,56
59,122,46,153,67,68,137,67,367,489,426,26,72,148,37,190,83,63,130,216,116,184,183,84,221,152,46,113,183,1458,56
13,29,44,45,56,62,57,67,296,325,309,150,194,179,184,229,228,149,205,194,139,201,195,151,208,213,148,215,205,1590,56
67,108,89,56,10,66,48,63,255,363,322,229,318,337,300,356,389,431,441,487,298,364,308,280,328,346,244,307,292,2544,56
89,66,55,67,77,77,66,78,183,249,272,150,205,216,138,205,193,129,206,196,138,215,215,140,206,217,149,227,215,1602,56
12,56,69,65,66,77,68,66,73,129,85,149,218,205,138,203,207,151,217,216,139,216,205,160,228,237,139,205,207,1428,56
62,75,75,94,116,102,86,108,183,258,245,118,193,193,242,336,317,96,212,190,208,310,324,182,268,284,205,313,291,1952,56
60,44,81,109,132,120,109,168,127,171,187,49,130,93,169,278,250,52,184,161,106,226,238,52,161,172,145,313,254,1523,56
84,57,92,66,20,52,110,110,52,109,136,2707,2799,2764,70,136,162,89,109,155,498,550,518,10,120,62,150,260,260,4167,56
96,107,71,90,45,122,74,92,3,110,99,40,111,147,97,187,168,43,88,133,113,235,158,14,88,136,105,197,179,1112,56
57,88,73,69,57,61,48,6,42,130,99,1,74,89,20,89,93,17,74,86,2,63,59,429,477,490,82,88,130,1052,56
43,5,43,27,37,58,75,19,76,81,119,86,129,91,69,96,112,41,78,68,136,194,173,33,108,91,25,44,100,773,56
42,100,22,29,7,5,41,58,21,121,63,20,42,120,40,69,62,69,76,98,69,74,76,74,115,79,31,89,72,628,56
205,7,72,89,74,77,58,69,2,9,207,14,86,21,7,96,79,2,76,91,3,80,77,4,62,81,28,97,86,711,56
57,73,17,131,82,8,7,8,2,75,59,37,54,110,28,159,45,20,102,151,86,94,168,28,35,36,107,115,114,691,56
72,64,52,17,4,25,18,25,14,78,86,33,85,97,39,56,91,92,96,109,49,74,53,97,115,122,21,46,39,622,56
38,66,87,7,87,89,100,100,115,181,153,96,183,162,185,192,272,87,174,94,95,184,182,84,184,173,84,184,184,1320,56
92,76,97,89,7,89,109,89,83,159,175,97,194,173,75,164,172,178,185,267,92,181,99,74,183,163,84,173,193,1331,56
81,82,71,80,79,64,100,100,96,178,177,90,161,172,81,161,152,81,160,161,98,162,177,948,1048,1012,93,193,193,2144,56
34,66,80,89,79,77,58,68,113,179,147,106,186,172,93,182,173,83,162,172,85,162,164,115,173,192,94,162,152,1240,56
73,82,68,78,77,60,81,84,104,186,177,102,170,184,94,172,162,95,172,173,122,182,199,258,339,318,105,189,186,1483,56
63,89,92,44,77,78,105,87,83,172,146,84,176,173,102,146,194,118,195,162,84,162,161,96,201,174,67,154,172,1269,56
8,76,67,46,58,12,36,56,124,200,132,94,161,170,106,152,173,116,174,162,147,159,205,150,186,162,126,182,162,1222,56
42,74,66,80,66,79,68,17,106,180,148,110,176,184,95,175,161,104,170,184,106,185,172,95,163,174,169,186,237,1277,56
47,68,78,88,77,77,104,68,115,183,162,106,184,174,83,171,161,85,162,173,96,173,173,96,200,173,67,135,171,1255,56
9,66,25,85,73,67,58,89,137,203,146,133,158,199,102,187,127,117,190,202,98,165,171,117,175,184,104,193,162,1280,57
102,86,85,86,59,4,96,90,2,88,104,96,181,182,94,180,179,73,132,159,35,39,94,93,189,97,30,120,126,1031,57
92,84,131,86,84,83,72,96,118,202,210,74,205,158,60,146,191,84,168,170,141,224,225,90,162,173,124,220,196,1419,57
71,53,85,82,108,92,88,110,116,169,187,74,159,127,88,170,173,42,150,124,2,94,110,73,161,165,72,182,160,1156,57
46,7,74,100,68,74,83,86,56,63,102,100,174,107,95,195,169,20,88,120,15,89,83,29,112,103,3,89,86,856,57
107,96,55,66,109,54,36,90,1,97,108,4,59,100,116,182,171,71,180,137,28,82,137,42,78,96,59,149,95,934,57
61,104,75,26,57,22,75,36,1,105,62,2,77,106,144,170,219,38,95,64,48,70,105,52,127,74,19,55,94,760,57
114,79,104,76,75,3,53,10,2284,2363,2398,2,106,81,3,79,107,31,106,107,58,61,133,73,126,76,67,77,120,3032,57
93,25,62,65,29,3,49,3,34,59,127,65,127,90,16,81,78,47,76,112,54,57,83,86,135,89,48,51,97,679,57
161,4,5,6,89,53,86,27,1,5,162,56,61,60,85,91,90,90,179,96,2,55,91,1,87,54,72,99,158,738,57
117,54,123,55,77,92,70,51,82,136,199,223,346,277,238,293,361,33,110,88,2,94,79,18,88,110,29,80,99,1264,57
76,24,15,68,52,111,44,53,80,104,156,79,94,103,64,132,79,40,92,108,10,121,62,1,45,112,36,89,80,753,57
75,108,73,55,5,86,110,97,8,116,83,1,74,109,31,86,104,82,87,137,50,136,55,63,173,149,43,140,153,887,57
81,75,56,6,41,39,58,90,58,133,139,43,99,118,66,72,122,72,113,78,35,74,76,47,105,86,6,96,64,773,57
82,107,80,85,100,79,103,86,74,181,156,81,161,188,73,158,153,63,163,148,71,150,171,80,183,159,57,143,160,1221,57
53,78,57,95,90,97,84,97,104,182,157,103,160,181,127,222,184,62,152,157,71,168,161,96,180,193,73,170,157,1287,57
81,106,50,4,25,3,4,28,1,107,82,120,170,226,83,87,133,49,74,53,125,128,150,72,76,75,62,90,66,813,57
68,87,77,95,55,64,69,65,74,161,142,84,161,171,51,146,128,106,161,201,117,181,172,95,164,159,441,506,510,1548,57
23,4,64,59,88,54,108,123,118,122,141,60,124,64,17,76,81,43,131,102,1,55,89,143,251,197,8,131,116,913,57
88,39,108,46,40,13,3,63,78,117,166,100,208,139,21,67,129,50,90,96,65,78,105,73,76,86,82,145,85,869,57
65,68,73,45,36,70,24,88,48,116,113,1,74,69,52,97,125,16,52,61,74,144,110,23,47,93,63,151,87,746,57
55,68,64,87,57,34,60,24,17,85,72,39,103,107,95,182,159,107,164,194,50,84,107,51,111,85,43,67,103,851,57
131,97,105,97,96,85,97,75,42,139,173,53,158,150,52,149,157,66,162,163,71,156,167,64,161,149,85,160,182,1216,57
100,87,96,86,104,108,76,117,80,167,180,73,169,160,74,160,170,63,167,149,44,152,148,73,149,181,85,202,161,1266,57
91,209,14,55,53,93,78,51,49,258,140,100,114,309,29,84,43,54,107,109,28,121,81,100,178,193,22,73,100,1026,57
108,88,87,119,109,118,117,102,85,173,193,83,170,171,49,168,136,52,161,171,73,191,182,53,170,171,52,154,169,1295,57
70,90,69,64,66,26,68,74,84,174,154,67,136,157,82,146,151,84,150,148,49,75,115,48,116,74,62,136,130,1003,57
66,54,48,32,58,53,84,117,101,155,167,57,105,111,48,80,96,155,213,187,59,112,117,31,115,84,25,142,109,988,57
82,86,87,37,9,12,4,48,63,149,145,83,170,169,49,86,136,84,93,121,66,78,75,81,85,93,47,95,51,838,57
38,61,87,71,24,32,61,65,32,93,70,24,111,85,97,168,184,70,94,141,41,73,65,83,144,115,4,69,65,790,57
91,81,106,88,99,117,34,94,95,176,186,58,164,139,44,132,150,70,169,158,62,179,161,14,48,131,15,109,49,1068,58
180,11,13,26,17,12,16,10,1,12,181,144,157,155,214,240,227,174,191,200,98,110,115,163,179,175,2052,2062,2068,3131,58
30,40,38,27,25,6,70,25,439,479,469,225,263,265,151,178,189,149,174,176,163,169,188,171,241,177,458,483,528,2017,58
5,3,15,20,5,6,15,7,171,174,176,50,65,53,120,140,135,9,14,29,180,186,185,5,20,11,125,132,140,736,58
4,5,3,42,11,9,4,14,130,135,134,18,21,23,188,230,191,6,17,48,118,127,129,76,80,85,74,88,78,702,58
4,7,14,5,17,32,31,13,174,181,178,18,32,25,191,196,205,2,19,7,175,207,192,9,40,41,78,91,109,770,58
4,21,3,7,11,5,62,7,115,136,119,49,52,70,151,158,154,17,28,24,153,158,164,8,70,13,116,123,178,729,58
19,18,43,7,3,4,12,20,113,131,132,27,70,45,145,152,188,27,30,34,209,213,212,9,21,13,124,144,136,780,58
5,5,21,3,25,5,4,5,2,7,7,2,23,7,181,184,202,8,33,11,140,145,165,69,73,74,97,102,101,572,58
5,19,13,6,15,6,24,5,130,149,135,82,95,101,119,125,132,20,35,26,186,192,201,9,33,15,144,149,168,783,58
5,4,18,5,70,11,32,18,135,139,140,30,48,34,161,166,179,1,71,6,114,125,184,97,129,108,77,95,109,778,58
29,9,26,26,4,6,29,8,76,85,105,72,98,81,87,113,113,59,63,85,175,181,179,2,31,8,140,148,169,748,58
132,5,4,6,5,18,55,12,1,6,133,2,6,7,83,89,87,19,24,25,156,174,161,3,58,21,88,100,143,589,58
16,27,15,6,19,12,7,29,120,147,136,84,99,111,163,169,178,28,47,34,149,161,168,84,91,96,84,113,91,843,58
27,4,59,5,126,17,29,18,120,124,147,21,80,25,180,185,239,6,132,11,52,69,178,108,137,125,68,86,97,840,58
27,26,22,5,24,5,30,7,115,141,142,53,75,79,163,168,185,22,46,27,187,192,211,19,49,24,171,178,201,876,58
48,27,40,6,76,84,6,13,80,107,128,33,73,60,165,171,205,5,81,11,89,173,165,79,85,163,83,96,89,834,58
18,14,61,6,36,17,4,4,51,65,69,26,87,40,162,168,223,22,58,28,126,143,162,193,197,210,113,117,117,853,58
15,10,3,26,11,7,6,5,141,151,156,60,63,70,176,202,179,6,17,32,183,190,194,34,40,41,141,146,147,824,58
10,20,4,5,50,14,6,16,168,188,178,15,19,35,197,202,201,19,69,24,101,115,151,163,169,177,31,47,37,819,58
37,7,25,13,52,6,6,3,109,116,146,33,58,40,124,137,149,137,189,150,163,169,215,36,42,42,127,130,133,878,58
6,48,10,7,5,9,6,7,2431,2479,2437,496,506,544,136,143,146,57,62,64,161,170,166,3,9,12,156,163,162,3538,58
29,5,3,6,5,6,8,4,161,166,190,2,5,7,159,165,162,67,72,73,87,93,92,118,126,124,52,56,60,712,58
29,8,80,44,7,5,15,4,1182,1190,1211,62,142,70,3,47,83,149,156,193,33,38,40,221,236,226,3,7,18,1845,58
27,13,28,6,30,12,6,4,101,114,128,1,29,14,174,180,202,2,32,8,101,113,131,135,141,147,33,37,39,673,58
5,4,21,27,13,80,15,14,182,186,187,185,206,189,2,29,23,140,153,167,32,112,45,113,128,193,98,112,113,931,58
39,7,33,5,4,8,39,15,57,64,96,38,71,45,149,154,182,35,39,40,155,163,159,28,67,36,115,130,154,727,58
39,15,12,7,44,6,39,73,116,131,155,18,30,33,146,153,158,25,69,32,147,153,191,73,112,79,1,74,40,761,58
393,333,14,6,5,8,21,11,2,335,395,7,21,340,2,8,16,3,8,9,6,14,11,3,24,11,2,13,23,816,58
5,6,7,4,42,32,10,5,148,154,153,38,45,44,173,177,180,2,44,6,102,134,144,119,129,151,62,67,72,755,58
5,5,3,14,6,42,16,10,132,137,137,47,50,52,197,211,200,137,143,151,15,57,21,113,129,155,160,170,176,902,59
64,91,60,67,73,88,93,82,98,189,162,186,246,277,76,143,136,62,135,129,100,188,173,90,183,178,343,425,436,1573,59
63,104,57,100,62,82,49,70,72,176,135,118,175,222,44,144,101,108,170,208,89,171,151,103,152,185,45,115,94,1166,59
51,85,59,73,83,94,21,65,48,133,99,98,157,183,89,162,148,63,146,136,108,202,191,109,130,203,32,97,53,1078,59
71,83,84,72,137,49,73,72,54,137,125,96,180,179,51,123,135,72,209,144,2,51,139,79,152,128,90,162,163,1085,59
55,72,46,75,63,94,20,42,78,150,133,62,108,134,51,126,97,51,114,126,64,158,127,69,89,163,3062,3104,3082,3904,59
11,71,54,84,53,72,40,54,41,112,52,91,145,162,52,136,106,89,142,173,51,123,104,62,102,134,88,142,128,913,59
59,37,80,66,72,38,81,9,92,129,151,110,190,147,53,119,133,123,195,189,160,198,232,116,197,154,500,509,581,1596,59
77,107,82,128,89,74,67,70,135,242,212,280,362,387,432,560,514,282,371,410,353,427,442,296,363,370,307,377,374,2779,59
48,18,71,132,74,56,49,98,160,178,208,110,181,128,17,149,88,84,158,216,42,98,116,133,182,189,104,202,153,1196,59
51,100,58,81,69,40,75,64,51,151,102,95,153,195,70,151,128,99,168,180,90,130,159,87,162,127,89,153,164,1119,59
79,73,72,85,98,72,100,53,23,96,102,89,161,162,34,119,106,69,167,154,72,144,170,92,192,164,79,132,179,1090,59
98,80,76,83,78,94,82,54,1,81,99,87,163,167,17,100,93,69,147,152,88,182,166,36,118,130,71,125,153,1014,59
49,73,73,67,151,45,55,74,54,127,103,68,141,141,94,161,167,45,196,112,2,47,153,49,104,94,73,147,128,972,59
49,81,56,70,55,67,69,82,25,106,74,53,109,134,91,161,147,36,91,106,75,142,130,2,71,69,69,151,138,880,59
64,80,103,160,51,47,84,65,73,153,137,89,192,169,69,229,172,176,227,336,453,500,504,6,90,53,88,153,172,1608,59
57,103,67,84,90,10,5,119,61,164,118,22,89,125,22,106,89,24,114,108,199,209,289,1,6,11,17,136,22,881,59
62,63,48,72,56,71,63,64,41,104,103,66,114,129,37,109,85,25,81,97,61,132,117,2,65,73,52,116,115,783,59
64,63,65,65,73,61,8,7,11,74,75,40,105,103,8,73,73,43,116,108,2,63,75,101,109,162,56,63,64,667,59
56,63,121,32,78,58,42,54,36,99,92,33,154,96,1,33,122,16,94,48,21,79,99,4,46,62,69,123,111,684,59
25,74,52,75,62,32,76,67,25,99,50,71,123,145,16,91,68,24,86,99,69,101,131,6,82,38,33,100,109,707,59
52,93,56,84,72,70,65,46,25,118,77,32,88,125,25,109,81,8,80,92,26,96,98,45,110,115,34,80,99,733,59
55,67,52,40,62,3,8,3,15,82,70,33,85,100,39,79,91,15,77,55,88,91,150,94,102,97,46,49,54,620,59
13,68,92,75,46,57,58,74,20,88,33,10,102,78,3,78,95,47,93,122,31,88,77,23,81,80,32,106,90,649,59
21,116,14,63,86,51,53,63,40,156,61,2,16,118,48,111,62,9,95,72,23,74,109,36,89,87,2,65,55,627,59
20,11,29,33,75,48,43,61,59,70,79,86,115,97,27,60,56,44,119,77,121,169,196,29,72,77,137,198,180,823,59
58,78,37,79,86,69,70,50,1,79,59,43,80,121,2,81,39,100,186,179,22,91,108,2,72,71,54,104,124,751,59
27,64,49,95,76,65,78,100,18,82,45,42,91,106,3,98,52,3,79,98,36,101,112,2,80,67,22,122,100,680,59
44,66,37,46,28,81,5,6,5,71,49,62,99,128,25,71,62,52,80,98,43,124,71,17,22,98,72,78,77,589,59
103,51,25,70,20,48,54,4,2,53,105,88,113,139,4,74,29,108,128,178,50,98,70,90,144,138,63,67,117,780,59
56,62,45,34,38,4,7,7,1,63,57,72,117,134,28,62,73,60,98,94,50,54,88,100,107,104,66,73,73,630,60
92,71,39,77,69,77,35,60,86,157,178,123,162,194,89,166,128,88,157,165,87,164,156,117,152,194,88,148,123,1198,60
73,56,32,5,13,70,75,84,124,180,197,172,204,228,178,183,210,130,143,135,73,143,86,96,171,166,81,165,156,1262,60
41,82,76,85,50,69,43,47,173,255,214,100,176,182,32,117,108,64,114,149,73,142,123,24,67,93,80,127,123,1039,60
67,72,160,65,84,87,71,64,113,185,180,93,253,165,12,77,172,77,161,142,73,160,157,79,150,166,117,181,188,1234,60
36,59,51,36,57,9,62,21,106,165,142,107,158,166,132,168,183,112,169,148,329,338,386,85,147,94,118,139,180,1320,60
65,59,78,144,61,64,64,61,99,158,164,89,167,148,71,215,149,13,74,157,87,151,148,88,152,152,94,155,158,1137,60
61,69,87,37,96,83,59,123,103,172,164,80,167,149,137,174,224,70,166,107,65,148,161,89,148,172,100,223,159,1259,60
28,31,54,64,111,142,63,86,135,166,163,107,161,138,101,165,155,53,164,117,30,172,141,30,93,172,91,177,154,1126,60
65,67,63,130,76,52,71,91,102,169,167,99,162,166,81,211,144,27,103,157,95,147,171,89,160,141,393,484,464,1501,60
65,222,34,67,83,63,78,81,98,320,163,5,39,227,94,161,128,90,173,157,91,154,174,311,389,374,95,176,173,1477,60
73,83,8,62,70,80,19,61,90,173,163,166,174,249,72,134,80,242,312,304,86,166,156,178,197,258,52,113,71,1342,60
47,55,86,53,7,44,93,62,89,144,136,69,155,124,25,78,111,170,177,223,34,78,41,89,182,133,10,72,103,933,60
103,61,241,77,130,175,126,213,334,395,437,413,654,474,247,324,488,420,550,497,335,510,465,326,452,501,656,869,782,3857,60
7,59,54,43,16,44,56,113,45,104,52,47,101,106,22,65,76,56,72,99,41,85,57,31,87,75,30,143,86,664,60
79,70,69,56,103,49,103,35,57,127,136,78,147,148,2,58,71,40,143,96,1,50,104,13,116,62,3,38,106,758,60
73,54,40,98,102,77,77,77,106,160,179,123,163,177,107,205,147,75,177,173,89,166,191,72,149,149,88,165,165,1258,60
56,59,75,59,76,76,77,150,100,159,156,106,181,165,101,160,176,88,164,147,82,158,158,81,158,157,80,230,157,1266,60
56,69,78,27,69,87,95,153,108,177,164,95,173,164,145,172,223,80,149,107,56,143,125,70,165,157,38,191,133,1226,60
56,44,68,67,127,66,73,4,122,166,178,114,182,158,91,158,159,48,175,115,16,82,143,122,195,188,23,27,96,1041,60
73,46,66,79,95,11,21,16,122,168,195,106,172,152,96,175,162,95,190,174,118,129,213,31,52,42,58,74,79,1033,60
66,69,6,59,62,55,53,128,84,153,150,193,199,262,79,138,85,81,143,140,96,151,158,96,149,151,637,765,690,1764,60
61,60,49,116,70,61,54,57,107,167,168,102,151,162,112,228,161,17,87,133,81,142,151,103,157,164,219,276,273,1269,60
81,60,66,17,87,85,95,145,82,142,163,100,166,160,144,161,210,85,172,102,46,131,133,72,167,157,62,207,157,1227,60
72,52,126,52,53,66,61,69,210,262,282,300,426,352,134,186,260,491,544,543,120,186,173,106,167,172,95,164,156,2007,60
36,43,36,78,89,83,49,99,302,345,338,138,174,181,105,183,141,89,178,167,70,153,159,109,158,192,107,206,156,1433,60
73,52,68,70,68,77,77,57,105,157,178,97,165,149,98,168,166,79,147,149,81,158,149,64,141,141,83,140,160,1149,60
65,75,86,110,80,72,75,79,100,175,165,64,150,139,82,192,168,29,109,139,78,150,158,78,153,150,63,142,138,1136,60
65,146,76,78,75,81,31,102,114,260,179,19,95,165,90,168,166,92,167,170,79,160,154,136,167,217,41,143,72,1225,60
62,28,60,60,71,79,77,82,148,176,210,109,169,137,106,166,166,90,161,150,69,148,140,79,156,158,63,145,140,1183,60
65,77,110,117,84,43,80,100,104,181,169,81,191,158,40,157,150,23,107,140,101,144,185,77,157,120,54,154,134,1156,61
90,129,95,117,99,126,99,98,140,269,230,104,199,233,140,257,235,56,155,173,1373,1499,1472,2042,2141,2168,312,410,411,5020,61
125,144,132,114,108,117,96,127,1234,1378,1359,460,592,604,324,438,456,780,888,894,2529,2646,2637,924,1020,1041,376,503,472,7590,61
82,81,128,154,118,144,155,109,337,418,419,364,492,445,373,527,501,479,597,633,1026,1170,1144,1093,1248,1237,291,400,446,4934,61
79,152,128,126,63,57,141,119,281,433,360,233,361,385,426,552,554,524,587,650,618,675,681,445,586,502,350,469,491,3742,61
79,124,104,165,117,130,121,117,309,433,388,116,220,240,141,306,245,81,198,246,432,562,549,693,814,823,187,304,308,2916,61
60,115,82,112,140,102,102,130,457,572,517,235,317,350,309,421,391,313,453,425,323,425,463,378,480,480,316,446,418,3174,61
90,157,82,131,127,107,103,118,341,498,431,264,346,421,268,399,350,376,503,507,313,420,440,330,433,437,270,388,373,3077,61
83,119,120,104,154,102,105,83,383,502,466,255,375,374,352,456,472,151,305,255,296,398,450,268,373,370,245,328,350,2820,61
109,137,112,184,106,75,54,95,280,417,389,307,419,444,279,463,391,215,321,399,323,398,429,310,364,385,351,446,405,2937,61
79,112,106,100,125,107,159,93,309,421,388,326,432,438,312,412,418,306,431,406,256,363,381,267,426,374,229,322,388,2886,61
97,117,95,124,105,95,120,133,234,351,331,198,293,315,309,433,404,210,315,334,175,270,280,243,363,338,365,498,485,2620,61
87,132,133,64,128,105,156,115,100,232,187,663,796,795,309,373,442,258,386,322,271,376,399,221,377,326,150,265,306,2892,61
72,128,93,72,128,106,129,107,365,493,437,457,550,585,243,315,336,224,352,296,246,352,374,198,327,304,245,352,374,2813,61
97,94,128,149,152,117,105,132,188,282,285,490,618,584,129,278,257,237,389,386,129,246,281,351,456,468,313,445,418,2811,61
59,142,92,94,93,80,101,131,361,503,420,248,340,390,221,315,313,237,330,331,188,268,281,308,409,388,233,364,334,2588,61
90,76,83,138,106,99,131,109,312,388,402,232,315,308,313,451,396,110,216,248,310,409,416,257,388,356,254,363,385,2620,61
68,131,119,71,122,112,141,87,327,458,395,209,328,340,91,162,210,311,433,382,361,473,483,205,346,317,311,398,452,2666,61
91,88,96,108,125,52,94,129,87,175,178,34,130,122,32,140,128,15,140,123,17,69,142,118,212,170,117,246,211,1203,61
83,152,105,75,84,127,95,95,53,205,136,26,131,178,664,739,769,255,339,330,94,221,178,93,188,220,67,162,162,2068,61
86,95,129,58,108,119,84,110,212,307,298,94,223,189,119,177,248,20,128,78,44,163,152,22,106,141,220,330,304,1520,61
105,120,68,95,97,29,129,131,114,234,219,178,246,298,30,125,98,119,216,214,61,90,158,105,234,134,68,199,197,1449,61
77,109,107,97,116,120,96,95,68,177,145,136,243,245,92,189,199,106,222,203,58,178,174,89,185,209,91,186,187,1457,61
68,130,109,109,76,108,97,119,280,410,348,68,177,198,91,200,200,31,107,140,110,218,186,56,153,164,79,198,176,1531,61
81,77,109,121,78,118,119,97,308,385,389,55,164,132,31,152,140,3,81,124,128,246,206,33,152,151,92,189,211,1450,61
55,96,76,130,109,129,106,89,255,351,310,99,175,195,45,175,121,57,166,187,21,150,130,24,130,153,15,104,121,1306,61
35,96,129,118,119,119,131,155,192,288,227,58,187,154,22,140,151,33,152,151,11,130,130,21,152,140,45,200,176,1284,61
90,105,145,121,113,121,125,107,246,351,336,21,166,126,31,152,176,2,115,123,33,154,146,2,127,123,33,140,158,1295,61
93,76,84,137,97,117,151,143,281,357,374,86,170,162,80,217,164,3,100,140,175,292,272,81,232,198,58,201,209,1662,61
69,109,58,118,118,120,130,110,117,226,186,186,244,295,56,174,114,34,152,152,33,153,151,150,280,270,57,167,187,1465,61
70,95,88,104,106,107,60,96,103,198,173,193,281,288,2,106,90,79,185,183,93,200,199,68,128,175,127,223,187,1391,62
27,83,80,116,127,106,73,71,1032,1115,1059,5807,5887,5890,191,307,271,266,393,382,187,293,314,2011,2084,2117,253,324,326,10430,62
86,118,82,60,142,55,71,59,200,318,286,177,259,295,208,268,290,225,367,285,235,290,377,252,323,307,224,283,295,2194,62
87,82,71,58,81,65,71,104,337,419,424,591,662,673,607,665,678,910,991,968,3315,3380,3396,141,212,206,2495,2599,2566,9015,62
89,106,118,91,84,88,94,105,116,222,205,176,294,282,201,292,319,729,813,820,157,245,241,200,294,288,200,305,294,2554,62
73,103,103,92,119,83,79,84,132,235,205,141,244,244,896,988,999,144,263,236,111,194,230,131,210,214,1286,1370,1365,3577,62
59,119,94,116,116,132,71,108,190,309,249,185,279,304,199,315,293,176,292,292,228,360,344,92,163,224,1786,1894,1857,3671,62
73,118,169,141,116,127,127,92,253,371,326,952,1121,1070,222,363,391,222,338,363,200,327,316,199,326,326,2695,2787,2822,5706,62
46,85,118,118,94,88,92,103,299,384,345,1034,1152,1119,732,850,850,3377,3471,3495,1629,1717,1723,2599,2691,2687,842,945,934,11256,62
82,111,72,68,109,103,85,130,387,498,469,1029,1101,1140,813,881,885,1684,1793,1752,706,809,815,2365,2450,2468,81,211,166,7825,62
49,72,48,93,92,92,84,91,164,236,213,256,304,328,772,865,820,190,282,283,175,267,267,1806,1890,1898,120,211,204,4104,62
90,102,108,75,118,79,105,71,2,104,92,126,234,228,4,79,112,749,867,824,2,81,120,164,269,243,10,81,115,1805,62
101,37,94,90,83,118,141,56,11,48,112,206,300,243,2,92,96,211,294,301,30,148,113,267,408,385,2,58,143,1449,62
89,80,103,83,106,94,83,67,2,82,91,154,257,234,33,116,136,246,352,329,11,105,117,312,395,406,39,106,122,1502,62
59,58,71,94,117,148,82,12,23,81,82,160,231,218,47,141,118,91,208,185,356,504,473,2481,2563,2629,56,68,138,3855,62
27,71,82,105,96,55,59,72,90,161,117,238,320,309,35,140,117,427,523,532,2,57,98,528,587,583,9,81,68,1896,62
65,65,60,116,133,64,42,13,52,117,117,587,647,652,23,139,83,302,435,418,11,75,144,730,772,794,74,87,116,2337,62
41,90,99,20,107,91,118,44,25,115,66,226,325,316,64,84,163,365,472,385,2,93,109,321,439,412,1,45,119,1614,62
109,20,95,69,71,85,94,70,2,22,111,526,621,546,2,71,97,311,382,380,33,118,104,317,411,402,12,82,106,1816,62
5,81,69,89,12,13,72,47,35,116,40,364,433,445,1,90,70,477,489,566,86,99,98,1841,1913,1854,10,57,82,3202,62
22,82,88,106,104,83,81,60,10,92,32,335,423,417,9,115,97,340,444,446,45,128,149,415,496,498,10,70,91,1790,62
52,46,93,83,113,79,120,71,93,139,145,211,304,257,22,105,115,236,349,319,33,112,146,163,283,242,41,112,161,1456,62
87,72,94,60,105,92,108,66,10,82,97,261,355,333,22,82,116,383,488,443,24,116,129,257,365,349,14,80,122,1655,62
53,81,81,83,104,58,97,96,35,116,88,210,291,291,45,128,126,313,417,396,58,116,162,434,531,492,23,119,120,1771,62
66,68,107,82,97,111,92,93,14,82,80,219,326,287,137,219,244,346,443,428,370,481,467,386,478,497,222,315,314,2410,62
57,51,80,84,118,93,104,70,57,108,114,268,348,319,23,107,103,172,290,256,22,115,140,217,321,310,34,104,138,1450,62
49,85,92,117,110,92,55,82,2,87,51,306,398,391,48,165,140,249,359,366,12,104,122,480,535,572,11,93,66,1790,62
4,72,129,102,56,103,82,105,43,115,47,208,337,280,2,104,131,311,367,413,68,171,124,223,305,326,80,185,162,1588,62
100,75,83,81,58,118,70,93,2,77,102,167,250,242,93,174,176,262,320,343,10,128,68,273,343,391,22,115,92,1507,62
109,91,71,83,95,90,64,102,19,110,128,376,447,467,2,85,73,332,427,415,2,92,97,354,418,444,1,103,65,1791,62
53,68,128,92,87,94,108,82,71,139,124,233,361,301,2,94,130,296,383,388,69,163,156,529,637,623,100,182,208,2012,63
31,79,82,3,14,7,11,72,252,331,283,17,99,96,49,52,131,98,112,101,106,113,120,40,51,47,38,110,49,899,63
89,99,69,60,33,26,7,12,75,174,164,67,136,166,39,99,108,40,73,100,54,80,87,104,111,130,40,52,47,814,63
56,53,17,50,87,38,50,12,8,61,64,24,41,77,67,117,84,2,89,52,27,65,114,61,111,99,30,42,80,582,63
84,37,29,57,80,62,5,116,37,74,121,244,273,281,42,99,71,7,87,64,26,88,106,44,49,106,121,237,126,991,63
41,133,51,35,22,38,70,31,21,154,62,4,55,137,31,66,82,79,101,114,40,78,62,125,195,163,37,68,107,758,63
81,88,35,76,42,42,72,24,15,103,96,99,134,187,45,121,80,1,43,77,47,89,89,256,328,298,95,119,167,1018,63
30,92,12,77,43,80,48,71,52,144,82,62,74,154,43,120,55,1356,1399,1433,28,108,71,38,86,118,8,79,56,2040,63
20,64,35,99,73,67,29,13,1,65,21,65,100,129,2,101,37,1,74,100,11,78,84,59,88,126,52,65,81,591,63
70,66,20,24,38,87,69,2,10,76,80,56,76,122,87,111,107,84,122,108,2,89,40,23,92,110,57,59,126,695,63
3,45,77,57,15,15,4,68,77,122,80,2,79,47,10,67,87,61,76,118,76,91,91,72,76,87,52,120,56,634,63
32,71,70,12,70,50,63,103,109,180,141,11,81,82,78,90,148,61,131,73,25,75,95,43,106,93,8,111,71,806,63
42,64,18,118,41,114,4,36,1,65,43,82,100,146,23,141,41,13,54,131,22,136,63,36,40,150,65,101,69,679,63
23,43,38,101,3,58,33,48,58,101,81,27,65,70,8,109,46,53,56,154,74,132,77,31,64,89,31,79,64,629,63
4,54,25,114,12,84,92,16,55,109,59,54,79,108,49,163,74,23,35,137,52,136,64,1,93,85,21,37,113,656,63
31,82,47,88,25,46,46,130,19,101,50,31,78,113,56,144,103,19,44,107,83,129,108,34,80,80,40,170,86,777,63
6,56,35,78,63,92,69,60,61,117,67,44,79,100,64,142,99,104,167,182,20,112,83,3,72,95,18,78,87,773,63
42,104,37,132,19,96,17,27,23,127,65,29,66,133,1,133,38,46,65,178,30,126,49,54,71,150,41,68,58,698,63
43,108,49,25,18,67,59,81,1,109,44,50,99,158,21,46,70,123,141,148,21,88,39,30,89,97,18,99,77,714,63
20,71,21,57,37,45,66,2,56,127,76,44,65,115,44,101,65,94,131,151,11,56,48,24,90,69,61,63,127,653,63
22,36,3,96,46,79,13,38,47,83,69,76,79,112,47,143,50,18,64,114,42,121,88,51,64,130,54,92,67,668,63
127,62,76,79,37,33,36,57,54,116,181,91,167,153,33,112,109,86,123,165,99,132,136,95,131,128,83,140,119,1048,63
3,3,108,30,68,3,3,2,110,113,113,86,194,89,22,52,130,33,101,63,61,64,129,66,69,69,125,127,128,723,63
3,60,4,77,43,24,13,15,32,92,35,77,81,137,20,97,24,24,67,101,73,97,116,32,45,56,106,121,119,603,63
6,17,4,96,10,69,3,25,55,72,61,84,88,101,32,128,36,2,12,98,36,105,46,52,55,121,62,87,65,553,63
4,59,29,67,4,55,4,128,1,60,5,60,89,119,22,89,51,60,64,127,66,121,70,78,82,133,1,129,5,638,63
17,90,42,58,84,38,93,103,36,126,53,1,43,91,76,134,118,83,167,141,28,66,112,31,124,69,1,104,94,781,63
51,15,37,7,24,78,3,68,62,77,113,41,78,56,90,97,127,102,126,109,151,229,175,59,62,137,54,122,57,842,63
4,7,4,55,66,52,4,21,47,54,51,67,71,74,72,127,76,1,67,56,26,78,92,132,136,184,10,31,14,568,63
19,89,46,39,53,59,17,19,23,112,42,28,74,117,83,122,129,14,67,53,29,88,82,59,76,118,40,59,57,617,63
4,57,80,3,15,33,37,77,18,75,22,94,174,151,53,56,133,72,87,75,88,121,103,40,77,73,54,131,91,725,64
92,118,65,43,83,96,56,76,198,316,290,844,909,962,246,289,311,845,928,888,417,513,500,876,932,972,495,571,551,4550,64
11,3,56,64,84,54,64,52,96,99,107,2313,2369,2316,552,616,608,1160,1244,1224,110,164,194,1193,1257,1247,108,160,172,5920,64
51,54,43,53,44,67,76,42,720,774,771,142,185,196,1016,1069,1059,130,174,183,133,200,177,549,625,616,141,183,217,3261,64
69,43,53,154,115,93,115,92,398,441,467,823,876,866,1755,1909,1808,1071,1186,1225,1220,1313,1335,474,589,567,463,555,578,6938,64
93,91,83,115,115,134,107,83,771,862,864,835,918,926,513,628,596,1160,1275,1275,429,563,544,440,547,574,522,605,629,5491,64
75,71,85,105,107,95,83,104,441,512,516,637,722,708,522,627,607,717,824,822,520,615,627,966,1049,1061,760,864,843,5288,64
91,83,85,95,95,86,104,83,133,216,224,122,207,205,110,205,195,120,215,215,112,198,207,118,222,204,112,195,216,1549,64
54,80,93,106,95,64,76,53,409,489,463,642,735,722,276,382,369,212,307,318,245,309,340,634,710,698,2444,2497,2520,5483,64
73,114,56,111,64,93,85,117,267,381,340,4115,4171,4229,412,523,468,904,968,1015,811,904,875,224,309,317,418,535,503,7864,64
82,106,45,45,64,66,116,93,687,793,769,1209,1254,1315,354,399,399,717,781,762,397,463,461,1230,1346,1296,307,400,423,5518,64
7,83,65,83,91,84,84,83,216,299,223,1138,1203,1221,202,285,267,720,811,803,318,402,409,349,433,433,338,421,422,3861,64
82,43,75,95,96,105,81,72,1038,1081,1120,264,339,307,265,360,340,623,719,718,285,390,381,297,378,402,319,391,400,3740,64
86,95,60,49,84,65,53,73,112,207,198,121,181,216,322,371,382,121,205,170,122,187,206,142,195,207,132,205,185,1637,64
87,114,103,83,84,85,90,53,236,350,323,340,443,454,800,883,903,361,445,444,323,408,407,527,617,612,234,287,324,3520,64
40,51,105,95,113,94,85,75,338,389,378,101,206,152,91,186,196,100,213,195,84,178,197,99,184,193,102,177,187,1573,64
62,83,78,33,62,76,74,74,2019,2102,2081,429,507,512,766,799,844,491,553,524,677,753,739,387,461,463,492,566,566,5803,64
56,84,91,85,22,3,124,136,1407,1491,1463,689,780,773,923,1008,1014,1888,1910,1973,99,102,121,1129,1253,1132,327,463,451,7063,64
501,73,92,98,94,84,62,105,156,229,657,112,204,185,103,201,195,107,201,205,111,195,205,2096,2158,2180,470,575,532,4264,64
66,52,71,54,93,60,72,82,128,180,194,134,205,186,123,177,194,142,235,196,124,184,217,145,217,205,124,206,196,1470,64
94,93,53,83,96,76,65,23,522,615,616,213,266,306,235,318,288,563,659,646,675,751,771,264,329,340,1292,1315,1357,4347,64
80,26,5,30,64,97,106,74,1455,1481,1535,55,60,81,1025,1055,1030,226,290,256,99,196,163,715,821,812,109,183,215,4166,64
239,83,75,94,84,95,94,88,113,196,352,89,164,172,81,175,156,89,173,183,92,187,176,79,173,174,87,175,181,1482,64
60,75,123,87,83,26,19,114,614,689,674,922,1045,997,357,444,480,325,408,412,338,364,421,179,198,205,260,374,279,3582,64
104,75,114,84,74,85,61,124,264,339,368,151,265,226,39,123,153,124,198,208,69,154,143,111,172,196,83,207,144,1562,64
71,144,61,32,52,103,146,112,165,309,236,194,255,338,147,179,208,376,428,408,102,205,154,268,414,371,68,180,214,2041,64
62,43,8,11,125,94,104,107,101,144,163,274,282,317,66,77,74,39,164,50,70,164,195,62,166,156,69,176,173,1235,64
72,84,82,83,114,71,83,36,705,789,777,134,216,218,131,214,213,266,380,349,104,175,218,340,423,411,137,173,220,2442,64
83,83,101,271,95,75,91,62,102,185,185,63,164,146,71,342,172,90,185,361,97,172,192,93,184,168,113,175,204,1490,64
44,42,75,65,54,33,73,75,336,378,380,1383,1458,1425,256,321,331,479,533,544,1201,1234,1255,2545,2618,2578,490,565,563,7151,64
89,52,96,86,64,82,74,62,133,185,222,110,206,162,89,175,185,119,183,205,114,196,178,122,196,204,101,163,175,1393,65
62,45,104,4,84,48,48,52,286,331,348,198,302,243,373,377,477,219,303,223,238,286,322,3864,3912,3912,197,249,245,5822,65
74,97,72,86,56,59,21,58,195,292,269,261,333,358,235,321,307,291,347,377,258,317,314,319,340,378,222,280,243,2304,65
59,70,77,20,66,49,88,49,183,253,242,272,349,342,311,331,388,307,373,327,278,327,344,319,407,368,249,298,337,2397,65
96,96,80,79,37,81,50,72,330,426,426,419,499,515,597,676,677,2051,2088,2130,356,437,393,619,669,700,377,449,427,5340,65
97,79,72,66,67,68,55,68,500,579,597,179,251,258,296,362,368,296,363,362,271,339,338,304,359,372,294,362,349,2712,65
67,50,68,46,49,67,60,68,195,245,262,222,290,272,251,297,319,235,284,281,247,314,296,184,244,251,479,547,539,2288,65
53,85,61,29,77,52,66,62,153,238,206,120,181,205,505,534,566,147,224,176,183,235,260,712,778,764,151,213,217,2456,65
173,54,60,82,71,64,54,80,58,112,231,194,254,248,195,277,255,165,236,247,464,528,535,339,393,403,2119,2199,2173,4172,65
66,60,63,54,42,20,55,5,156,216,222,194,257,254,808,862,871,186,228,240,237,257,279,358,413,378,240,245,295,2544,65
31,70,68,72,49,4,62,97,295,365,326,406,474,476,195,267,263,810,859,882,226,230,275,2418,2480,2422,153,250,215,4956,65
26,98,29,58,53,72,66,47,130,228,156,450,479,548,304,362,333,1075,1128,1133,427,499,480,3048,3114,3120,288,335,354,6171,65
50,46,56,88,72,90,73,56,219,265,269,189,245,235,184,272,240,172,244,260,220,310,292,246,319,336,750,806,823,2511,65
69,45,71,72,68,38,28,60,181,226,250,116,187,161,133,205,204,1762,1830,1834,179,217,247,1924,1952,1962,403,463,431,5149,65
68,78,54,5,65,77,65,23,144,222,212,183,237,261,241,246,295,195,260,200,276,353,341,238,303,315,564,587,629,2276,65
81,102,69,79,58,41,44,62,153,255,234,170,239,272,182,261,251,304,362,383,190,231,248,756,800,797,221,283,265,2512,65
67,98,78,62,73,55,81,92,140,238,207,169,247,267,178,240,256,217,290,279,190,245,263,187,268,242,146,238,227,1833,65
127,57,55,66,66,63,69,45,112,169,239,148,203,205,121,187,176,139,205,205,143,206,209,145,214,208,152,197,221,1508,65
59,48,113,67,61,63,67,72,165,213,224,537,650,585,197,264,310,537,598,604,134,197,195,446,513,509,150,222,217,2716,65
60,70,88,61,51,52,48,56,153,223,213,126,214,196,136,197,224,199,250,260,243,295,294,294,342,346,262,318,310,1899,65
65,58,61,70,62,63,54,53,132,190,197,144,205,202,136,206,197,152,214,222,230,293,292,189,243,252,184,237,238,1653,65
54,89,80,77,67,67,57,74,222,311,276,131,211,220,154,231,234,1187,1254,1264,156,223,223,276,333,343,139,213,196,2830,65
75,55,64,78,90,75,92,32,169,224,244,334,398,389,138,216,202,475,565,553,118,193,208,334,426,409,150,182,242,2279,65
66,73,87,91,86,65,67,66,174,247,240,209,296,282,97,188,184,219,305,310,238,303,324,263,330,328,204,270,271,2005,65
76,73,77,66,71,70,64,47,144,217,220,143,220,216,371,437,448,135,206,201,127,197,198,104,168,174,141,188,205,1709,65
68,59,75,85,61,66,67,60,233,292,301,157,232,216,99,184,174,129,190,214,122,188,183,111,178,177,119,179,186,1511,65
58,70,58,80,61,69,71,78,196,266,254,186,244,256,188,268,246,167,228,247,221,290,282,183,254,252,126,204,197,1812,65
55,81,61,87,75,60,58,57,151,232,206,183,244,264,199,286,260,94,169,181,106,166,181,140,198,200,121,178,179,1528,65
68,65,76,51,75,41,85,105,184,249,252,182,258,247,172,223,248,148,223,199,164,205,239,105,190,146,96,201,181,1617,65
69,64,87,68,80,73,76,52,152,216,221,115,202,179,103,171,190,135,215,203,78,151,158,120,196,193,146,198,222,1418,65
64,88,90,72,73,72,57,79,151,239,215,91,181,179,115,187,205,124,197,196,127,199,200,138,195,210,106,185,163,1447,66
141,140,110,119,96,96,123,112,116,256,257,289,399,429,406,525,516,98,194,217,129,225,225,2832,2955,2928,256,368,379,5063,66
126,140,96,108,146,108,139,111,122,262,248,380,476,520,558,666,654,251,397,359,2574,2682,2720,373,512,481,109,220,248,5341,66
98,123,123,108,95,97,114,92,159,282,257,176,299,299,248,356,371,278,373,386,239,336,334,195,309,292,207,299,321,2352,66
120,109,124,112,124,93,111,142,151,260,271,291,415,400,199,311,323,185,309,297,214,307,338,199,310,292,142,284,253,2316,66
132,123,123,94,111,121,111,143,304,427,436,315,438,438,77,171,200,246,357,340,224,345,335,150,261,271,340,483,451,2614,66
150,136,123,163,178,141,125,96,125,261,275,163,286,299,491,654,614,133,311,296,258,399,436,267,392,408,223,319,348,2772,66
81,96,107,137,124,97,116,111,323,419,404,443,550,539,50,187,157,222,346,359,100,197,224,741,857,838,169,280,285,2917,66
109,121,95,129,110,123,110,80,350,471,459,248,343,369,638,767,733,160,270,289,259,382,369,270,380,393,124,204,234,2926,66
161,164,134,101,122,124,96,89,175,339,336,271,405,435,115,216,249,1037,1159,1138,176,300,298,464,560,588,144,233,240,3373,66
92,59,70,82,69,68,83,49,126,185,218,187,257,246,405,487,475,130,199,212,152,220,221,383,466,451,287,336,370,2242,66
81,69,82,70,82,68,96,96,255,324,336,187,269,256,234,304,316,1513,1595,1583,892,960,974,360,456,428,106,202,202,4191,66
122,125,153,106,139,150,134,113,232,357,354,130,283,255,1,107,154,72,211,178,14,164,153,222,356,372,1,114,135,1714,66
94,123,141,136,124,107,107,111,3404,3527,3498,73,214,196,451,587,592,1192,1316,1328,766,873,890,354,461,461,235,346,342,7418,66
148,122,96,103,82,112,116,85,232,354,380,13,109,135,185,288,281,957,1039,1060,384,496,466,58,174,170,20,105,136,2713,66
95,137,122,137,129,124,125,96,166,303,261,188,310,325,94,231,216,134,263,271,52,176,181,176,301,300,27,123,152,1802,66
109,123,135,110,123,123,125,124,47,170,156,153,288,276,38,148,173,153,276,263,25,148,148,153,278,276,11,135,136,1552,66
135,125,157,123,153,91,138,109,24,149,159,467,624,592,4,127,161,239,392,362,12,103,165,1367,1505,1458,13,122,151,3157,66
94,109,110,114,134,119,97,96,198,307,292,176,286,285,185,299,295,212,346,326,683,802,817,111,208,230,309,405,406,2747,66
95,117,110,112,137,109,109,112,128,245,223,132,242,249,153,265,263,162,299,274,855,964,992,176,285,285,177,289,286,2684,66
123,123,110,137,136,108,136,137,254,377,377,244,354,367,209,346,319,279,415,416,350,458,486,693,829,801,291,428,427,3330,66
134,121,139,120,123,109,111,97,11,132,145,84,223,205,15,135,154,84,207,204,13,122,136,37,148,146,26,123,137,1224,66
109,96,124,101,110,109,137,97,94,190,203,95,219,191,35,136,159,12,122,113,26,135,136,36,173,145,36,133,173,1217,66
137,110,91,97,98,116,111,100,128,238,265,126,217,236,130,227,221,129,227,226,124,240,222,123,234,239,97,197,208,1717,66
123,97,109,96,107,91,96,98,253,350,376,141,250,238,210,306,319,211,318,307,108,199,215,188,284,279,82,180,178,2010,66
121,137,113,133,108,96,109,68,36,173,157,72,185,209,119,252,232,560,668,693,83,179,191,131,240,227,2861,2929,2970,4747,66
87,137,109,123,97,139,107,96,93,230,180,49,158,186,73,196,182,48,145,171,49,188,146,1,108,140,37,133,144,1245,66
135,97,110,110,96,82,114,93,106,203,241,82,192,179,48,158,158,27,123,137,37,119,133,60,174,142,1,94,115,1198,66
109,69,126,105,137,96,114,79,108,177,217,85,211,154,1,106,127,37,174,142,13,109,150,60,174,156,13,92,127,1152,66
110,123,124,110,110,83,110,68,57,180,167,26,150,149,26,136,150,46,156,156,72,155,182,25,135,108,50,118,160,1140,66
122,96,167,79,125,109,103,83,24,120,146,25,192,121,1,80,168,37,162,116,26,135,151,20,123,129,27,110,130,1044,67
173,75,63,111,128,75,104,77,3,78,176,313,376,388,178,289,241,176,304,287,168,243,296,177,281,252,115,192,219,1936,67
115,67,17,76,93,49,37,26,345,412,460,43,60,110,121,197,138,57,150,133,2,51,95,66,103,115,57,83,94,1171,67
69,46,77,16,89,22,53,60,73,119,142,333,410,379,68,84,145,109,198,125,55,77,144,104,157,126,175,235,228,1349,67
78,97,14,79,78,78,161,27,178,275,256,13,27,110,182,261,196,2,80,81,34,112,112,38,199,116,2,29,163,1061,67
151,52,18,32,61,124,72,51,3,55,154,112,130,164,75,107,93,95,156,127,2,126,63,2,74,126,85,136,157,935,67
101,164,19,62,59,65,115,47,105,269,206,4,23,168,67,129,86,49,108,111,32,97,91,20,135,85,2,49,117,911,67
106,100,33,19,26,54,108,36,76,176,182,4,37,104,99,118,132,91,117,110,49,103,75,23,131,77,34,70,142,858,67
83,90,16,18,72,185,18,57,90,180,173,23,39,113,142,160,158,31,103,49,56,241,128,2,20,187,2,59,20,885,67
117,52,15,44,36,59,77,19,66,118,183,60,75,112,135,179,150,75,111,119,47,106,83,53,130,112,49,68,126,904,67
98,28,16,51,100,50,170,35,110,138,208,72,88,100,104,155,120,2,102,53,33,83,133,42,212,92,2,37,172,913,67
121,99,94,47,21,64,81,31,2,101,123,2,96,101,65,112,159,53,74,100,65,129,86,37,118,101,30,61,111,812,67
109,79,34,19,59,86,87,19,56,135,165,32,66,111,136,155,170,4,63,23,37,123,96,54,141,140,25,44,112,836,67
80,111,84,82,36,17,69,106,227,338,307,2,86,113,17,99,101,67,103,149,65,82,101,93,162,110,2,108,71,1058,67
91,129,19,121,40,110,70,123,73,202,164,221,240,350,3,124,22,16,56,137,110,220,150,75,145,185,2,125,72,1203,67
100,116,37,118,61,120,41,28,2,118,102,66,103,182,23,141,60,16,77,134,26,146,87,2,43,122,89,117,130,845,67
72,104,14,17,22,45,95,67,68,172,140,66,80,170,87,104,101,110,132,127,53,98,75,13,108,58,50,117,145,883,67
37,70,16,17,66,115,63,61,68,138,105,55,71,125,129,146,145,44,110,61,58,173,124,2,65,117,23,84,86,824,67
74,127,17,18,92,53,88,18,32,159,106,43,60,170,100,118,117,33,125,51,51,104,143,78,166,131,4,22,92,828,67
79,70,18,28,15,76,70,69,49,119,128,57,75,127,100,128,118,134,149,162,2,78,17,33,103,109,22,91,92,822,67
104,41,35,54,97,43,109,56,89,130,193,43,78,84,108,162,143,2,99,56,41,84,138,43,152,86,92,148,201,957,67
95,35,92,72,104,26,27,61,121,156,216,57,149,92,24,96,116,23,127,95,39,65,143,95,122,121,39,100,66,910,67
89,94,18,17,77,78,104,41,51,145,140,33,51,127,109,126,127,42,119,59,41,119,118,23,127,101,2,43,106,819,67
74,85,16,30,42,52,238,19,51,136,125,56,72,141,97,127,113,62,104,92,67,119,109,20,258,72,1,20,239,910,67
79,65,25,18,54,53,101,92,68,133,147,31,56,96,151,169,176,3,57,21,109,162,163,2,103,55,140,232,241,991,67
36,36,58,44,108,118,25,53,136,172,172,33,91,69,76,120,134,2,110,46,49,167,157,33,58,151,28,81,53,835,67
19,85,71,20,60,106,87,18,117,202,136,67,138,152,23,43,94,97,157,117,2,108,62,120,207,226,38,56,125,930,67
64,114,53,43,50,19,18,116,43,157,107,2,55,116,76,119,129,28,78,71,99,118,149,114,132,133,42,158,60,881,67
57,104,58,119,19,55,50,28,13,117,70,49,107,153,14,133,72,88,107,207,63,118,82,18,68,73,74,102,124,809,67
75,118,46,59,16,54,109,50,24,142,99,13,59,131,76,135,122,60,76,119,84,138,100,2,111,56,13,63,122,799,67
84,37,26,29,37,36,124,30,98,135,182,32,58,69,117,146,143,65,102,94,72,108,109,2,126,38,12,42,136,801,68
60,188,119,120,125,120,118,129,175,363,235,142,261,330,164,284,283,234,359,354,160,280,285,188,306,308,133,262,251,2175,68
83,119,146,133,108,118,95,78,67,186,150,164,310,283,80,213,226,67,175,200,59,177,167,58,153,176,135,213,230,1510,68
51,140,98,107,105,121,106,85,73,213,124,47,145,187,92,199,190,35,140,142,94,215,199,69,175,190,116,201,222,1339,68
162,95,116,107,96,106,120,121,49,144,211,97,213,192,47,154,163,129,225,236,83,189,179,96,216,202,80,201,200,1504,68
68,104,105,95,96,95,96,78,48,152,116,50,155,154,35,130,140,70,166,165,23,118,119,70,166,165,16,94,112,1049,68
50,112,118,93,95,72,96,96,57,169,107,20,138,132,25,118,143,48,143,141,22,94,117,93,189,165,35,131,131,1032,68
77,95,93,97,105,84,96,84,95,190,172,25,118,120,34,131,127,59,164,156,25,109,130,69,165,153,23,107,119,1061,68
83,106,106,97,66,96,95,119,60,166,143,36,142,142,23,120,129,87,153,184,34,130,100,47,142,143,93,212,188,1148,68
56,98,119,115,94,84,99,108,1,99,57,23,142,121,22,137,141,40,134,155,70,154,164,35,134,119,31,139,130,995,68
105,132,115,49,119,107,135,118,23,155,128,39,154,171,95,144,210,43,162,92,36,143,155,58,193,165,13,131,148,1187,68
80,116,130,83,144,90,117,140,61,177,141,59,189,175,60,143,190,70,214,153,3,93,147,84,201,174,201,341,318,1438,68
98,116,145,108,142,96,119,112,69,185,167,23,168,139,21,129,166,46,188,154,46,142,188,59,178,155,18,130,137,1218,68
77,71,104,119,122,109,109,72,11,82,88,38,142,109,59,178,163,10,132,129,20,129,142,33,142,142,22,94,131,976,68
77,92,126,107,132,121,67,104,13,105,90,63,189,155,35,142,161,250,382,357,32,153,164,98,165,219,11,115,78,1328,68
112,35,131,132,107,138,131,130,153,188,265,69,200,104,11,143,142,46,153,178,23,161,130,312,443,450,69,199,200,1599,68
101,106,145,96,118,84,143,118,82,188,183,108,253,214,30,126,175,201,319,297,23,107,141,212,355,296,188,306,331,1755,68
68,119,107,94,106,92,108,93,44,163,112,24,131,143,166,260,273,34,140,128,418,510,524,46,154,138,153,246,261,1672,68
78,95,106,81,108,103,138,107,23,118,101,191,297,286,13,94,119,272,380,353,180,283,288,343,481,446,196,303,334,2034,68
91,120,107,120,111,143,143,108,34,154,125,97,204,217,55,175,162,58,169,178,55,198,166,176,319,319,46,154,189,1464,68
87,88,119,109,119,119,131,114,103,191,190,22,141,110,34,143,153,46,165,155,22,141,141,47,178,166,204,318,335,1364,68
52,117,118,120,118,129,59,132,108,225,160,93,211,210,226,346,344,94,212,214,37,166,155,72,131,201,46,178,105,1521,68
93,105,149,107,100,95,106,66,48,153,141,202,351,307,110,217,259,19,119,126,24,119,124,24,130,119,63,129,169,1311,68
94,119,123,88,94,95,95,96,104,223,198,24,147,143,87,175,210,104,198,192,96,191,190,93,188,188,59,155,154,1371,68
83,112,108,96,118,62,60,42,34,146,117,207,315,319,23,119,131,35,153,131,246,308,364,46,106,108,63,105,123,1335,68
84,121,93,123,95,110,84,108,68,189,152,25,118,146,108,231,201,52,147,175,34,144,129,44,128,154,60,168,144,1209,68
80,99,96,106,108,84,107,65,78,177,158,44,140,143,59,165,155,122,230,228,66,150,174,177,284,261,863,928,970,2154,68
67,133,100,105,130,144,28,10,33,166,100,68,168,201,22,127,122,200,330,305,34,178,164,58,86,202,73,83,101,1205,68
88,107,132,106,104,106,108,85,189,296,277,24,156,131,10,116,142,62,166,168,48,154,152,188,296,294,33,118,141,1390,68
93,145,119,71,203,96,119,116,72,217,165,90,209,235,84,155,203,94,297,165,70,166,273,312,431,408,94,210,213,1778,68
55,83,107,93,139,94,85,59,98,181,153,806,913,889,108,201,215,141,280,234,220,314,359,93,178,187,44,103,129,2225,69
67,87,122,94,65,40,100,79,151,238,218,163,285,250,371,465,493,271,336,365,305,345,370,289,389,329,170,249,270,2374,69
79,114,113,95,104,86,96,113,94,208,173,102,215,216,94,189,207,95,199,190,111,197,215,138,234,224,102,215,198,1536,69
110,130,96,94,105,43,86,105,92,222,202,128,224,258,121,215,217,120,225,214,129,172,234,154,240,197,112,217,198,1625,69
84,138,113,104,57,96,112,70,863,1001,947,120,233,258,103,207,216,154,211,258,167,263,224,103,215,199,137,207,249,2421,69
79,87,113,128,96,84,91,104,143,230,222,128,241,215,122,250,235,137,233,265,228,312,324,2138,2229,2222,103,207,194,3781,69
97,116,113,87,105,122,122,122,95,211,192,116,229,232,128,215,241,119,224,206,93,215,198,102,224,224,78,200,200,1615,69
83,104,104,113,112,139,113,123,126,230,209,121,225,225,102,215,206,146,258,259,69,208,181,85,198,224,85,208,198,1625,69
98,116,139,133,173,130,118,112,120,236,218,108,247,224,77,210,216,332,505,465,69,199,242,99,217,229,92,204,210,1916,69
113,91,106,121,112,95,129,129,350,441,463,127,233,218,144,265,250,95,207,216,163,258,275,147,276,242,112,241,241,2034,69
89,124,87,110,95,103,95,122,83,207,172,110,197,234,119,229,206,174,269,284,156,259,251,180,275,283,138,260,233,1785,69
61,263,87,95,70,119,115,119,130,393,191,142,229,405,129,224,216,156,226,251,153,272,223,139,254,258,208,327,323,1986,69
74,103,69,79,96,86,113,109,127,230,201,103,172,206,120,199,189,111,207,190,111,197,207,155,268,241,111,220,224,1567,69
29,95,89,105,79,104,98,70,134,229,163,137,226,232,128,233,217,127,206,232,119,223,198,102,200,206,92,162,190,1508,69
75,70,89,93,69,79,95,94,444,514,519,197,286,267,189,282,278,147,216,240,198,277,267,172,267,251,456,550,551,2467,69
84,88,105,153,78,87,110,78,150,238,234,113,218,201,100,253,205,86,164,239,138,225,216,137,247,224,131,209,241,1638,69
56,105,85,78,86,103,120,94,142,247,198,138,223,243,146,224,231,130,216,208,112,215,198,112,232,215,130,224,250,1637,69
61,92,95,80,86,93,87,79,205,297,266,142,237,234,128,208,223,138,224,218,145,238,231,139,226,232,171,250,258,1741,69
109,72,90,57,88,104,75,95,150,222,259,161,251,233,149,206,239,117,205,174,145,249,233,132,207,236,172,267,247,1716,69
97,87,98,87,95,61,86,112,163,250,260,146,244,233,169,256,267,155,250,242,223,284,318,207,293,268,120,232,206,1906,69
83,90,87,92,122,104,95,103,159,249,242,151,238,241,155,247,242,174,296,266,163,267,285,422,517,526,215,318,310,2215,69
58,87,96,106,95,94,90,88,163,250,221,68,164,155,127,233,223,111,206,217,112,206,207,181,271,275,134,222,224,1610,69
73,88,85,112,103,113,104,115,117,205,190,131,216,219,127,239,212,121,224,233,206,319,309,120,224,233,120,235,224,1735,69
76,111,107,81,103,102,86,132,156,267,232,121,228,232,161,242,268,169,272,250,165,267,268,129,215,231,120,252,206,1819,69
41,134,165,95,121,130,126,104,198,332,239,135,300,269,66,161,231,120,241,215,129,259,250,111,237,241,125,229,251,1800,69
117,105,128,95,112,88,79,76,160,265,277,138,266,243,112,207,240,138,250,233,111,199,223,179,258,267,148,224,227,1786,69
88,96,69,106,261,44,98,99,119,215,207,137,206,233,1069,1175,1138,30,291,136,1054,1098,1315,60,158,104,17,116,115,3347,69
3,2,98,84,89,3,88,110,116,118,119,58,156,60,13,97,111,39,128,123,108,111,197,24,112,27,1,111,89,836,69
72,116,73,99,80,104,100,139,49,165,121,10,83,126,34,133,107,21,101,120,25,129,105,11,111,115,59,198,159,992,69
65,63,116,121,104,88,122,104,39,102,104,103,219,166,31,152,147,50,154,171,42,130,146,76,198,164,25,129,147,1149,69
133,2,132,87,90,96,98,113,111,113,244,17,149,19,13,100,145,82,172,169,102,198,192,59,157,155,40,153,138,1175,70
143,100,117,124,127,127,118,84,87,187,230,137,254,237,117,241,234,95,222,219,124,251,251,277,395,404,107,191,225,1884,70
126,92,127,110,97,108,116,116,284,376,410,282,409,374,99,209,226,215,312,325,108,216,205,179,295,287,84,200,200,2143,70
74,109,63,85,85,110,84,67,148,257,222,202,265,311,212,297,275,202,287,287,198,308,283,160,244,270,182,249,266,1981,70
49,95,102,110,125,119,118,158,100,195,149,78,180,173,81,191,183,62,187,172,75,194,200,78,196,197,99,257,217,1449,70
48,59,66,69,59,70,60,23,109,168,157,4800,4866,4859,133,202,199,119,178,188,132,202,191,126,186,196,174,197,234,6047,70
39,60,77,60,69,26,69,62,103,163,142,78,155,138,91,151,168,86,155,146,141,167,210,86,155,112,82,144,151,1129,70
118,84,94,86,95,94,77,96,14,98,132,22,116,106,23,109,117,21,116,107,15,109,110,2,79,96,340,436,417,1181,70
47,56,75,91,76,85,71,69,546,602,593,518,593,574,625,716,700,389,465,480,557,642,633,803,874,888,295,364,366,4303,70
38,153,99,127,83,136,142,91,115,268,153,874,973,1027,130,257,229,905,988,1032,130,266,213,509,651,645,260,351,402,3792,70
58,127,48,98,21,39,13,84,48,175,106,16,64,143,65,163,113,30,51,128,116,155,137,74,87,113,63,147,76,900,70
44,107,39,21,80,102,35,14,25,132,69,34,73,141,72,93,111,17,97,38,21,123,101,84,119,186,44,58,79,739,70
39,78,94,119,55,29,49,17,29,107,68,48,142,126,28,147,122,39,94,158,54,83,109,48,97,77,16,33,65,742,70
93,36,177,85,4,94,22,48,33,69,126,83,260,119,45,130,222,33,37,118,69,163,73,31,53,125,21,69,43,874,70
69,71,8,82,81,5,44,12,20,91,89,65,73,136,113,195,121,1,82,83,35,40,116,46,90,51,74,86,118,726,70
93,20,53,115,72,39,88,23,39,59,132,55,108,75,24,139,77,32,104,147,55,94,127,74,162,113,13,36,101,795,70
72,118,46,9,43,68,112,59,45,163,117,254,300,372,63,72,109,30,73,39,44,112,87,29,141,97,44,103,156,1036,70
190,101,114,133,60,30,4,4,18,119,208,13,127,114,47,180,161,65,125,198,72,102,132,121,125,151,2,6,6,974,70
43,46,2,148,40,20,41,60,61,107,104,63,65,109,55,203,57,52,92,200,59,79,99,23,64,43,59,119,100,772,70
61,61,82,5,44,31,41,40,39,100,100,1,83,62,29,34,111,53,97,58,47,78,91,47,88,78,29,69,70,610,70
77,128,56,20,61,90,3,59,56,184,133,36,92,164,28,48,84,38,99,58,29,119,90,2,5,92,39,98,42,722,70
83,52,35,83,23,106,86,123,32,84,115,57,92,109,95,178,130,18,41,101,55,161,78,2,88,108,388,511,474,1238,70
75,122,101,99,52,71,4,55,95,217,170,94,195,216,133,232,234,227,279,326,55,126,107,28,32,99,106,161,110,1317,70
98,103,19,91,89,97,20,24,29,132,127,4,23,107,70,161,89,5,94,96,2,99,91,69,89,166,38,62,58,758,70
56,51,2,75,87,3,62,34,90,141,146,25,27,76,113,188,115,47,134,122,29,32,116,329,391,332,71,105,133,1074,70
61,85,64,127,60,43,12,82,58,143,119,47,111,132,69,196,133,5,65,132,74,117,134,93,105,136,66,148,78,946,70
59,90,90,94,87,67,47,18,98,188,157,1,91,91,15,109,105,56,143,150,12,79,99,73,120,140,28,46,75,835,70
75,78,25,99,32,55,3,40,29,107,104,32,57,110,132,231,157,93,125,192,31,86,63,37,40,92,79,119,82,840,70
42,49,38,51,33,57,61,76,96,145,138,297,335,346,179,230,217,209,242,260,181,238,214,29,90,86,74,150,135,1472,70
35,62,52,90,64,71,71,127,108,170,143,52,104,114,1,91,53,1,65,91,24,95,88,4,75,75,35,162,106,797,70
46,68,105,85,9,59,6,64,73,141,119,1,106,69,31,116,136,77,86,162,38,97,47,60,66,119,47,111,53,769,71
111,100,103,128,93,76,144,103,100,200,211,259,362,359,342,470,445,274,367,402,141,217,234,2227,2371,2303,177,280,321,4378,71
99,136,137,145,111,180,111,87,144,280,243,105,242,241,164,309,301,151,262,296,179,359,290,130,241,310,158,245,269,2037,71
120,137,94,108,127,103,144,77,155,292,275,162,256,299,228,336,322,190,317,298,175,278,302,197,341,300,123,200,267,2140,71
72,102,93,86,95,128,88,137,218,320,290,383,476,485,209,295,302,230,325,316,231,359,326,156,244,284,280,417,368,2508,71
84,109,135,121,151,134,176,153,144,253,228,164,299,273,174,295,309,322,473,443,85,219,236,282,458,416,134,287,310,2368,71
92,86,86,112,102,102,111,103,110,196,202,129,215,215,124,236,210,719,821,831,143,245,245,111,222,213,118,221,229,2248,71
106,104,94,83,47,94,96,109,85,189,191,86,180,190,119,202,213,170,217,253,109,203,156,120,216,214,92,201,188,1514,71
81,95,93,87,94,103,92,94,101,196,182,120,213,215,135,222,228,129,223,216,100,203,194,131,223,234,119,213,211,1574,71
80,87,104,95,104,104,43,96,120,207,200,95,199,182,106,201,210,104,208,199,99,203,203,147,190,251,108,204,151,1492,71
68,102,109,127,176,110,118,125,345,447,413,135,244,237,106,233,215,332,508,459,77,187,253,156,274,266,94,219,212,2180,71
56,70,146,164,111,111,94,81,112,182,168,119,265,189,145,309,291,73,184,237,89,200,200,241,335,352,427,508,521,2039,71
81,121,106,140,87,128,104,119,118,239,199,96,202,217,120,260,226,80,167,220,121,249,208,89,193,217,106,225,210,1616,71
67,146,103,102,92,147,88,136,107,253,174,64,167,210,124,226,227,182,274,284,126,273,218,84,172,231,123,259,211,1691,71
81,78,134,102,103,94,85,129,111,189,192,128,262,206,119,221,253,105,208,207,148,242,251,118,203,212,104,233,189,1639,71
65,76,79,77,85,75,60,79,105,181,170,113,192,189,109,186,188,112,197,189,103,178,188,122,182,197,126,205,186,1386,71
151,89,138,59,138,104,144,103,28,117,179,107,245,196,98,157,236,66,204,125,62,166,200,90,234,194,47,150,191,1424,71
78,135,94,54,95,121,140,129,93,228,171,55,149,190,137,191,231,74,169,128,122,243,217,55,195,176,44,173,184,1426,71
82,146,94,111,111,128,103,144,77,223,159,55,149,201,90,201,184,99,210,210,109,237,220,61,164,189,90,234,193,1500,71
48,138,107,154,103,181,81,136,112,250,160,63,170,201,86,240,193,38,141,192,89,270,192,27,108,208,91,227,172,1454,71
96,138,85,129,102,102,122,85,69,207,165,106,191,244,56,185,141,115,217,244,183,285,285,118,240,220,68,153,190,1574,71
49,85,76,147,128,119,102,107,72,157,121,97,173,182,124,271,200,73,201,220,53,172,181,91,193,210,93,200,195,1416,71
59,98,90,105,102,117,103,94,101,199,160,78,168,176,59,164,149,53,155,158,67,184,169,57,160,174,83,177,186,1266,71
74,110,128,119,138,111,128,118,326,436,400,67,195,177,45,164,173,49,187,168,45,156,183,42,170,153,20,138,148,1520,71
89,181,75,153,111,155,112,136,39,220,128,24,99,205,56,209,131,56,167,209,39,194,150,54,166,209,23,159,135,1303,71
54,77,87,92,85,161,119,128,101,178,155,88,175,165,67,159,154,89,174,181,39,200,124,68,187,229,62,190,181,1317,71
87,103,87,118,95,76,96,68,78,181,165,78,165,181,126,244,213,104,199,222,135,211,230,96,192,172,99,167,195,1446,71
84,112,111,111,94,101,103,67,77,189,161,62,173,174,66,177,177,81,175,192,84,185,178,79,182,180,120,187,223,1352,71
140,123,128,120,55,120,120,135,75,198,215,71,199,194,83,203,211,134,189,254,90,210,145,125,245,245,87,222,207,1606,71
55,85,87,96,146,95,137,111,104,189,159,78,165,163,91,187,178,76,222,172,32,127,178,62,199,157,100,211,237,1355,71
72,101,110,104,110,65,94,86,77,178,149,64,174,165,75,179,185,89,199,193,112,177,222,96,190,161,92,178,186,1347,72
95,103,112,107,129,103,118,47,900,1003,995,667,779,770,264,371,376,208,337,315,224,327,353,216,334,319,236,283,354,3529,72
81,121,75,107,109,93,118,110,89,210,170,196,271,317,215,322,290,173,282,280,216,309,325,507,625,600,573,683,691,2783,72
82,120,127,113,105,108,96,92,110,230,192,148,275,268,174,287,301,212,317,325,176,284,281,196,292,304,251,343,347,2110,72
87,132,108,104,117,122,96,122,162,294,249,228,336,360,195,299,303,243,360,347,183,305,300,168,264,290,351,473,447,2418,72
40,116,111,95,121,94,144,81,148,264,188,220,331,336,191,286,302,232,353,327,158,252,279,318,462,412,204,285,348,2273,72
59,126,135,112,98,158,135,137,162,288,221,196,331,322,208,320,343,218,316,330,194,352,292,212,347,370,102,239,237,2252,72
89,118,120,94,125,137,79,114,94,212,183,171,291,289,163,257,283,250,375,344,215,352,340,186,265,323,160,274,239,2115,72
105,130,53,121,130,148,202,79,120,250,225,253,306,383,228,349,281,194,324,315,171,319,301,175,377,323,58,137,260,2167,72
11,150,91,137,101,127,134,76,859,1009,870,247,338,397,604,741,695,224,325,361,222,349,323,184,318,311,3056,3132,3190,6223,72
127,113,129,161,97,144,118,94,768,881,895,240,369,353,440,601,569,239,336,400,243,387,340,183,301,327,171,265,289,3267,72
71,104,102,55,94,105,89,83,136,240,207,167,269,271,154,209,256,734,828,789,198,303,292,84,173,189,138,221,227,2314,72
92,130,100,107,48,96,135,65,26,156,118,36,136,166,11,118,111,164,212,271,40,136,88,50,185,146,1,66,136,1101,72
96,108,113,105,84,150,74,119,6,114,102,7,120,115,51,156,164,2,86,107,55,205,139,50,124,200,132,251,206,1152,72
92,88,89,123,226,89,40,79,33,121,125,9,98,97,77,200,166,5,231,128,46,135,272,43,83,132,203,282,243,1242,72
68,72,101,121,82,70,38,78,21,93,89,40,141,112,33,154,134,4,86,125,53,123,135,43,81,113,2837,2915,2875,3661,72
101,129,82,98,111,106,81,94,25,154,126,33,115,162,26,124,108,28,139,126,2,108,113,13,94,119,205,299,286,1134,72
70,93,92,83,41,79,47,85,5,98,75,2,94,95,40,123,132,38,79,121,102,181,143,59,106,138,31,116,78,867,72
50,91,75,90,29,100,60,107,5,96,55,9,84,100,47,137,122,45,74,135,81,181,110,30,90,130,527,634,587,1346,72
65,127,66,84,45,94,84,74,42,169,107,1,67,128,47,131,113,32,77,116,43,137,88,148,232,242,1,75,85,953,72
59,90,85,103,77,69,64,85,5,95,64,23,108,113,5,108,90,8,85,111,43,112,120,3,67,72,31,116,95,750,72
73,108,56,69,43,78,66,75,28,136,101,42,98,150,17,86,73,41,84,110,19,97,62,43,109,121,38,113,104,796,72
129,61,108,40,7,64,6,93,1,62,130,1,109,62,38,78,146,31,38,71,48,112,55,50,56,114,51,144,57,728,72
86,121,116,83,43,134,126,69,29,150,115,311,427,432,35,118,151,46,89,129,66,200,109,1,127,135,4,73,130,1270,72
98,132,121,72,65,7,55,8,212,344,310,21,142,153,4,76,125,62,127,134,42,49,107,89,144,96,44,52,99,1032,72
24,111,89,77,65,59,84,79,1,112,25,5,94,116,40,117,129,136,201,213,47,106,112,151,235,210,45,124,129,1013,72
94,103,107,93,86,79,29,77,39,142,133,145,252,248,6,99,113,2,88,95,26,105,112,66,95,145,10,87,39,962,72
100,132,33,126,68,108,66,111,7,139,107,41,74,173,3,129,36,1,69,127,16,124,84,5,71,113,28,139,94,845,72
120,124,83,51,3,53,37,97,36,160,156,4,87,128,40,91,123,83,86,134,75,128,78,74,111,127,95,192,132,975,72
126,61,102,81,25,104,73,113,38,99,164,14,116,75,60,141,162,36,61,117,59,163,84,252,325,356,32,145,105,1176,72
80,104,106,48,77,124,78,92,30,134,110,25,131,129,57,105,163,32,109,80,43,167,120,4,82,128,9,101,87,909,73
150,118,108,85,107,124,116,127,306,424,456,432,540,550,622,707,730,394,501,479,502,626,609,1078,1194,1202,711,838,827,4980,73
98,97,97,108,142,115,103,98,392,489,490,444,541,541,393,501,490,364,506,472,465,580,607,1323,1426,1438,829,927,932,5068,73
121,97,75,86,76,107,70,85,371,468,492,474,549,571,364,450,439,424,500,510,394,501,470,411,481,518,355,440,425,3510,73
117,108,118,97,118,105,87,99,262,370,379,285,403,393,404,501,522,342,460,439,306,411,424,286,373,391,293,392,380,3027,73
127,131,128,136,109,107,174,97,244,375,371,243,371,374,256,392,384,237,346,373,275,382,384,200,374,307,1121,1218,1295,3585,73
155,139,118,160,128,114,118,133,328,467,483,296,414,435,244,404,362,244,372,404,272,386,400,293,411,407,233,366,351,2975,73
137,85,83,143,114,116,118,117,535,620,672,881,964,966,605,748,688,850,964,993,2091,2207,2205,413,531,529,612,729,730,6900,73
99,107,106,94,130,83,119,117,490,597,589,515,621,622,752,846,858,335,465,429,1185,1268,1315,364,483,447,335,452,454,4831,73
118,117,96,107,110,148,132,75,321,438,439,306,402,423,285,392,381,326,436,433,312,460,422,255,387,403,362,437,494,3070,73
88,108,97,108,107,96,108,96,302,410,390,255,352,363,264,372,361,275,382,383,286,382,393,305,413,401,254,350,362,2749,73
97,141,87,114,108,150,97,132,188,329,285,209,296,350,217,331,304,209,317,323,222,372,330,211,308,361,211,343,308,2393,73
73,108,70,130,76,97,96,97,189,297,262,268,338,376,191,321,261,263,339,393,256,353,332,213,309,310,243,340,339,2370,73
102,141,131,142,97,142,119,107,200,341,302,229,360,370,209,351,340,241,338,383,221,363,318,209,328,351,222,329,341,2512,73
131,131,90,119,49,97,118,108,205,336,336,253,343,384,217,336,307,312,361,431,223,320,272,221,339,318,201,309,319,2475,73
69,118,97,109,97,118,108,107,241,359,310,266,363,384,242,351,339,244,341,353,212,330,309,200,308,318,191,298,299,2419,73
101,119,108,107,107,108,86,107,177,296,278,220,328,339,211,318,319,212,319,319,191,299,298,232,318,340,202,309,288,2288,73
89,108,98,97,75,85,96,86,209,317,298,211,309,319,232,329,330,233,308,330,244,329,319,277,373,362,246,332,342,2386,73
87,106,107,117,53,97,108,98,220,326,307,223,330,329,201,318,308,245,298,362,247,344,300,210,318,307,159,257,267,2278,73
99,140,118,109,96,118,107,108,166,306,265,210,328,350,200,309,318,233,329,342,212,330,308,212,319,330,211,319,318,2339,73
91,97,131,107,116,118,96,97,283,380,374,255,386,352,199,306,330,204,320,311,221,339,337,1630,1726,1748,265,362,361,3910,73
106,107,108,90,76,88,76,86,219,326,325,191,299,298,196,286,304,254,330,344,242,330,318,221,297,309,266,352,342,2326,73
86,140,88,86,76,66,56,98,198,338,284,168,256,308,221,307,309,202,278,288,188,254,264,275,331,341,211,309,267,2159,73
87,107,97,96,77,75,76,77,165,272,252,190,287,297,170,266,267,255,332,351,202,277,279,231,307,306,170,247,246,2075,73
121,130,87,100,76,110,86,119,189,319,310,200,287,330,232,332,319,252,328,352,212,322,288,187,273,297,201,320,287,2302,73
69,109,108,140,119,97,140,98,219,328,288,242,350,351,169,309,277,254,373,394,243,340,362,212,352,309,189,287,329,2408,73
162,118,91,118,102,119,86,87,209,327,371,233,324,351,281,399,372,238,340,356,233,352,335,265,351,384,287,374,373,2629,73
108,108,97,119,97,128,118,119,282,390,390,201,298,309,201,320,298,221,318,340,574,702,671,286,404,414,325,444,443,2984,73
76,142,124,118,131,130,108,173,203,345,279,214,338,356,231,349,355,233,364,351,231,361,362,254,362,384,201,374,309,2569,73
90,111,96,96,118,78,108,87,231,342,321,262,358,373,212,308,308,233,351,329,284,362,402,233,341,311,222,309,330,2461,73
104,86,117,130,146,107,139,97,180,266,284,200,317,286,159,289,276,168,314,298,152,259,298,158,297,265,180,277,319,2123,74
53,88,82,73,75,60,49,75,233,321,286,270,352,358,310,383,392,297,372,370,318,378,393,271,320,331,589,664,638,2843,74
69,77,63,63,60,61,58,63,213,290,282,234,297,311,301,364,364,303,363,366,272,333,332,271,329,332,226,289,284,2334,74
74,66,58,66,81,75,76,61,183,249,257,197,255,263,167,233,225,158,239,224,133,208,214,139,215,214,246,307,322,1780,74
56,64,53,64,87,86,88,54,192,256,248,256,309,320,309,373,362,504,591,568,235,321,322,220,308,306,215,269,303,2483,74
82,87,56,81,89,85,83,54,179,266,261,240,296,327,260,341,316,312,401,393,212,297,301,215,298,300,214,268,297,2249,74
89,97,78,76,86,65,97,72,95,192,184,116,194,213,136,212,214,116,202,192,129,194,215,127,224,192,568,640,665,1947,74
79,72,60,90,74,64,74,71,140,212,219,345,405,417,138,228,198,234,308,324,161,225,235,246,320,310,163,234,237,2011,74
71,87,83,70,73,74,75,72,211,298,282,172,255,259,464,534,547,420,493,490,212,286,285,215,290,289,280,352,355,2579,74
106,77,67,72,80,78,67,69,177,254,283,199,266,276,346,418,413,320,400,392,215,293,295,234,301,312,323,392,390,2430,74
116,115,78,65,66,93,83,71,235,350,351,224,302,339,466,531,544,341,407,406,312,405,378,376,459,469,261,332,344,2902,74
139,107,76,131,141,121,70,64,228,335,367,306,382,413,255,386,331,254,395,385,254,375,395,1103,1173,1224,158,222,228,3407,74
81,63,22,67,64,62,66,43,150,213,231,171,193,234,199,266,221,203,267,270,184,246,248,148,214,210,325,368,391,1848,74
89,75,71,67,78,96,87,60,139,214,228,147,218,222,240,307,311,646,724,713,202,298,280,183,270,279,290,350,377,2470,74
56,86,75,78,86,64,74,66,182,268,238,234,309,320,701,779,776,171,257,249,234,298,320,547,621,611,191,257,265,2845,74
83,86,82,71,81,86,68,33,221,307,304,220,302,306,266,337,348,508,589,579,234,320,315,228,296,314,235,268,303,2502,74
88,96,75,111,109,85,76,57,159,255,247,213,288,309,569,680,644,205,314,316,320,405,429,1718,1794,1803,244,301,320,4125,74
37,56,65,55,67,72,74,54,234,290,271,244,309,300,522,577,587,500,567,555,258,330,325,238,312,310,330,384,404,2806,74
91,70,86,50,58,80,75,50,315,385,406,257,343,327,333,383,419,583,641,633,304,384,362,257,332,337,528,578,603,3137,74
113,88,88,73,67,103,88,81,188,276,301,199,287,287,323,396,411,639,706,712,269,372,336,245,333,348,324,405,412,2888,74
95,89,75,95,97,70,74,70,161,250,256,202,277,291,438,533,513,544,641,639,303,373,400,246,320,316,399,469,473,2958,74
99,128,116,105,113,110,99,65,189,317,288,128,244,256,130,235,246,336,449,441,340,450,453,92,191,202,127,192,226,2177,74
77,112,98,101,130,69,126,96,105,217,182,80,178,192,96,197,194,80,210,181,94,163,224,83,209,152,106,202,232,1453,74
99,112,86,109,93,164,106,117,97,209,196,92,178,204,415,524,501,130,223,239,97,261,190,79,185,243,98,215,204,1894,74
105,125,98,120,97,109,128,110,71,196,176,90,188,215,76,196,174,90,187,210,116,225,213,74,202,183,72,182,200,1481,74
86,98,86,128,121,74,118,106,296,394,382,436,522,534,75,203,161,74,195,202,85,159,206,86,204,160,318,424,436,2187,74
76,74,86,98,110,108,98,94,128,202,204,117,203,191,83,181,169,84,194,182,73,181,183,95,193,203,109,203,207,1433,74
127,96,69,62,111,87,76,86,53,149,180,117,186,213,119,181,188,59,170,121,82,169,193,84,160,171,71,157,147,1299,74
86,87,113,65,76,87,110,112,115,202,201,85,198,172,100,165,213,117,193,182,107,194,183,73,183,160,59,171,169,1392,74
99,96,98,108,107,78,69,76,105,201,204,62,160,158,95,203,193,53,160,161,74,152,181,93,162,171,80,156,149,1293,74
103,125,79,53,107,104,109,91,65,190,168,64,143,189,125,178,204,130,237,183,72,176,179,66,175,170,75,166,184,1368,75
96,107,67,87,87,86,74,50,72,179,168,1060,1127,1167,95,182,162,415,502,502,76,162,163,281,355,367,124,174,198,2777,75
49,87,85,85,86,96,100,49,206,293,255,497,582,584,395,480,480,288,374,373,388,484,474,252,352,348,161,210,261,2824,75
86,41,27,95,86,94,96,50,344,385,430,376,403,417,401,496,428,313,399,408,315,409,401,297,393,391,541,591,637,3162,75
197,105,105,77,68,77,68,71,282,387,479,443,548,548,313,390,418,341,409,418,368,445,436,287,355,364,307,378,375,3109,75
126,85,67,51,50,68,76,68,89,174,215,206,273,291,215,266,282,176,226,227,132,200,182,151,227,219,106,174,182,1666,75
89,103,104,95,108,87,101,96,91,194,180,59,163,162,69,164,173,78,186,173,65,152,173,77,178,164,427,523,528,1649,75
90,87,86,85,87,77,103,131,106,193,196,705,791,792,96,181,182,324,411,409,114,191,201,233,336,310,269,400,372,2593,75
126,86,98,81,69,81,77,77,71,157,197,725,823,811,102,183,200,419,488,500,113,194,182,128,205,209,96,173,173,2349,75
82,103,50,58,58,123,59,94,108,211,190,241,291,344,225,283,275,243,301,301,239,362,297,269,328,392,278,372,337,2230,75
111,97,97,58,87,70,87,68,141,238,252,1060,1157,1157,103,161,200,624,711,682,150,220,237,230,317,300,122,190,209,3105,75
74,76,77,67,94,104,85,117,112,188,186,406,483,482,133,200,210,371,465,438,161,265,255,362,447,466,4642,4759,4727,6881,75
113,68,94,112,114,132,122,112,349,417,462,487,581,555,253,365,347,354,468,466,423,555,537,305,427,437,279,391,401,3317,75
155,113,115,104,130,105,149,116,24,137,179,588,703,701,5,109,120,197,327,301,32,137,162,518,667,623,140,256,289,2491,75
97,105,85,95,90,114,113,122,200,305,297,251,336,356,125,220,210,462,552,557,64,178,154,451,564,565,42,164,155,2416,75
138,132,76,80,106,68,104,68,141,273,279,250,326,382,344,424,420,456,562,536,149,217,255,287,391,355,133,201,237,2532,75
155,87,122,69,150,80,141,122,315,402,470,487,609,574,170,239,292,258,408,327,49,129,199,259,400,339,32,154,173,2496,75
165,95,246,55,149,96,131,67,77,172,242,336,582,431,27,82,273,289,438,344,24,120,173,387,518,483,88,155,219,2232,75
140,87,144,107,142,86,114,133,28,115,168,405,549,492,4,111,148,197,339,304,13,99,155,168,282,254,214,347,328,1982,75
157,90,159,79,177,68,131,113,2155,2245,2312,382,541,472,133,212,292,304,481,383,69,137,246,269,400,337,51,164,182,4337,75
134,122,122,198,112,113,95,105,326,448,460,179,301,301,124,322,246,67,179,265,115,228,227,161,256,274,115,220,210,2088,75
87,122,84,96,104,95,111,102,160,282,247,243,327,365,116,212,200,150,254,246,106,201,210,553,664,648,108,210,219,2237,75
84,105,149,122,142,117,132,95,1185,1290,1269,476,625,581,145,267,294,589,731,711,68,185,210,148,280,265,51,146,183,3608,75
146,150,143,105,170,123,121,68,97,247,243,380,523,530,103,208,246,280,450,385,222,345,392,162,283,285,87,155,208,2357,75
159,96,167,88,132,97,114,104,76,172,235,169,336,265,78,166,245,241,373,329,50,147,182,168,282,265,69,173,183,1808,75
155,122,112,104,124,122,125,113,51,173,206,177,289,299,56,160,168,159,283,263,41,163,165,142,267,264,4,117,129,1607,75
156,159,160,143,93,149,117,104,142,301,298,97,257,256,233,376,393,32,125,175,106,255,199,88,205,237,66,170,183,1845,75
155,72,41,86,60,86,76,87,84,156,239,270,311,342,187,273,228,187,247,273,196,282,256,708,784,794,242,329,318,2537,75
82,78,78,91,106,85,86,91,87,165,169,141,219,219,124,215,202,384,490,475,113,198,219,133,219,218,116,207,202,1795,75
62,86,70,96,118,77,77,77,142,228,204,151,221,237,277,373,347,789,907,885,109,186,227,142,219,219,133,210,210,2406,75
101,80,96,78,122,87,77,86,124,204,225,139,235,219,241,319,337,590,712,668,159,246,281,104,181,191,133,219,210,2217,76
45,8,33,9,61,18,81,60,79,87,124,68,101,76,90,99,123,41,102,50,98,116,159,18,99,36,2,62,83,711,76
87,3,11,4,36,4,79,61,88,91,175,90,101,93,77,81,88,97,133,101,104,108,140,41,120,45,85,146,164,867,76
5,67,3,7,6,55,27,100,64,131,69,43,46,110,92,99,95,95,101,102,67,122,73,74,101,129,29,129,56,734,76
57,3,136,162,112,32,4,26,93,96,150,74,210,77,43,205,179,736,848,898,127,159,239,108,112,140,82,108,86,1795,76
72,4,46,147,101,48,11,26,143,147,215,1,47,5,712,859,758,18,119,165,58,106,159,92,103,140,81,107,92,1560,76
124,101,65,79,26,57,3,108,12,113,136,25,90,126,44,123,109,59,85,138,47,104,73,71,74,128,728,836,731,1549,76
75,54,81,105,48,56,4,66,86,140,161,21,102,75,16,121,97,18,66,123,65,121,113,111,115,167,69,135,73,875,76
4,28,141,105,97,7,132,43,72,100,76,664,805,692,2,107,143,23,120,128,83,90,180,28,160,35,11,54,143,1440,76
99,57,5,27,8,66,5,94,110,167,209,67,72,124,160,187,165,61,69,88,97,163,105,65,70,131,45,139,50,966,76
35,74,5,42,7,76,4,29,41,115,76,94,99,168,90,132,95,95,102,137,517,593,524,74,78,150,68,97,72,1251,76
7,6,84,116,84,4,46,7,166,172,173,55,139,61,465,581,549,50,134,166,48,52,132,162,208,166,47,54,93,1347,76
109,103,8,6,49,5,161,76,110,213,219,90,98,193,108,114,116,83,132,89,104,109,153,46,207,51,1,77,162,1059,76
66,71,137,102,71,14,26,6,55,126,121,401,538,472,8,110,145,32,103,134,79,93,150,73,99,87,104,110,130,1245,76
99,4,136,97,49,69,6,6,54,58,153,24,160,28,2,99,138,5,54,102,47,116,96,80,86,149,148,154,154,826,76
79,48,89,97,75,159,104,107,98,146,177,137,226,185,28,125,117,21,96,118,84,243,159,39,143,198,97,204,201,1262,76
124,127,103,115,91,93,105,106,757,884,881,317,420,444,1274,1389,1377,922,1013,1037,321,414,412,164,269,257,124,230,229,4743,76
90,101,68,90,86,59,3,34,16,117,106,24,92,125,31,121,99,13,99,103,55,114,141,79,82,138,65,99,68,814,76
20,79,181,90,102,92,92,132,117,196,137,383,564,462,20,110,201,69,171,159,77,169,179,435,527,527,251,383,343,2140,76
87,105,100,142,142,81,105,107,229,334,316,694,794,799,101,243,201,629,771,771,570,651,712,185,290,266,303,410,408,3580,76
54,93,95,88,62,68,58,54,38,131,92,29,124,122,24,112,119,24,86,112,65,133,127,22,80,90,61,115,119,835,76
60,165,47,97,86,105,114,105,121,286,181,51,98,216,89,186,136,86,172,183,102,207,188,762,876,867,89,194,203,2079,76
20,102,91,96,114,97,114,102,129,231,149,119,210,221,122,218,213,120,234,216,91,188,205,79,193,176,82,184,196,1478,76
72,94,102,106,44,93,101,122,91,185,163,112,214,206,92,198,194,142,186,248,106,199,150,96,197,189,76,198,177,1449,76
68,95,111,8,101,80,92,90,114,209,182,98,209,193,185,193,296,67,168,75,94,174,195,91,183,171,85,175,177,1379,76
65,93,103,100,54,115,109,54,114,207,179,100,203,193,85,185,188,160,214,260,104,219,158,87,196,202,162,216,271,1505,76
69,108,124,71,106,110,103,106,83,191,152,69,193,177,123,194,247,155,261,226,1153,1263,1259,110,213,220,90,196,193,2580,76
85,89,119,108,118,126,134,114,76,165,161,66,185,155,1134,1242,1253,97,215,205,84,210,202,98,232,224,69,183,203,2517,76
55,90,112,126,103,118,106,121,106,196,161,118,230,208,90,216,202,94,197,220,100,218,203,89,195,207,85,206,191,1513,76
126,120,127,133,121,131,131,116,75,195,201,70,197,190,72,205,199,89,210,222,66,197,187,105,236,236,83,199,214,1565,76
149,94,117,102,88,120,87,93,73,167,222,84,201,178,72,174,189,101,189,203,78,198,166,98,185,218,110,203,197,1466,77
139,132,128,122,146,121,138,123,3,135,142,5,133,137,3,125,131,6,152,128,3,124,149,22,160,143,3,126,141,1094,77
137,126,108,106,120,149,121,104,2,128,139,39,147,165,3,109,111,3,123,109,3,152,123,2,123,151,78,182,199,1101,77
116,129,84,104,111,79,105,115,72,201,188,64,148,193,108,212,192,70,181,174,80,159,191,72,177,151,69,184,174,1378,77
103,124,95,117,94,142,128,128,66,190,169,278,373,402,75,192,170,86,180,203,50,192,144,68,196,210,62,190,190,1616,77
121,131,116,72,73,115,128,115,48,179,169,112,228,243,79,151,195,110,183,182,79,194,152,106,234,221,88,203,216,1493,77
132,100,58,117,146,107,102,73,51,151,183,134,192,234,99,216,157,54,200,171,37,144,183,86,188,193,69,142,171,1365,77
80,7,115,7,151,131,96,91,172,179,252,113,228,120,110,117,225,6,157,13,2,133,153,96,192,227,77,168,173,1254,77
119,93,163,88,121,78,105,111,75,168,194,72,235,165,35,123,198,94,215,182,295,373,416,70,175,148,58,169,163,1577,77
138,170,121,89,104,122,97,19,69,239,207,3,124,173,33,122,154,3,107,92,11,133,115,112,209,234,35,54,132,1126,77
137,149,128,124,58,152,88,71,3,152,140,3,131,152,4,128,132,74,132,198,3,155,61,2,90,154,114,185,202,1110,77
156,154,132,140,102,19,11,114,23,177,179,2,134,156,2,142,134,21,123,161,116,135,218,122,133,141,3,117,14,1117,77
121,106,117,133,143,133,112,170,61,167,182,85,202,191,47,180,164,58,201,191,68,201,211,86,198,219,51,221,163,1491,77
95,92,97,106,134,88,80,109,106,198,201,278,375,370,70,176,167,174,308,280,56,144,190,123,203,211,92,201,172,1700,77
117,124,95,107,86,101,100,122,75,199,192,86,181,210,76,183,171,86,172,193,132,233,218,106,206,207,65,187,165,1478,77
125,146,210,132,69,129,103,123,23,169,148,333,543,479,3,135,213,48,117,180,2,131,71,2,105,131,58,181,161,1506,77
146,102,107,124,114,110,122,87,68,170,214,98,205,200,76,200,183,57,171,181,59,169,173,73,195,183,115,202,237,1458,77
184,147,113,149,119,124,122,122,2,149,186,1,114,148,4,153,117,3,122,152,71,195,190,60,182,184,51,173,173,1272,77
134,119,126,103,105,98,132,114,21,140,155,3,129,122,2,105,128,3,108,106,271,369,376,46,178,144,62,176,194,1339,77
96,118,134,97,102,110,105,54,74,192,170,20,154,138,22,119,156,96,198,193,214,324,316,276,381,386,100,154,205,1618,77
5,98,189,129,114,11,95,39,101,199,106,23,212,121,2,131,191,3,117,132,131,142,245,2,97,13,101,140,196,1043,77
152,134,161,85,112,147,89,137,6,140,158,3,164,137,2,87,163,2,114,87,3,150,115,26,115,173,2,139,91,1061,77
110,119,49,4,124,111,104,6,53,172,163,53,102,172,67,71,116,71,195,75,77,188,201,54,158,165,202,208,306,1204,77
105,117,83,81,83,58,63,101,46,163,151,2,85,119,124,205,207,91,174,172,61,119,144,62,125,120,154,255,217,1231,77
102,142,87,91,35,52,44,75,30,172,132,28,115,170,87,178,174,1,36,92,115,167,150,106,150,158,54,129,98,1049,77
122,48,62,64,77,77,106,87,79,127,201,82,144,130,100,164,162,70,147,134,87,164,164,23,129,100,58,145,164,1142,77
62,75,86,116,74,87,45,92,97,172,159,89,175,164,70,186,156,47,121,163,72,159,146,96,141,183,80,172,125,1188,77
71,102,85,86,93,83,95,116,90,192,161,70,155,172,78,164,163,78,171,164,72,155,165,70,165,153,69,185,164,1258,77
80,87,84,82,82,60,65,129,79,166,159,76,160,163,83,165,167,69,151,151,83,143,165,105,170,165,68,197,133,1232,77
109,8,79,134,20,8,124,102,90,98,199,99,178,107,29,163,108,41,61,175,114,122,134,38,162,46,60,162,184,1055,77
143,116,47,81,102,114,101,93,3,119,146,33,80,149,45,126,92,4,106,85,49,163,151,86,187,200,54,147,155,1071,78
62,85,84,84,99,113,98,96,137,222,199,350,434,435,251,335,335,235,334,319,208,321,307,236,334,349,238,334,336,2376,78
73,56,83,83,84,84,82,70,256,312,329,238,321,294,222,305,305,210,294,293,181,265,265,183,265,267,195,265,277,2100,78
113,98,68,71,70,73,84,84,331,429,444,505,573,603,364,435,432,392,462,463,736,809,806,277,361,350,321,405,405,3587,78
98,83,70,55,85,70,72,71,247,330,345,278,348,361,324,379,394,278,363,333,308,378,393,321,393,391,306,377,378,2666,78
53,70,57,43,71,66,71,70,222,292,275,222,279,292,322,365,379,249,320,292,241,307,312,264,335,330,250,320,321,2271,78
79,30,71,68,83,57,56,85,388,418,467,321,392,351,883,951,954,477,560,545,321,378,404,308,364,365,264,349,320,3491,78
36,83,84,84,74,97,90,55,252,335,288,265,349,348,250,334,334,308,382,392,248,345,322,235,325,332,318,373,408,2479,78
66,70,86,84,84,55,72,68,318,388,384,335,421,405,363,447,449,379,463,463,308,363,392,337,409,392,307,375,379,2932,78
73,56,69,76,52,46,70,42,344,400,417,279,348,335,323,399,392,291,343,367,274,320,326,279,349,325,322,364,392,2596,78
59,68,44,70,55,54,40,40,333,401,392,309,353,377,275,345,319,311,366,381,309,363,364,325,365,379,310,350,350,2602,78
66,98,84,83,85,82,83,87,209,307,275,236,320,334,251,334,335,236,321,319,237,319,322,366,449,448,264,351,347,2467,78
49,41,70,69,70,68,42,57,302,343,351,309,379,350,350,419,420,351,421,420,321,389,391,312,354,380,320,377,362,2731,78
80,71,81,41,82,98,85,83,2498,2569,2578,472,553,543,666,707,747,252,334,293,209,307,291,235,320,333,223,306,308,5176,78
20,76,54,84,97,83,69,84,323,399,343,302,356,378,366,450,420,250,347,334,265,348,362,309,378,392,264,348,333,2646,78
86,112,29,29,130,71,84,85,568,680,654,734,763,846,126,155,155,7810,7940,7839,2553,2624,2683,377,461,448,280,365,364,13074,78
84,62,69,55,55,84,40,83,221,283,305,280,349,342,337,392,406,310,365,365,350,434,405,701,741,785,266,349,306,2997,78
65,75,55,68,86,97,100,70,263,338,328,120,175,195,99,167,154,96,182,164,83,180,169,83,183,180,193,263,293,1553,78
77,90,100,84,85,93,86,74,41,131,118,21,121,111,12,96,112,41,126,125,19,112,104,26,112,119,22,96,108,871,78
68,87,81,70,70,55,84,67,82,169,150,1,82,88,40,110,121,14,84,84,55,110,125,28,112,83,17,84,101,819,78
68,91,32,3,57,89,65,73,96,187,164,78,110,169,63,66,95,110,167,113,23,112,80,18,83,107,38,111,103,904,78
34,65,85,84,81,72,104,73,23,88,57,27,112,92,1,85,86,16,97,100,11,83,92,26,130,98,22,95,126,724,78
82,85,82,72,33,111,15,114,24,109,106,1,83,86,40,112,122,35,68,107,85,196,118,26,41,137,69,183,84,874,78
84,91,87,63,85,66,99,82,13,104,97,6,93,97,33,96,120,13,98,76,16,82,101,13,112,79,1,83,100,752,78
70,80,72,93,72,11,86,67,154,234,224,41,113,121,3,96,75,39,111,132,71,82,143,55,141,66,42,109,128,956,78
86,94,65,59,50,60,33,18,13,107,99,32,97,126,54,113,119,33,83,92,53,113,103,50,83,110,95,113,128,795,78
66,101,71,41,72,94,82,98,98,199,164,66,137,167,56,97,127,27,99,68,1,95,73,2,84,96,1,99,83,876,78
62,79,19,86,67,99,13,85,67,146,129,43,62,122,68,154,87,2,69,88,40,139,107,41,54,140,28,113,41,799,78
81,72,43,72,55,84,42,85,49,121,130,41,84,113,41,113,84,40,95,112,15,99,70,40,82,124,13,98,55,773,78
72,99,56,89,43,54,70,71,66,165,138,0,56,99,53,142,109,36,79,125,58,112,101,40,110,94,41,112,111,848,78
71,58,19,85,107,86,39,85,63,121,134,50,69,108,83,168,102,1,108,86,14,100,121,43,82,129,56,141,95,860,79
93,112,114,126,85,138,88,98,54,166,147,11,125,123,107,233,221,10,95,136,84,222,169,21,109,159,671,769,759,1812,79
56,61,41,69,59,73,43,54,32,93,88,82,123,143,43,112,84,66,125,135,33,106,92,84,127,157,27,81,70,823,79
6,2,10,10,14,50,22,71,58,60,64,136,146,138,90,100,100,126,140,136,59,109,73,96,118,146,59,130,81,809,79
115,123,93,95,119,125,111,124,130,253,245,142,235,265,153,248,246,142,261,237,138,263,257,108,219,233,138,262,249,1856,79
45,125,81,90,82,71,33,29,33,158,78,15,96,140,48,138,129,1,83,91,53,124,135,35,68,106,138,167,171,879,79
56,111,79,70,122,95,85,82,159,270,215,139,218,250,139,209,218,96,218,166,126,221,248,137,222,232,110,192,195,1606,79
9,3,14,46,45,63,40,2,19,22,28,66,80,69,81,127,95,33,78,79,254,317,299,1,41,64,203,205,243,879,79
65,83,83,31,80,38,69,18,31,114,96,324,407,407,109,140,192,1,81,32,59,97,139,25,94,63,69,87,138,1085,79
49,43,54,71,21,135,50,27,108,151,157,124,178,167,136,207,190,137,158,208,39,174,60,16,66,151,396,423,446,1406,79
3,46,58,83,59,19,117,14,47,93,50,62,120,108,27,110,85,673,732,756,73,92,132,82,199,101,130,144,247,1493,79
13,2,34,19,59,22,57,47,48,50,61,150,184,152,46,65,80,136,195,155,29,51,88,81,138,103,50,97,107,793,79
123,71,54,116,71,56,62,43,68,139,191,41,95,112,13,129,67,241,312,357,25,81,96,76,138,132,37,80,99,1097,79
30,72,78,41,99,56,113,41,90,162,120,2,80,74,288,329,366,26,125,67,53,109,152,28,141,84,23,64,136,1040,79
82,83,115,49,86,4,31,2,68,151,150,40,155,123,2,51,117,81,167,130,25,29,111,121,152,125,78,80,109,867,79
54,7,27,27,48,32,58,54,183,190,237,22,49,29,108,135,135,28,76,55,81,113,129,48,106,80,55,109,113,832,79
38,25,54,81,70,102,71,84,69,94,107,99,153,124,1,82,55,69,139,150,11,113,81,8,79,110,68,152,139,850,79
50,112,106,86,70,43,44,31,0,112,50,25,131,137,3,89,109,27,97,113,67,110,137,47,91,90,83,114,127,794,79
19,8,56,30,72,41,3,60,47,55,66,111,167,119,51,81,107,153,225,183,91,132,163,82,85,123,52,112,55,876,79
74,31,17,60,63,69,83,80,125,156,199,88,105,119,98,158,115,28,91,88,69,138,132,14,97,83,53,133,136,952,79
4,23,19,2,44,55,29,60,51,74,55,137,156,160,63,65,82,109,153,111,39,94,83,95,124,150,48,108,77,778,79
102,44,672,83,56,71,15,15,843,887,945,1055,1727,1099,552,635,1224,164,220,247,135,206,191,126,141,197,41,56,56,3974,79
23,7,42,34,85,64,126,84,68,75,91,131,173,138,34,68,76,82,167,116,2,66,87,40,166,104,11,95,137,833,79
111,28,22,56,96,86,85,52,1426,1454,1537,76,98,104,108,164,130,1,97,57,271,357,367,54,139,140,1,53,86,2473,79
25,2,127,110,71,88,48,110,64,66,89,149,276,151,218,328,345,69,140,179,65,153,136,17,65,105,68,178,116,1231,79
25,44,58,52,91,345,113,83,59,103,84,88,146,132,43,95,101,82,173,134,4,349,95,107,220,452,150,233,263,1344,79
7,75,70,22,11,46,3,70,16,91,23,498,568,573,2,24,72,47,58,69,54,100,65,35,38,81,259,329,262,1215,79
4,51,58,27,6,10,65,35,26,77,30,52,110,103,81,108,139,67,73,94,57,67,63,29,94,39,260,295,325,828,79
69,70,76,24,82,96,97,30,150,220,219,468,544,538,11,35,87,166,248,190,109,205,191,302,399,398,1809,1839,1906,3559,79
107,71,97,55,121,57,71,69,331,402,438,12,109,83,29,84,126,103,224,158,76,133,197,39,110,96,25,94,96,1263,79
98,4,84,68,55,98,28,30,2,6,100,80,164,84,1,69,85,83,138,151,40,138,95,39,67,137,99,129,127,809,80
130,57,115,44,104,59,99,56,162,219,292,124,239,181,68,112,183,150,254,194,39,98,143,126,225,185,110,166,209,1443,80
127,128,84,124,57,100,73,70,218,346,345,112,196,240,115,239,199,54,111,178,112,212,169,40,113,140,125,195,198,1539,80
119,85,100,57,86,89,100,58,74,159,193,153,253,238,26,83,126,97,183,154,82,171,168,121,221,210,40,98,140,1287,80
120,112,72,128,72,102,71,114,299,411,419,70,142,182,97,225,169,40,112,168,138,240,210,109,180,211,140,254,211,1684,80
110,64,100,94,114,39,97,85,49,113,159,161,261,225,523,617,623,97,211,191,173,212,287,154,251,193,111,196,208,1971,80
117,100,124,59,55,52,130,70,60,160,177,154,278,254,70,129,194,280,335,339,316,368,371,96,226,148,181,251,311,1864,80
145,71,110,57,155,71,128,74,62,133,207,182,292,253,42,99,152,114,269,171,40,111,195,154,282,225,25,99,153,1430,80
102,71,129,72,142,70,98,84,172,243,274,124,253,195,67,139,196,154,296,226,96,166,238,169,267,239,127,211,225,1677,80
68,125,113,56,74,73,128,102,249,374,317,211,324,336,704,760,817,194,268,250,81,154,155,125,253,198,66,168,194,2369,80
117,86,145,73,97,56,71,44,105,191,222,153,298,239,64,137,209,111,208,184,184,240,281,167,238,223,97,141,168,1570,80
88,114,126,98,70,105,102,88,186,300,274,251,377,365,182,280,308,353,423,451,168,273,238,103,205,208,23,111,125,2057,80
62,90,31,3,43,114,69,61,1,91,63,111,142,201,78,81,109,112,155,115,97,211,140,282,351,396,106,167,175,1260,80
71,85,57,27,14,94,83,114,8,93,79,113,170,198,43,70,100,166,180,193,34,128,48,155,238,249,12,126,95,1076,80
55,86,42,13,56,98,95,86,22,108,77,84,126,170,56,69,98,199,255,212,27,125,83,74,169,172,68,154,163,1061,80
19,47,85,100,125,108,86,71,42,89,61,126,211,173,97,197,182,1,126,101,257,365,382,96,182,204,181,252,267,1441,80
96,87,27,37,43,4,99,114,6,93,102,97,124,184,63,100,90,140,183,177,81,85,124,208,307,212,83,197,182,1185,80
98,102,18,2,69,85,85,88,3,105,101,99,117,201,93,95,111,113,182,115,238,323,307,169,254,254,39,127,124,1301,80
49,51,44,77,121,87,72,43,24,75,73,112,156,163,34,111,78,55,176,132,60,147,181,26,98,113,139,182,211,994,80
48,44,86,100,117,100,69,85,19,63,67,111,197,155,83,183,169,41,158,141,135,235,252,14,83,114,97,182,166,1149,80
32,86,44,4,20,85,31,53,48,134,80,96,140,182,25,29,69,181,201,185,176,261,196,196,227,281,45,98,76,1122,80
129,100,15,4,71,87,66,101,2,102,131,141,156,241,81,85,96,95,166,99,209,296,280,115,181,202,41,142,107,1257,80
69,23,42,58,40,69,31,61,148,171,217,32,74,55,110,168,152,30,70,88,155,224,195,126,157,195,45,106,76,1039,80
13,87,33,3,99,114,100,71,78,165,91,110,143,197,64,67,97,166,265,169,111,225,210,69,169,183,153,224,253,1271,80
71,17,28,44,45,72,88,82,80,97,151,82,110,99,83,127,111,38,83,82,82,154,127,82,170,154,16,98,104,910,80
83,49,70,56,85,70,86,115,44,93,127,140,210,189,154,210,224,112,197,168,28,98,113,167,253,237,81,196,167,1340,80
71,72,85,70,85,84,72,70,35,107,106,126,211,198,83,153,168,43,128,113,97,181,182,154,226,238,27,97,99,1174,80
45,85,19,13,61,57,35,98,9,94,54,96,115,181,68,81,87,105,166,118,184,241,245,62,97,119,154,252,189,1091,80
47,59,44,70,93,106,85,71,101,160,148,24,68,83,655,725,699,7,100,77,159,265,252,69,154,175,27,98,112,1617,80
55,85,98,100,109,86,80,86,22,107,77,126,224,211,125,225,223,18,127,118,96,182,205,18,98,104,126,212,206,1230,80
109,70,69,84,72,70,57,89,24,94,133,114,183,184,141,225,210,23,95,107,157,227,229,41,98,111,182,271,239,1302,81
77,11,121,118,16,108,110,98,57,68,134,117,238,128,83,201,204,52,68,170,121,229,137,25,135,133,97,195,207,1211,81
108,97,85,87,98,97,120,93,208,305,316,135,220,232,72,159,157,72,170,159,25,122,123,51,171,148,36,129,156,1384,81
94,106,97,121,85,97,107,99,295,401,389,245,342,351,245,366,342,318,403,439,318,415,403,295,402,392,221,320,328,2743,81
91,122,52,85,83,118,98,82,146,268,237,145,197,267,144,229,196,100,183,185,134,252,217,41,139,159,77,159,175,1518,81
95,87,100,97,71,90,73,84,97,184,192,34,134,121,11,108,111,27,98,124,24,114,95,32,105,122,38,122,111,960,81
118,122,128,110,109,84,113,110,208,330,326,98,226,220,1227,1337,1355,268,377,378,405,489,514,685,798,769,118,228,231,3903,81
17,85,100,109,122,81,133,135,377,462,394,282,382,367,243,352,343,247,369,356,333,414,455,295,428,376,207,342,340,2766,81
119,122,121,122,105,60,86,100,122,244,241,63,184,185,101,223,222,2,107,124,62,122,167,36,122,96,36,136,122,1257,81
132,105,107,76,83,75,58,75,178,283,310,1,108,106,48,124,155,2,85,78,49,124,132,2,60,77,61,136,119,1052,81
73,73,84,135,113,13,109,72,145,218,218,112,196,185,97,232,181,60,173,195,247,260,360,10,119,23,73,145,182,1416,81
97,10,87,4,77,3,4,3,104,114,201,68,155,78,61,65,148,68,145,72,50,53,127,128,132,131,80,83,84,844,81
83,94,75,83,97,3,63,4,2,96,85,48,123,142,2,85,77,87,184,170,45,48,142,97,160,100,69,73,132,852,81
92,16,75,82,69,4,62,3,82,98,174,35,110,51,2,84,77,54,123,136,70,74,139,84,146,88,34,37,96,764,81
96,112,3,88,4,81,3,5,23,135,119,69,72,181,72,160,75,32,36,120,72,153,76,40,43,121,96,101,99,796,81
130,97,110,108,98,101,87,86,73,170,203,110,220,207,100,208,210,109,207,217,122,223,220,93,180,194,109,195,196,1533,81
72,17,75,46,4,3,5,3,44,61,116,59,134,76,2,48,77,86,90,132,95,98,99,130,135,133,66,69,71,707,81
4,3,48,3,124,3,91,29,53,56,57,111,159,114,69,72,117,60,184,63,57,60,181,85,176,88,2,31,93,742,81
119,76,3,8,3,5,3,5,73,149,192,51,54,127,129,137,132,50,53,58,134,139,137,90,93,95,122,127,125,871,81
98,70,75,57,60,4,64,4,2,72,100,61,136,131,2,59,77,90,150,147,59,63,119,104,168,108,70,74,134,820,81
53,3,82,3,5,3,4,4,70,73,123,84,166,87,39,42,121,108,113,111,91,94,96,110,114,113,102,106,106,761,81
98,15,86,4,15,3,5,3,55,70,153,86,172,101,45,49,131,96,111,100,81,84,96,159,164,162,41,44,46,792,81
5,4,56,3,60,4,64,4,213,217,218,178,234,182,123,126,179,205,265,208,58,62,118,82,146,86,45,49,109,1104,81
70,124,90,82,86,123,96,108,2,126,72,17,107,141,2,84,92,36,122,118,72,195,158,51,147,174,2,110,98,961,81
71,97,87,58,5,3,112,111,14,111,85,59,146,156,2,60,89,207,212,265,79,82,84,109,221,112,108,219,220,1122,81
119,102,120,76,10,88,3,87,50,152,169,7,127,109,2,78,122,87,97,163,34,122,44,70,73,158,60,147,63,915,81
119,109,87,94,77,20,91,31,655,764,774,37,124,146,2,96,89,61,138,155,51,71,128,72,163,92,2,33,93,1508,81
73,124,107,112,68,19,98,46,35,159,108,15,122,139,14,126,121,27,95,139,91,110,159,36,134,55,3,49,101,868,81
81,122,99,15,88,70,104,91,48,170,129,25,124,147,93,108,192,48,136,63,2,72,90,84,188,154,2,93,106,972,81
96,142,92,94,96,106,85,15,73,215,169,2,94,144,2,96,94,27,123,121,2,108,98,28,113,134,94,109,179,954,81
109,101,82,107,73,99,101,102,59,160,168,2,84,103,25,132,107,2,75,109,24,123,97,2,103,101,41,143,142,929,82
115,74,94,57,42,81,65,96,239,313,354,379,473,453,294,351,388,297,339,354,227,308,269,241,306,322,196,292,261,2497,82
95,86,88,119,134,78,67,92,317,403,412,293,381,379,234,353,322,224,358,343,194,272,328,180,247,258,883,975,950,3084,82
119,84,55,74,84,86,90,68,270,354,389,349,404,433,301,375,356,256,340,330,243,329,327,445,535,531,207,275,297,2731,82
149,111,108,104,110,120,135,76,327,438,476,246,354,357,189,293,297,194,304,298,170,290,280,129,264,249,163,239,298,2331,82
61,86,93,111,139,121,61,81,174,260,235,172,265,258,240,351,333,2539,2678,2650,126,247,265,152,213,273,832,913,893,4988,82
104,79,58,37,88,70,80,93,148,227,252,495,553,574,418,455,476,967,1055,1004,189,259,277,150,230,220,111,204,191,3087,82
115,89,84,92,85,91,122,81,125,214,240,273,357,362,231,323,315,575,660,667,479,570,564,548,670,639,915,996,1037,3905,82
94,83,96,73,103,67,104,64,136,219,230,135,231,218,366,439,462,156,259,229,132,199,235,423,527,490,372,436,476,2404,82
107,87,90,81,85,100,78,52,94,181,201,220,310,307,440,521,530,163,248,244,161,261,246,127,205,227,383,435,461,2268,82
70,79,70,74,114,107,59,61,218,297,288,247,317,326,249,323,319,365,479,439,118,225,232,168,227,275,151,212,210,2150,82
150,130,70,97,62,115,77,89,93,223,243,19,89,149,64,161,134,3,65,100,78,193,140,4,81,119,104,193,181,1155,82
142,91,99,68,110,26,17,6,32,123,174,26,125,117,18,86,117,56,166,124,7,33,117,99,116,125,73,79,90,870,82
93,145,55,65,6,79,80,5,69,214,162,2,57,147,74,139,129,41,47,106,128,207,134,69,149,148,38,43,118,949,82
14,131,52,112,70,111,70,39,49,180,63,2,54,133,106,218,158,54,124,166,7,118,77,2,72,113,89,128,159,908,82
55,130,54,98,5,26,3,97,66,196,121,3,57,133,55,153,109,33,38,131,112,138,117,106,109,132,60,157,63,903,82
74,127,89,76,5,67,4,39,130,257,204,28,117,155,13,89,102,90,95,166,34,101,39,74,78,141,67,106,71,917,82
104,67,69,4,50,73,52,80,122,189,226,183,252,250,56,60,125,128,178,132,284,357,334,123,175,196,108,188,160,1503,82
99,97,48,18,6,7,9,53,49,146,148,3,51,100,83,101,131,105,111,123,71,78,77,101,110,108,58,111,67,807,82
106,96,7,21,5,9,13,53,47,143,153,30,37,126,100,121,107,78,83,99,97,106,102,82,95,91,86,139,99,830,82
100,55,6,41,5,82,84,76,58,113,158,53,59,108,101,142,107,91,96,132,55,137,60,3,87,85,18,94,102,828,82
175,100,4,54,4,94,6,112,3,103,178,66,70,166,96,150,100,37,41,91,113,207,117,21,27,115,79,191,85,964,82
116,134,7,11,4,106,44,68,41,175,157,2,9,136,106,117,113,72,76,83,107,213,111,3,47,109,53,121,97,874,82
105,86,5,53,4,63,35,35,26,112,131,79,84,165,38,91,43,86,90,139,30,93,34,38,73,101,64,99,99,747,82
107,85,70,77,48,73,6,32,24,109,131,6,76,91,38,115,108,2,50,79,39,112,87,69,75,142,78,110,84,754,82
100,89,76,4,30,4,52,56,1,90,101,22,98,111,75,79,151,3,33,7,94,98,124,40,92,44,81,137,133,727,82
64,4,90,7,66,76,70,158,74,78,138,17,107,21,406,413,496,4,70,11,5,81,71,15,85,91,2,160,72,1058,82
143,66,61,78,62,76,40,80,12,78,155,41,102,107,13,91,74,23,85,101,15,91,77,26,66,102,9306,9386,9346,10042,82
33,5,79,65,70,79,52,104,102,107,135,28,107,33,26,91,105,5,75,70,6,85,76,4,56,83,15,119,67,673,82
167,91,77,123,44,83,7,42,5,96,172,6,83,97,15,138,92,127,171,250,19,102,63,87,94,170,42,84,49,935,82
161,85,61,78,80,180,6,68,2,87,163,23,84,108,6,84,67,32,112,110,59,239,139,79,85,259,45,113,51,965,83
72,99,77,87,93,75,117,89,612,711,684,598,675,697,614,701,691,373,466,460,392,467,485,505,622,580,264,353,381,4067,83
110,103,108,77,98,95,95,89,1338,1441,1448,574,682,677,214,291,322,226,324,303,189,284,287,412,507,507,1642,1731,1737,5370,83
89,87,107,95,95,103,110,93,202,289,291,199,306,286,224,319,331,218,313,313,209,312,304,200,310,303,164,257,274,2195,83
91,69,88,90,95,82,96,87,229,298,320,236,324,305,189,279,277,185,280,275,212,294,307,238,334,320,290,377,386,2277,83
70,94,85,94,95,86,76,76,330,424,400,375,460,469,395,489,480,283,378,377,228,314,323,567,643,653,302,378,378,3156,83
65,74,116,103,94,70,86,68,287,361,352,256,372,330,191,294,307,173,267,276,161,231,255,4501,4587,4571,118,186,204,6363,83
57,95,88,96,99,94,102,75,271,366,328,226,314,321,244,340,332,335,434,431,223,317,322,200,302,294,193,268,295,2398,83
94,79,85,82,101,77,94,76,307,386,401,373,458,452,254,336,339,456,557,538,317,394,418,538,632,615,325,401,419,3258,83
106,104,118,96,104,87,85,86,155,259,261,227,345,331,177,273,295,181,285,277,198,285,302,576,661,663,117,203,202,2417,83
99,99,78,100,86,57,99,95,1076,1175,1175,470,548,569,319,419,397,390,476,490,492,549,578,411,510,468,984,1079,1083,4855,83
65,91,87,101,94,106,104,102,108,199,173,173,260,264,97,198,184,195,289,296,100,206,194,276,380,382,93,195,197,1792,83
96,156,92,92,86,96,60,84,258,414,354,34,126,190,99,191,191,89,175,181,107,203,193,125,185,221,88,172,148,1562,83
83,88,77,93,97,103,110,114,54,142,137,158,235,246,69,162,146,144,241,237,61,164,158,172,282,275,68,182,178,1491,83
110,96,98,80,83,86,112,73,98,194,208,179,277,275,313,393,411,145,228,225,110,196,193,650,762,736,96,169,208,2329,83
79,85,88,107,94,103,99,100,182,267,261,206,294,291,170,277,258,221,315,328,159,262,253,278,377,381,159,259,258,2130,83
96,104,104,81,87,94,76,92,194,298,290,1404,1508,1508,282,363,386,195,282,276,136,230,223,437,513,531,113,205,189,3495,83
71,111,84,94,86,83,87,87,395,506,466,394,478,505,129,223,213,391,477,485,106,189,192,276,363,359,71,158,158,2465,83
36,97,63,77,80,95,87,95,318,415,354,304,367,401,926,1003,989,324,404,401,325,420,405,326,413,421,426,521,513,3579,83
66,104,95,83,90,78,92,94,351,455,417,282,377,386,294,377,389,283,373,366,363,441,453,532,624,610,334,428,426,3141,83
54,102,92,93,81,83,111,89,292,394,346,96,188,198,425,518,517,203,284,296,313,396,394,315,426,398,263,352,374,2612,83
67,83,82,73,86,86,82,76,253,336,320,257,339,340,202,275,284,164,250,237,228,314,314,227,309,313,949,1025,1031,2915,83
99,77,86,73,95,77,83,79,169,246,268,162,248,239,187,260,273,171,266,244,198,275,293,272,355,349,158,237,241,1986,83
79,90,104,96,87,106,77,95,180,270,259,167,271,257,338,434,442,243,330,339,218,324,305,207,284,313,172,267,249,2259,83
115,102,113,72,82,96,118,103,193,295,308,210,323,312,223,295,336,1835,1917,1907,280,376,362,199,317,295,128,231,246,3869,83
92,94,86,89,97,104,86,96,127,221,219,164,250,258,117,206,203,141,238,230,77,181,174,147,233,251,71,167,157,1588,83
112,124,114,84,95,100,96,115,80,204,192,87,201,211,108,192,222,228,323,312,80,180,175,158,254,258,42,157,138,1623,83
92,85,93,84,85,75,73,86,81,166,173,114,207,199,85,169,178,184,269,268,81,156,166,175,248,250,102,188,175,1495,83
90,88,113,101,106,95,85,97,89,177,179,219,332,307,118,219,231,229,335,330,117,212,223,853,938,948,99,196,184,2499,83
91,56,84,85,96,77,81,76,230,286,321,394,478,450,211,296,295,332,428,417,271,348,367,348,429,425,214,290,295,2646,83
98,109,101,87,87,97,90,87,81,190,179,104,205,213,73,160,174,106,193,193,89,186,176,125,215,222,85,172,175,1419,84
134,117,118,137,123,120,138,121,1458,1575,1592,182,300,299,344,481,462,228,351,365,223,343,346,229,367,349,821,942,959,4493,84
140,131,124,115,99,97,99,84,217,348,357,213,337,344,324,439,448,262,361,377,239,336,338,250,349,347,269,353,368,2663,84
138,133,124,89,116,144,143,119,2587,2720,2725,247,371,380,209,298,333,299,415,388,215,359,331,207,350,351,185,304,328,4955,84
113,175,161,115,136,116,114,138,22519,22694,22632,3,164,178,5,120,166,5,141,120,19,135,155,2,116,118,29,167,143,23650,84
70,111,115,113,94,105,114,104,220,331,290,197,312,308,227,340,342,241,335,354,936,1041,1030,1585,1699,1690,269,373,383,4501,84
109,143,137,149,132,126,129,138,536,679,645,176,313,319,201,350,338,367,499,516,179,305,311,191,320,317,403,541,532,3116,84
103,127,109,114,125,116,131,71,35,162,138,35,144,162,963,1077,1072,123,248,237,177,293,302,201,332,317,201,272,332,2631,84
141,129,142,107,109,127,140,123,1412,1541,1553,142,284,271,170,277,312,132,241,239,166,293,275,164,304,291,253,376,393,3457,84
169,140,153,105,133,124,107,103,200,340,369,148,301,288,126,231,279,137,270,242,106,230,239,126,233,250,124,227,231,2001,84
111,135,133,120,98,98,131,124,2203,2338,2314,188,321,323,118,238,251,172,270,292,156,254,254,175,306,273,118,242,249,4080,84
133,136,114,97,104,152,89,144,88,224,221,74,188,210,143,240,257,169,273,266,131,283,235,124,213,276,138,282,227,1836,84
112,122,138,123,97,141,130,107,87,209,199,46,184,168,28,151,166,44,141,167,69,210,166,44,174,185,53,160,183,1341,84
104,98,114,111,98,105,97,98,294,392,398,193,307,291,106,217,220,136,234,247,212,317,310,197,294,302,166,264,263,2129,84
143,131,126,96,121,107,109,150,155,286,298,141,267,272,149,245,275,241,362,337,141,248,262,442,551,549,204,354,313,2456,84
148,75,116,93,94,85,101,105,199,274,347,166,282,241,89,182,205,141,235,234,114,199,208,1419,1520,1504,178,283,279,3123,84
108,128,133,106,113,184,110,94,359,487,467,327,460,455,436,542,569,606,719,712,215,399,328,111,221,295,326,420,436,3356,84
117,129,95,114,107,110,169,80,211,340,328,135,230,264,596,710,691,249,356,363,165,275,272,143,312,253,220,300,389,2640,84
108,114,140,118,110,112,97,107,132,246,240,125,265,239,184,302,324,239,349,357,291,403,401,234,331,346,298,405,395,2409,84
128,149,135,138,127,115,108,132,395,544,523,2867,3002,3016,175,313,310,147,274,285,218,333,345,203,311,318,230,362,338,5267,84
136,140,127,135,128,150,95,114,120,260,256,96,223,236,292,427,419,209,337,344,285,435,413,128,223,278,160,274,255,2315,84
102,138,109,184,119,144,98,109,209,347,311,138,247,276,180,364,289,95,214,279,160,304,279,191,289,335,305,414,403,2281,84
132,161,106,75,101,148,116,136,162,323,294,114,220,275,182,257,288,271,372,346,238,386,339,143,259,291,119,255,235,2204,84
128,120,122,151,131,141,109,161,124,244,252,143,265,263,112,263,234,156,287,307,123,264,254,111,220,252,165,326,274,1997,84
99,128,135,163,114,156,101,125,139,267,238,104,239,232,37,200,172,167,281,330,93,249,207,149,250,305,269,394,370,1979,84
75,135,102,132,95,116,163,119,410,545,485,95,197,230,83,215,185,136,231,268,114,230,209,102,265,218,91,210,254,1968,84
133,97,136,90,95,107,92,101,111,208,244,118,254,215,74,164,210,94,189,184,122,229,217,156,248,263,162,263,254,1688,84
114,123,165,116,109,126,107,123,99,222,213,70,235,193,39,155,204,100,209,216,76,202,185,155,262,281,65,188,172,1587,84
105,142,109,122,137,111,117,116,85,227,190,76,185,218,49,171,158,97,234,219,56,167,193,100,217,211,120,236,237,1542,84
121,98,94,134,123,148,120,104,136,234,257,108,202,206,98,232,192,113,236,247,117,265,240,98,218,246,145,249,265,1757,84
113,129,128,138,92,134,106,134,131,260,244,99,227,228,87,225,215,179,271,317,75,209,167,157,263,291,157,291,263,1859,85
58,74,107,77,103,76,94,68,355,429,413,333,440,407,316,393,423,285,388,362,307,383,410,277,371,353,255,323,349,2785,85
83,89,89,100,90,69,79,62,230,319,313,251,340,340,248,348,337,225,315,325,272,341,362,305,384,374,370,432,449,2562,85
55,69,52,68,62,65,71,47,283,352,338,452,504,521,830,898,882,254,316,322,236,301,298,434,505,499,427,474,498,3405,85
85,79,94,78,68,38,79,83,317,396,402,302,396,381,440,518,534,313,381,391,350,388,418,303,382,341,276,359,355,2905,85
85,60,106,61,63,64,112,61,561,621,646,176,282,236,242,303,348,342,405,403,126,190,189,181,293,245,141,202,253,2381,85
62,84,108,70,57,69,70,72,180,264,242,126,234,210,103,173,211,205,262,275,107,176,164,152,222,221,136,208,206,1601,85
67,91,82,81,88,65,4,73,1845,1936,1912,109,191,200,113,194,195,114,202,195,149,214,237,36,40,101,56,129,60,2973,85
11,84,51,5,3,53,72,30,17,101,28,17,68,101,83,88,134,50,53,55,58,111,61,40,112,93,2,32,74,576,85
16,32,72,62,8,47,73,20,40,72,56,26,98,58,48,110,120,23,31,85,68,115,76,21,94,68,36,56,109,592,85
32,84,90,93,119,79,85,86,121,205,153,109,199,193,115,208,205,99,218,192,101,180,220,115,200,194,126,212,211,1454,85
79,29,40,70,82,39,73,104,69,98,148,94,134,123,40,110,80,64,146,134,2,41,84,121,194,160,3,107,76,909,85
12,65,29,52,78,47,4,36,74,139,86,34,63,99,60,112,89,21,99,73,91,138,169,79,83,126,13,49,17,695,85
7,4,93,106,47,75,60,4,52,56,59,78,171,82,32,138,125,70,117,176,3,78,50,26,86,101,41,45,101,698,85
6,100,97,141,80,78,90,18,95,195,101,116,213,216,114,255,211,70,150,211,114,192,194,124,214,202,88,106,178,1331,85
72,57,5,45,64,14,47,39,94,151,166,81,86,138,59,104,64,31,95,76,53,67,117,62,109,76,45,84,92,768,85
63,44,29,5,62,72,41,40,44,88,107,65,94,109,45,50,74,64,126,69,23,95,85,23,64,95,65,105,106,685,85
7,18,41,115,102,52,31,14,135,153,142,61,102,79,2,117,43,15,117,130,14,66,116,66,97,118,52,66,83,725,85
138,30,23,5,60,60,5,38,1,31,139,58,81,88,61,66,84,63,123,68,17,77,77,47,52,107,98,136,103,704,85
64,81,79,82,89,68,96,82,129,210,193,131,210,212,140,222,219,128,217,210,150,218,239,140,236,208,140,222,236,1599,85
69,102,61,67,78,38,73,6,2,104,71,82,143,184,1,68,62,81,159,148,22,60,100,108,181,146,34,40,107,824,85
71,63,83,5,78,55,33,43,2,65,73,78,161,141,33,38,116,106,184,111,32,87,110,71,104,126,75,118,108,828,85
7,169,7,104,31,4,36,47,15,184,22,1,8,170,49,153,56,45,76,149,28,32,59,107,143,111,47,94,83,697,85
75,8,86,59,21,35,62,47,53,61,128,104,190,112,16,75,102,65,86,124,39,74,60,39,101,74,48,95,110,757,85
6,186,53,65,4,26,6,42,2,188,8,3,56,189,30,95,83,71,75,136,46,72,50,82,88,108,147,189,153,769,85
7,5,51,42,59,25,4,54,68,73,75,108,159,113,55,97,106,28,87,70,73,98,132,43,47,68,99,153,103,721,85
59,85,44,70,32,4,37,49,105,190,164,75,119,160,24,94,68,47,79,117,52,56,84,82,119,86,29,78,66,794,85
88,75,88,67,83,104,113,130,128,203,216,110,198,185,144,211,232,133,216,200,142,246,225,140,253,244,139,269,252,1684,85
58,105,96,63,55,65,82,58,825,930,883,125,221,230,166,229,262,78,133,141,50,115,105,85,167,150,17,75,99,1928,85
6,82,101,56,4,145,28,35,12,94,18,1,102,83,56,112,157,64,68,120,21,166,25,35,63,180,141,176,169,787,85
133,129,128,122,103,120,89,81,133,262,266,165,293,294,134,256,262,122,225,244,135,255,238,114,203,234,121,202,210,1829,86
126,126,119,105,82,69,110,60,190,316,316,271,390,397,309,414,428,182,264,287,173,242,255,1395,1505,1464,140,200,250,3457,86
59,87,172,112,110,122,113,136,270,357,329,218,390,305,161,273,333,286,396,398,254,376,364,292,405,414,382,518,495,2774,86
53,74,79,89,46,112,76,67,428,502,481,478,557,552,424,513,503,520,566,609,2041,2153,2087,469,545,581,519,586,595,5475,86
130,116,79,91,44,81,77,62,163,279,293,364,443,480,238,329,317,440,484,531,289,370,333,1153,1230,1234,1870,1932,1947,5197,86
65,98,106,66,108,103,86,46,55,153,120,120,226,218,158,224,264,276,384,342,142,245,250,141,227,244,134,180,220,1704,86
14,64,69,54,49,51,92,5,118,182,132,158,227,222,194,248,263,196,245,250,199,250,248,203,295,254,2815,2820,2907,4281,86
29,68,78,52,44,14,77,56,167,235,196,210,288,278,191,243,269,242,286,294,242,256,286,207,284,221,226,282,303,1903,86
27,85,91,79,70,107,100,88,187,272,214,206,297,291,259,338,350,201,271,280,203,310,273,170,270,277,205,293,305,2078,86
59,103,101,121,85,104,120,89,184,287,243,207,308,310,185,306,286,172,257,293,158,262,243,176,296,280,235,324,355,2099,86
69,91,128,121,69,121,118,107,194,285,263,206,334,297,183,304,311,229,298,350,199,320,268,170,288,291,207,314,325,2212,86
73,95,110,117,106,133,77,132,13,108,86,94,204,189,34,151,144,41,147,158,55,188,161,6,83,139,63,195,140,1149,86
74,68,105,103,115,59,17,16,103,171,177,88,193,156,76,179,181,55,170,158,24,83,139,73,90,132,92,108,109,1068,86
63,83,91,95,102,103,104,70,54,137,117,53,144,136,45,140,136,42,144,137,44,147,146,43,147,146,59,129,163,1051,86
50,72,93,93,109,82,79,81,58,130,108,53,146,125,43,136,136,54,163,147,37,119,146,44,123,126,67,148,146,1015,86
56,109,65,93,79,95,91,79,41,150,97,20,85,129,53,146,118,47,126,140,30,125,109,43,134,138,43,122,134,944,86
56,68,104,136,41,70,49,83,65,133,121,32,136,100,26,162,130,12,53,148,55,125,96,76,125,146,67,150,116,940,86
61,92,92,104,62,85,91,69,52,144,113,45,137,137,45,149,137,61,123,165,49,134,111,57,148,142,67,136,158,1032,86
118,85,70,144,458,65,39,138,61,146,179,62,132,147,108,252,178,12,470,156,405,470,863,121,160,186,99,237,138,1985,86
121,122,92,68,93,79,107,91,23,145,144,38,130,160,67,135,159,67,160,135,84,163,177,49,156,128,51,142,158,1152,86
26,112,229,4,85,86,92,77,2,114,28,46,275,158,2,6,231,68,153,72,79,165,164,67,159,153,94,171,186,1069,86
75,60,101,33,3,112,81,40,38,98,113,47,148,107,83,116,184,85,88,118,77,189,80,35,116,147,49,89,130,919,86
32,41,5,119,101,85,18,105,37,78,69,104,109,145,44,163,49,120,221,239,5,90,106,51,69,136,124,229,142,991,86
4,179,81,89,71,105,119,130,64,243,68,68,149,247,78,167,159,87,158,176,56,161,127,53,172,158,40,170,159,1224,86
72,119,79,79,74,75,101,70,69,188,141,11,90,130,50,129,129,47,121,126,61,136,135,61,162,136,22,92,123,990,86
98,14,95,16,53,32,13,51,77,91,175,119,214,133,40,56,135,41,94,57,40,72,93,59,72,91,54,105,67,802,86
94,22,35,96,130,50,73,116,38,60,132,56,91,78,61,157,96,37,167,133,4,54,134,245,318,295,37,153,110,1094,86
114,68,36,28,97,115,46,121,101,169,215,57,93,125,61,89,97,95,192,123,2,117,99,5,51,120,68,189,114,1014,86
73,63,44,49,10,30,4,16,16,79,89,44,88,107,18,67,62,74,84,123,37,67,47,84,88,114,42,58,46,604,86
43,114,98,70,61,22,3,80,64,178,107,27,125,141,192,262,290,41,102,111,159,181,220,61,64,83,79,159,82,1114,86
87,81,108,94,100,110,92,104,58,139,145,100,208,181,119,213,227,110,210,204,93,203,193,67,159,177,1494,1598,1586,2817,87
116,59,87,80,104,149,155,152,394,453,510,650,737,709,182,262,269,349,453,429,3789,3938,3893,123,278,272,43,195,198,6432,87
143,120,87,106,83,77,88,80,179,299,322,144,231,264,649,755,736,238,321,344,265,342,348,209,297,286,238,318,326,2706,87
91,131,110,119,167,124,66,99,213,344,304,196,306,327,238,357,348,208,375,327,171,295,338,256,322,380,248,347,314,2437,87
64,105,102,113,99,80,101,98,258,363,322,211,313,316,161,274,263,274,373,387,226,306,325,216,317,296,213,311,314,2321,87
84,110,114,114,89,93,98,97,186,296,270,172,286,282,139,253,253,147,236,261,123,216,212,136,234,229,92,189,190,1794,87
57,103,93,87,95,83,101,100,135,238,192,83,176,186,119,206,212,78,173,165,95,178,190,106,207,189,79,179,180,1414,87
80,79,83,90,80,80,81,104,90,169,170,107,190,186,77,167,160,87,167,177,121,201,201,97,178,177,98,202,179,1354,87
84,97,104,83,94,103,95,102,93,190,177,69,173,166,88,171,192,92,186,175,74,177,168,54,149,157,96,198,191,1328,87
57,75,105,93,107,82,113,113,122,197,179,90,195,165,75,168,180,62,169,155,94,176,201,74,187,156,56,169,169,1318,87
70,71,97,93,107,104,101,65,123,194,193,82,179,153,239,332,336,75,182,168,60,164,167,66,167,170,257,322,358,1610,87
52,92,93,71,88,56,86,76,110,202,162,95,188,187,98,169,191,85,173,156,103,159,191,100,186,156,94,170,180,1299,87
65,89,85,93,72,78,87,66,98,187,163,89,174,178,261,354,346,97,169,190,84,162,156,82,169,160,79,145,166,1425,87
68,83,85,93,82,80,79,63,98,181,166,95,180,178,73,166,158,75,157,168,99,179,181,64,143,144,92,155,171,1229,87
76,95,97,68,69,72,76,76,98,193,174,50,147,145,82,150,179,100,169,168,90,162,159,105,181,177,83,159,159,1237,87
46,79,89,84,93,83,78,73,85,164,131,78,167,157,70,154,159,61,154,145,76,159,169,74,152,157,70,143,148,1139,87
46,92,105,97,78,73,78,80,86,178,132,53,158,145,55,152,160,79,157,176,92,165,170,83,161,156,82,162,160,1179,87
67,93,81,96,103,89,79,59,97,190,164,64,145,157,79,175,160,49,152,145,56,145,159,78,157,167,102,161,181,1192,87
64,81,57,84,94,99,74,64,81,162,145,94,151,175,102,186,159,71,165,155,55,154,149,68,142,167,97,161,171,1185,87
83,67,74,79,102,70,78,64,82,149,165,80,154,147,86,165,160,77,179,156,66,136,168,77,155,147,81,145,159,1166,87
62,88,83,94,98,71,81,72,66,154,128,78,161,166,64,158,147,52,150,146,84,155,182,74,155,145,88,160,169,1155,87
89,84,67,57,76,60,86,76,49,133,138,80,147,164,81,138,148,69,145,126,83,143,159,86,172,146,73,149,159,1116,87
53,83,83,67,86,67,72,57,213,296,266,75,158,158,96,163,179,82,168,149,91,158,177,81,153,148,85,142,157,1291,87
61,60,93,65,42,50,121,64,85,145,146,64,157,124,97,162,190,103,145,168,106,156,148,97,218,147,39,103,160,1147,87
51,64,86,78,62,80,81,91,92,156,143,81,167,145,63,141,149,90,152,168,96,176,158,77,158,157,67,158,148,1159,87
78,75,114,76,67,73,132,90,89,164,167,59,173,134,45,121,159,92,159,168,82,155,149,51,183,124,37,127,169,1160,87
51,59,80,64,62,56,77,61,108,167,159,78,158,137,91,155,171,81,143,145,97,153,159,89,166,145,94,155,171,1148,87
48,72,88,96,64,40,65,81,108,180,156,85,173,157,49,145,137,93,157,189,116,156,180,117,182,157,84,165,149,1206,87
50,69,86,77,92,61,76,56,77,146,127,87,173,156,74,151,160,79,171,156,88,149,180,96,172,157,104,160,180,1172,87
82,99,98,118,81,81,65,79,68,167,150,67,165,166,50,168,148,60,141,178,68,149,149,97,162,178,83,162,148,1196,87
50,84,93,88,87,98,87,82,82,166,132,73,166,157,76,164,169,79,166,167,72,170,159,70,157,168,71,153,158,1192,88
169,139,138,167,115,123,46,59,188,327,357,224,362,363,527,694,665,207,322,374,657,780,772,282,328,405,670,729,716,3711,88
138,103,149,105,151,138,127,140,154,257,292,778,927,881,153,258,302,462,613,567,954,1092,1105,361,488,499,2305,2445,2432,6218,88
161,147,138,147,184,164,151,152,788,935,949,1293,1431,1440,712,859,850,557,741,704,269,433,453,767,918,931,290,442,441,5920,88
188,152,137,151,186,115,150,135,257,409,445,155,292,307,752,903,889,202,388,353,352,467,538,596,746,711,848,983,998,4376,88
152,152,127,174,174,104,112,103,222,374,374,212,339,364,170,344,297,178,352,352,406,510,580,183,295,287,214,317,326,2683,88
25,151,106,160,81,104,131,141,311,462,336,201,307,352,236,396,342,283,364,443,261,365,342,202,333,306,234,375,365,2627,88
124,164,126,183,105,174,93,44,142,306,266,175,301,339,205,388,331,204,309,387,213,387,318,679,772,853,326,370,419,2957,88
146,138,121,194,161,92,103,125,257,395,403,169,290,307,209,403,330,80,241,274,156,248,317,375,478,467,304,429,407,2630,88
98,151,162,163,136,151,139,152,246,397,344,167,329,318,145,308,307,207,343,370,188,339,324,205,344,356,210,362,349,2520,88
107,152,140,140,149,76,126,174,245,397,352,212,352,364,179,319,319,146,295,286,196,272,345,181,307,257,192,366,318,2415,88
207,122,109,145,80,119,134,108,2,124,209,55,164,177,57,202,166,23,103,168,58,177,138,33,167,152,43,151,177,1295,88
129,98,95,90,121,120,108,14,145,243,274,254,349,352,123,213,218,127,248,217,43,163,164,45,153,165,153,167,261,1665,88
131,120,102,80,44,28,39,98,106,226,237,14,116,134,93,173,195,33,77,113,150,178,194,63,102,91,80,178,119,1181,88
132,95,96,78,89,85,87,33,2,97,134,69,165,164,21,99,117,82,171,160,11,96,100,91,178,176,24,57,111,995,88
75,108,89,41,28,18,122,109,66,174,141,17,106,125,218,259,307,81,109,122,85,103,113,162,284,180,18,127,140,1237,88
100,108,117,121,148,119,119,119,167,275,267,2,119,110,67,188,184,24,172,145,166,285,314,140,259,259,305,424,424,1822,88
90,111,107,84,108,108,84,113,7,118,97,113,220,224,118,202,225,197,305,281,139,247,247,246,330,354,10,123,94,1635,88
121,108,122,84,65,5,28,82,2,110,123,68,190,176,1,85,123,124,189,208,75,80,140,137,165,142,208,290,236,1230,88
48,123,100,49,17,17,47,51,77,200,125,15,115,138,326,375,426,78,95,127,128,145,145,56,103,73,91,142,138,1223,88
108,166,92,86,76,137,115,167,30,196,138,27,119,193,175,261,267,240,316,326,56,193,132,22,137,159,80,247,195,1577,88
153,37,12,196,98,151,114,62,100,137,253,107,119,144,95,291,107,1,99,197,46,197,144,124,238,275,164,226,278,1460,88
109,211,71,50,5,153,125,143,12,223,121,33,104,244,273,323,344,67,72,117,56,209,61,182,307,335,45,188,170,1535,88
107,107,149,34,119,120,98,133,150,257,257,45,194,152,125,159,274,1,120,35,55,175,174,13,111,133,28,161,126,1284,88
103,196,97,121,108,205,30,97,54,250,157,1,98,197,46,167,143,20,128,141,105,310,213,1,31,206,46,143,76,1230,88
116,110,227,43,119,124,121,119,41,151,157,31,258,141,2,45,229,70,189,113,18,142,137,209,330,333,67,186,188,1417,88
122,82,120,120,131,54,154,114,201,283,323,44,164,126,33,153,153,57,188,177,133,187,264,203,357,257,11,125,165,1579,88
42,143,207,172,121,92,127,35,171,314,213,181,388,324,78,250,285,200,321,372,170,262,291,169,296,261,353,388,480,2261,88
134,111,55,128,95,53,117,242,194,305,328,230,285,341,126,254,181,151,246,279,188,241,283,161,278,214,174,416,291,2159,88
162,166,21,130,235,128,129,45,533,699,695,267,288,433,172,302,193,931,1166,1061,113,241,348,150,279,278,220,265,349,3402,88
301,211,282,153,211,245,166,117,61,272,362,180,462,391,138,291,420,243,454,396,217,462,428,138,304,383,158,275,324,2821,89
194,87,84,138,131,121,120,107,103,190,297,1061,1145,1148,183,321,267,183,314,321,175,296,306,219,339,340,144,251,264,3050,89
165,187,130,121,150,124,118,98,166,353,331,23,153,210,196,317,326,87,237,208,358,482,508,150,268,274,112,210,230,2185,89
84,110,88,134,159,108,180,109,78,188,162,129,217,239,295,429,383,20,179,154,60,168,219,44,224,152,105,214,285,1703,89
113,109,121,107,120,108,110,109,82,191,195,76,197,185,177,284,298,76,196,183,348,456,468,80,190,188,117,226,227,1853,89
67,139,98,234,128,151,109,120,272,411,339,583,681,722,868,1102,966,526,654,760,286,437,414,366,475,517,242,362,351,4189,89
138,82,109,110,110,132,166,108,68,150,206,109,218,191,264,374,373,77,187,187,264,396,374,13,179,145,18,126,184,1768,89
89,111,101,109,109,119,120,119,75,186,164,96,197,207,185,294,286,65,174,174,90,209,199,77,197,196,99,218,219,1564,89
104,143,133,170,120,72,108,108,88,231,192,95,228,238,206,376,339,74,194,244,534,606,654,101,209,173,108,216,216,2164,89
99,134,141,120,132,133,119,130,64,198,163,94,235,228,210,330,351,90,222,210,107,240,239,110,229,243,120,250,239,1803,89
110,131,132,120,143,130,132,150,69,200,179,63,195,194,166,286,298,87,230,207,100,230,243,98,230,228,111,261,243,1742,89
194,132,124,101,128,126,136,115,24,156,218,462,586,594,16,117,140,13,141,114,16,142,144,1,137,127,3,118,139,1591,89
134,144,161,138,155,178,117,209,44,188,178,40,201,184,203,341,364,3,158,141,16,194,171,2,119,180,20,229,137,1564,89
94,120,132,91,121,118,128,122,75,195,169,54,186,174,99,190,231,72,193,163,124,242,245,13,141,131,11,133,139,1374,89
52,114,135,123,128,136,112,137,78,192,130,49,184,163,18,141,153,2,130,125,15,151,143,2,114,138,14,151,126,1115,89
92,102,160,80,128,135,115,120,93,195,185,52,212,154,3,83,163,60,188,140,162,297,290,2,117,137,15,135,130,1319,89
120,156,119,80,27,122,134,95,77,233,197,31,150,187,90,170,209,34,61,114,22,144,49,2,136,124,12,107,146,1121,89
76,87,100,110,114,75,74,115,107,194,183,99,199,186,53,163,153,66,180,176,117,192,231,146,220,221,120,235,194,1459,89
124,139,102,147,92,108,145,131,43,182,167,2,104,141,20,167,122,2,94,149,14,122,106,23,168,131,1,132,146,1093,89
165,115,143,113,117,121,148,107,2,117,167,2,145,117,2,115,145,19,136,132,3,124,120,2,150,123,2,109,150,1061,89
160,53,48,111,178,85,50,158,26,79,186,62,110,115,53,164,101,496,674,607,128,213,306,63,113,148,143,301,193,1814,89
95,120,111,133,99,49,110,109,90,210,185,98,209,218,109,242,220,118,217,251,181,230,280,132,242,181,111,220,221,1665,89
100,141,99,148,108,137,93,140,30,171,130,2,101,143,1,149,100,1,109,149,13,150,121,2,95,139,101,241,194,1116,89
109,167,96,117,64,149,118,148,52,219,161,1,97,168,21,138,117,39,103,156,54,203,118,1,119,150,1,149,119,1137,89
88,123,134,121,160,101,48,34,75,198,163,72,206,195,65,186,199,75,235,196,2,103,162,81,129,182,58,92,106,1237,89
108,111,110,120,104,109,132,132,26,137,134,275,385,386,100,220,210,15,119,135,1,110,105,34,166,143,2,134,134,1379,89
94,131,109,131,132,95,148,113,75,206,169,76,185,207,68,199,177,65,197,196,13,108,145,34,182,129,27,140,175,1311,89
111,158,76,138,120,108,156,108,131,289,242,81,157,239,395,533,471,93,213,231,13,121,133,34,190,142,2,110,158,1724,89
127,33,71,97,78,123,137,127,36,69,163,62,133,95,56,153,127,32,110,129,19,142,97,2,139,125,1,128,138,1001,89
104,109,110,99,133,86,120,157,97,206,201,67,177,176,85,184,195,120,253,219,110,196,243,306,426,392,328,485,448,2031,89
108,116,98,136,110,96,133,119,110,226,218,69,167,185,124,260,222,59,169,195,144,240,254,111,244,207,109,228,242,1642,90
78,78,86,84,101,84,85,84,56,134,134,537,623,615,73,157,159,200,301,284,65,149,166,240,325,324,81,165,166,1932,90
45,111,83,83,70,87,83,70,85,196,130,690,773,801,99,182,182,581,651,664,112,199,182,343,426,430,79,149,162,2621,90
39,27,85,101,77,85,63,93,141,168,180,647,732,674,73,174,158,266,343,367,89,174,166,582,645,667,79,172,142,2447,90
43,52,86,87,78,78,69,62,102,154,145,90,176,142,90,177,176,111,189,198,88,166,166,106,175,184,131,193,200,1273,90
74,85,91,73,52,102,85,84,187,272,261,601,692,686,81,154,172,194,246,267,788,890,840,82,167,184,48,132,133,2627,90
108,60,36,77,78,63,89,112,95,155,203,148,184,208,105,182,141,107,185,184,104,167,182,70,159,133,61,173,150,1313,90
99,117,99,120,122,120,113,80,71,188,170,65,164,182,68,188,167,71,193,191,87,207,209,53,166,173,89,169,202,1374,90
87,117,75,43,127,83,112,112,42,159,129,100,175,217,100,143,175,89,216,132,91,174,218,72,184,155,56,168,168,1306,90
65,99,95,84,111,77,87,77,88,187,153,58,153,157,106,190,201,72,183,156,89,166,200,98,185,175,104,181,191,1310,90
61,94,56,52,69,94,78,93,111,205,172,206,262,300,1127,1179,1183,164,233,216,97,191,166,289,367,383,88,181,166,2679,90
58,77,69,81,79,95,101,111,133,210,191,98,167,175,110,191,179,115,194,196,104,199,183,88,189,183,74,185,175,1393,90
53,88,102,102,102,111,106,108,88,176,141,76,178,164,56,158,158,74,176,176,47,158,149,56,162,167,60,168,166,1229,90
56,118,85,93,86,94,94,102,69,187,125,48,133,166,65,158,150,91,177,184,79,173,165,73,167,167,73,175,167,1226,90
60,77,77,95,102,103,86,98,96,173,156,82,159,159,72,167,149,80,182,175,73,176,175,88,174,191,80,178,166,1269,90
60,71,63,76,86,104,117,120,85,156,145,94,157,165,73,149,136,81,167,157,88,192,174,73,190,177,49,169,166,1240,90
65,63,86,104,79,67,122,96,104,167,169,87,173,150,79,183,165,80,159,184,115,182,194,64,186,131,78,174,200,1289,90
94,77,87,87,90,85,69,115,89,166,183,89,176,166,88,175,175,79,169,166,86,171,176,82,151,167,272,387,341,1489,90
108,76,86,76,87,88,95,96,106,182,214,90,176,166,97,173,183,82,169,158,95,183,182,71,166,159,79,175,174,1332,90
103,51,67,77,77,118,93,53,104,155,207,141,208,192,124,201,191,81,158,158,106,224,183,72,165,190,123,176,216,1390,90
63,93,101,91,93,61,94,94,103,196,166,91,192,184,99,190,200,98,191,189,108,169,201,130,224,191,29488,29582,29582,30807,90
70,174,104,134,99,145,100,113,47,221,117,152,256,326,148,282,252,29,128,163,152,297,251,74,174,219,122,235,222,1663,90
93,142,110,128,114,83,28,109,127,269,220,100,210,242,82,210,192,18,132,146,54,137,168,84,112,167,100,209,128,1372,90
69,134,59,72,30,119,110,110,46,180,115,2,61,136,105,177,164,44,74,116,123,242,153,30,140,149,81,191,191,1134,90
65,126,87,80,104,92,38,113,76,202,141,1,88,127,76,156,163,2,106,82,74,166,178,29,67,121,72,185,110,1035,90
89,62,99,46,54,21,15,28,40,102,129,44,143,106,36,82,135,36,90,82,57,78,111,85,100,106,87,115,102,799,90
29,89,95,122,70,97,88,41,2,91,31,23,118,112,99,221,194,67,137,189,80,177,150,18,106,115,81,122,169,1001,90
8,4,29,22,104,95,66,96,76,80,84,89,118,93,70,92,99,62,166,84,63,158,167,125,191,220,4,100,70,913,90
73,60,84,14,39,68,28,122,81,141,154,2,86,62,105,119,189,75,114,89,61,129,100,48,76,116,115,237,143,975,90
75,96,4,6,3,89,61,62,2,98,77,77,81,173,101,107,105,90,93,96,73,162,76,43,104,132,90,152,151,872,90
52,74,5,30,4,7,22,57,45,119,97,76,81,150,79,109,84,95,99,125,106,113,110,90,112,97,98,155,120,840,91
128,120,138,146,143,119,163,119,79,199,207,96,234,216,67,213,205,73,216,219,97,216,240,143,306,262,235,354,398,1866,91
166,112,133,67,144,64,65,92,49,161,215,138,271,250,169,236,302,139,283,206,340,404,484,161,226,225,168,260,233,2007,91
114,142,120,128,119,116,134,53,74,216,188,63,183,205,75,203,195,68,187,196,112,228,231,85,219,201,420,473,554,1823,91
129,121,88,98,98,132,90,88,186,307,315,107,195,228,75,173,163,2640,2738,2738,128,260,226,106,196,238,73,161,163,4159,91
82,148,110,121,109,89,88,66,343,491,425,35,145,183,42,163,152,75,184,196,159,248,268,120,208,209,106,172,194,1693,91
79,111,116,110,111,99,107,66,136,247,215,105,221,216,58,168,174,141,252,251,104,203,215,131,238,230,75,141,182,1549,91
133,121,111,132,128,153,84,142,92,213,225,83,194,204,73,205,184,118,246,250,56,209,184,198,282,351,86,228,170,1710,91
105,141,159,144,142,148,146,144,96,237,201,63,222,204,56,200,215,73,215,217,155,303,297,65,211,213,60,204,206,1697,91
128,120,144,128,111,110,142,123,85,205,213,85,229,205,72,200,216,45,156,173,96,206,207,30,172,140,107,230,249,1526,91
133,134,129,109,145,112,121,135,85,219,218,79,208,213,87,196,216,84,229,193,72,184,217,72,193,184,85,220,206,1582,91
166,131,120,88,110,62,134,137,95,226,261,97,217,228,85,173,205,64,174,152,144,206,254,107,241,169,49,186,183,1589,91
85,84,90,36,123,110,87,70,129,213,214,96,186,180,160,196,250,71,194,107,160,270,283,86,173,196,114,184,201,1501,91
136,142,120,154,152,135,109,122,56,198,192,77,197,219,94,248,214,52,204,206,108,243,260,125,234,260,96,218,205,1678,91
95,121,110,132,111,142,105,112,96,217,191,75,185,196,62,194,172,63,174,195,63,205,174,65,170,207,98,210,203,1450,91
106,99,88,122,121,131,149,131,105,204,211,96,184,195,86,208,174,83,204,205,96,227,217,65,214,196,44,175,193,1522,91
98,95,142,120,143,90,115,125,105,200,203,95,237,190,53,173,195,74,217,194,74,164,217,104,219,194,127,252,242,1560,91
94,108,122,121,99,101,124,142,87,195,181,95,217,203,51,172,173,74,173,195,95,196,194,95,219,196,266,408,390,1674,91
93,108,99,110,77,97,135,134,104,212,197,105,204,213,96,206,195,98,175,208,128,225,205,96,231,193,150,284,285,1630,91
103,123,109,120,132,133,125,111,116,239,219,83,192,206,107,227,216,87,219,207,94,227,226,73,198,206,89,200,214,1605,91
99,122,120,121,150,143,130,132,91,213,190,64,184,186,84,205,204,74,224,195,239,382,389,74,204,217,64,196,194,1707,91
126,109,66,78,109,37,88,107,103,212,229,119,185,228,114,192,180,118,227,196,150,187,259,126,214,163,154,261,242,1604,91
121,107,99,78,110,127,98,129,75,182,196,301,400,408,138,216,237,139,249,217,133,260,243,109,207,236,140,269,238,1904,91
130,138,114,108,67,112,131,123,82,220,212,64,178,202,104,212,218,108,175,216,115,227,182,84,215,196,73,196,204,1553,91
65,92,133,110,65,114,110,100,105,197,170,61,194,153,93,203,226,76,141,186,95,209,160,81,191,195,84,184,194,1384,91
89,122,88,99,77,132,127,110,127,249,216,94,182,216,86,185,174,74,151,173,52,184,129,76,203,208,55,165,182,1408,91
93,119,105,133,100,121,96,231,94,213,187,102,207,221,149,282,254,116,216,249,106,227,206,45,141,166,106,337,202,1716,91
158,101,123,111,56,185,88,66,46,147,204,62,185,163,83,194,206,106,162,217,95,280,151,85,173,270,129,195,217,1494,91
95,112,98,78,57,108,83,130,104,216,199,118,216,230,105,183,203,137,194,215,118,226,175,144,227,252,76,206,159,1563,91
154,156,96,98,109,110,121,87,84,240,238,77,173,233,92,190,188,85,194,183,97,207,206,74,195,184,408,495,529,1848,91
113,120,97,77,89,111,110,111,103,223,216,85,182,205,139,216,236,118,207,195,106,217,195,95,205,206,73,184,183,1547,92
149,118,137,106,103,159,109,117,581,699,730,40,177,158,17,123,154,74,177,180,155,314,258,1,110,160,5278,5395,5387,7144,92
58,100,118,101,100,126,126,158,1755,1855,1813,275,393,375,125,226,243,276,376,377,99,225,199,116,242,242,504,662,630,4037,92
97,137,126,101,118,93,120,88,237,374,334,73,199,210,39,140,165,84,202,185,22,115,140,49,169,142,2,90,122,1386,92
88,109,98,124,110,119,104,100,79,188,167,59,157,168,151,275,249,57,167,181,107,226,217,31,135,150,21,121,125,1357,92
71,71,128,76,88,81,99,69,13,84,84,6,134,77,1,77,129,3,91,79,2,83,90,2,101,83,2,71,101,712,92
73,127,118,139,119,107,99,93,112,239,185,113,231,240,109,248,227,84,203,223,128,235,247,113,212,220,155,248,254,1689,92
121,159,115,126,101,144,98,162,115,274,236,159,274,318,260,386,375,302,403,428,100,244,201,151,249,295,175,337,273,2288,92
101,109,100,130,104,108,111,125,234,343,335,102,202,211,659,789,759,75,179,205,166,274,270,73,184,181,83,208,194,2280,92
106,94,172,74,105,102,117,88,2,96,108,38,210,132,1,75,173,2,107,76,5,107,110,1,118,103,2,90,119,909,92
94,101,54,96,79,80,28,134,84,185,178,101,155,202,60,156,114,2,81,98,45,125,124,45,73,125,30,164,58,1033,92
65,84,126,74,112,133,159,132,96,180,161,72,198,156,11,85,137,89,201,163,73,206,185,2,161,135,2,134,161,1230,92
78,126,121,78,95,62,111,98,62,188,140,56,177,182,2,80,123,23,118,101,222,284,317,6,117,68,13,111,124,1153,92
129,127,112,96,108,108,59,128,2,129,131,2,114,129,5,101,117,1,109,97,2,110,110,36,95,144,25,153,84,940,92
68,97,131,111,130,110,133,110,270,367,338,62,193,159,34,145,165,49,179,160,36,146,166,50,183,160,41,151,174,1432,92
89,125,131,111,120,109,119,110,66,191,155,33,164,158,62,173,193,55,175,166,49,158,169,56,175,165,58,168,177,1293,92
93,97,103,111,102,63,110,113,84,181,177,60,163,157,83,194,186,62,164,173,112,175,214,56,166,119,59,172,169,1308,92
125,126,156,118,117,117,102,125,106,232,231,127,283,253,157,275,313,161,278,279,163,280,280,151,253,268,132,257,234,1983,92
86,119,102,115,109,93,75,109,193,312,279,67,169,186,369,484,471,167,276,282,83,176,192,207,282,300,151,260,226,2045,92
121,93,110,96,101,85,101,94,2,95,123,72,182,165,51,147,161,128,229,224,83,168,184,72,173,157,76,170,177,1285,92
39,126,119,136,127,119,143,93,275,401,314,108,227,234,106,242,225,82,209,218,55,174,182,15,158,134,101,194,244,1644,92
83,95,74,52,47,25,52,90,43,138,126,20,94,115,28,80,102,28,75,80,38,63,85,102,154,127,2,92,54,779,92
55,69,100,98,128,99,117,110,95,164,150,139,239,208,75,173,175,51,179,149,1,100,129,64,181,163,2,112,119,1203,92
130,106,78,75,59,94,37,15,2,108,132,2,80,108,40,115,118,2,61,77,15,109,74,25,62,119,112,127,149,792,92
69,84,92,99,54,59,16,100,70,154,139,64,156,148,67,166,159,1,55,100,100,159,154,73,89,132,1,101,17,949,92
39,76,108,72,77,77,63,30,85,161,124,71,179,147,75,147,183,36,113,108,15,92,92,40,103,117,67,97,130,931,92
104,121,111,110,85,87,80,105,51,172,155,54,165,175,50,160,161,121,206,231,24,111,109,2,82,89,14,119,94,1119,92
78,69,88,67,80,136,75,79,1,70,79,18,106,87,1,68,89,25,105,92,2,138,82,1,76,137,31,110,106,751,92
98,45,46,113,37,103,38,161,1,46,99,1,47,46,39,152,85,1,38,114,17,120,54,1,39,104,50,211,88,751,92
81,107,84,76,77,76,75,77,59,166,140,41,125,148,60,136,144,64,141,140,58,134,135,64,139,140,68,145,143,1067,92
72,84,39,75,69,85,99,60,104,188,176,141,180,225,111,186,150,81,150,156,652,737,721,101,200,186,64,124,163,1837,93
20,61,78,93,65,107,138,55,158,219,178,158,236,219,195,288,273,279,344,372,186,293,251,198,336,305,75,130,213,1866,93
24,66,77,62,76,52,40,46,145,211,169,108,185,174,180,242,257,145,221,207,445,497,521,5006,5046,5058,116,162,156,6588,93
29,66,76,45,61,50,67,36,127,193,156,171,247,237,412,457,488,231,292,276,191,241,252,448,515,498,1493,1529,1560,3503,93
62,80,64,52,54,4,37,71,106,186,168,86,150,166,110,162,174,110,164,162,30,34,84,99,136,103,70,141,107,1035,93
53,73,59,4,41,20,32,20,34,107,87,14,73,87,100,104,159,14,55,18,79,99,120,36,68,56,68,88,100,647,93
70,25,154,6,62,32,69,36,25,50,95,68,222,93,1,7,155,12,74,18,51,83,113,34,103,66,52,88,121,697,93
20,62,19,72,58,61,17,74,13,75,33,46,65,108,26,98,45,41,99,113,15,76,73,140,157,201,38,112,55,702,93
20,40,23,43,85,3,50,46,23,63,43,29,52,69,14,57,37,46,131,89,36,39,121,65,115,68,4,50,54,527,93
78,57,78,73,54,51,67,37,43,100,121,12,90,69,17,90,95,13,67,86,50,101,104,15,82,66,65,102,132,710,93
33,103,44,53,38,30,61,113,44,147,77,1,45,104,69,122,113,25,63,78,74,104,112,24,85,54,150,263,211,862,93
63,52,59,40,60,28,59,80,35,87,98,16,75,68,62,102,121,26,86,66,62,90,122,26,85,54,52,132,111,720,93
39,113,40,73,68,41,61,58,33,146,72,2,42,115,39,112,79,19,87,92,47,88,115,26,87,67,50,108,111,709,93
13,73,19,10,47,6,100,80,2,75,15,131,150,204,62,72,81,103,150,113,102,108,149,26,126,32,42,122,142,816,93
27,33,84,91,43,27,128,68,149,182,176,130,214,163,94,185,178,113,156,204,124,151,167,167,295,194,78,146,206,1356,93
58,67,39,69,77,96,21,57,150,217,208,123,162,190,132,201,171,142,219,211,98,194,175,126,147,222,132,189,153,1387,93
46,8,63,29,97,98,40,9,62,70,108,84,147,92,3,32,66,57,154,86,31,129,128,5,45,103,96,105,136,728,93
58,90,10,5,7,6,10,82,2,92,60,50,60,140,123,128,133,53,60,58,127,133,134,90,100,96,96,178,106,809,93
102,87,62,3,60,18,114,60,18,105,120,229,291,316,104,107,166,59,119,62,47,65,107,52,166,70,37,97,151,1052,93
57,46,4,78,58,68,21,10,56,102,113,37,41,83,120,198,124,1,59,79,46,114,104,89,110,157,56,66,77,747,93
25,46,76,14,62,152,13,82,86,132,111,55,131,101,101,115,177,59,121,73,96,248,158,64,77,216,48,130,61,979,93
41,88,53,2,32,11,91,73,22,110,63,89,142,177,158,160,211,19,51,21,68,79,100,89,180,100,26,99,117,862,93
45,85,77,113,92,88,73,106,80,165,125,37,114,122,40,153,117,4,96,117,89,177,181,2,75,90,81,187,154,1012,93
62,89,12,6,3,79,95,83,85,174,147,99,111,188,117,123,129,45,48,51,111,190,114,53,148,132,9,92,104,948,93
47,83,75,41,20,79,94,67,138,221,185,9,84,92,108,149,183,69,89,110,96,175,116,15,109,94,27,94,121,968,93
44,52,3,86,81,85,40,5,98,150,142,33,36,85,91,177,94,16,97,102,27,112,108,95,135,180,43,48,83,799,93
61,10,77,10,5,10,79,27,85,95,146,45,122,55,128,138,205,670,675,680,71,81,76,109,188,119,80,107,159,1467,93
79,62,5,28,97,74,73,5,1,63,80,122,127,184,39,67,44,78,175,106,23,97,120,38,111,112,439,444,512,1163,93
97,8,6,78,74,10,10,9,178,186,275,50,56,58,174,252,180,153,227,231,174,184,248,285,295,295,195,204,205,1501,93
75,115,3,52,9,115,105,85,304,419,379,247,250,362,235,287,238,57,66,109,361,476,370,37,142,152,5,90,110,1805,93
97,91,7,14,66,101,44,10,88,179,185,78,85,169,107,121,114,43,109,57,67,168,133,87,131,188,73,83,117,973,94
62,57,79,72,83,66,34,50,149,206,211,111,190,168,99,171,178,88,171,160,111,177,194,141,175,207,129,179,163,1331,94
46,7,58,56,56,34,42,66,184,191,230,110,168,117,128,184,186,129,185,185,146,180,202,146,188,180,128,194,170,1336,94
51,66,17,32,27,33,36,49,137,203,188,160,177,226,158,190,175,174,201,206,152,185,179,194,230,227,160,209,196,1446,94
89,20,73,84,90,57,44,57,142,162,231,87,160,107,107,191,180,77,167,161,125,182,215,118,162,175,125,182,169,1295,94
38,66,57,76,64,64,47,67,124,190,162,103,160,169,79,155,136,101,165,177,89,153,153,130,177,194,111,178,158,1216,94
56,5,44,48,58,7,56,67,177,182,233,120,164,125,119,167,163,113,171,161,160,167,218,98,154,105,106,173,162,1234,94
63,44,33,42,58,93,16,84,100,144,163,124,157,168,123,165,156,119,177,161,95,188,153,92,108,185,29,113,45,1115,94
54,33,56,36,64,74,65,51,162,195,216,152,208,185,169,205,225,138,202,174,112,186,176,112,177,186,119,170,184,1397,94
81,74,80,63,91,88,100,91,107,181,188,110,190,184,106,169,186,113,204,176,94,182,185,98,198,186,90,181,190,1386,94
38,36,29,35,35,29,35,36,160,196,198,159,188,195,142,177,171,143,178,178,137,166,172,131,166,160,325,361,360,1470,94
83,83,64,75,68,35,100,87,100,183,183,78,142,161,81,156,145,68,136,143,199,234,267,37,137,72,76,163,176,1234,94
116,59,34,37,51,19,58,57,100,159,216,109,143,168,137,174,171,116,167,153,133,152,184,100,158,119,88,145,146,1214,94
37,81,75,67,74,57,98,93,94,175,131,95,170,176,95,162,170,93,167,160,94,151,168,69,167,126,44,137,142,1166,94
48,45,70,68,82,81,72,76,143,188,191,87,157,132,87,155,157,66,148,134,77,158,159,72,144,153,60,136,132,1134,94
50,27,43,51,51,56,59,57,150,177,200,136,179,163,117,168,160,93,144,144,102,158,153,95,154,151,101,158,160,1188,94
72,75,67,43,43,65,75,59,83,158,155,76,143,151,109,152,176,94,137,137,67,132,110,62,137,127,76,135,151,1066,94
73,77,60,67,89,92,99,83,93,170,166,100,160,177,85,152,145,70,159,137,43,135,132,49,148,141,35,118,134,1115,94
52,58,56,49,67,72,63,60,139,197,191,109,165,167,114,163,170,85,152,134,62,134,129,62,125,134,72,132,135,1120,94
20,47,52,50,54,59,67,75,138,185,158,118,170,165,126,176,178,122,176,172,102,161,156,110,177,169,86,161,153,1226,94
46,45,50,49,60,51,51,43,118,163,164,117,167,162,110,159,160,112,172,161,127,178,187,135,186,186,131,174,182,1245,94
49,57,59,62,47,51,67,65,107,164,156,102,161,159,111,173,170,110,157,172,112,163,159,93,160,144,93,158,160,1185,94
68,66,72,90,77,68,65,66,104,170,172,86,158,152,72,162,144,45,122,135,67,135,144,85,150,153,89,155,154,1120,94
79,90,88,74,72,71,95,84,85,175,164,53,141,143,81,155,169,69,141,143,81,152,153,72,167,143,40,124,135,1134,94
66,89,66,67,34,49,46,17,88,177,154,38,104,127,47,114,113,2,36,69,20,69,54,89,135,138,41,58,87,759,94
59,55,55,78,91,109,88,85,120,175,179,96,151,151,80,158,135,57,148,135,34,143,125,26,114,135,62,147,150,1095,94
59,10,6,21,7,10,6,66,111,121,170,52,58,62,108,129,114,51,58,72,82,92,89,62,68,72,92,158,98,743,94
41,78,107,152,141,122,111,118,100,178,141,66,173,144,76,228,183,31,172,183,25,147,166,24,135,146,27,145,138,1219,94
11,4,14,4,8,3,13,3,26,30,37,120,134,124,34,38,48,116,124,120,28,31,36,128,141,131,26,29,39,538,94
36,69,74,76,67,66,65,84,88,157,124,75,149,144,79,155,153,76,143,152,87,153,154,77,142,143,53,137,118,1072,94
94,72,75,75,82,90,75,82,83,155,177,72,147,144,69,144,144,60,142,135,53,143,135,78,153,168,62,144,137,1122,95
68,87,51,55,61,54,46,46,147,234,215,137,188,224,133,188,184,109,170,164,123,177,184,108,154,162,107,153,153,1332,95
36,63,78,75,75,75,83,94,141,204,177,128,206,191,120,195,198,111,186,186,107,182,182,102,185,177,279,373,362,1567,95
50,56,48,50,64,45,66,43,152,208,202,159,207,215,163,213,211,173,237,223,183,228,247,273,339,318,182,225,248,1707,95
54,60,55,64,45,33,53,43,137,197,191,124,179,184,99,163,154,109,154,173,128,161,173,122,175,155,113,156,166,1239,95
35,55,34,52,62,64,69,76,139,194,174,150,184,205,120,172,154,113,175,165,120,184,182,99,168,163,85,161,154,1273,95
39,52,38,52,55,72,66,44,152,204,191,155,193,207,142,194,180,131,186,183,123,195,178,131,197,203,140,184,206,1392,95
56,80,61,66,44,67,45,86,140,220,196,137,198,217,130,196,191,161,205,227,159,226,203,189,234,256,142,228,187,1563,95
39,62,55,65,41,55,51,53,408,470,447,131,186,193,110,175,165,124,165,189,131,186,172,122,173,177,102,155,153,1549,95
38,49,63,64,62,57,59,42,133,182,171,154,217,203,119,183,182,113,175,177,108,165,170,119,178,176,104,146,163,1284,95
51,56,64,66,64,72,56,55,135,191,186,103,167,159,98,164,162,100,164,166,79,151,143,101,157,173,98,153,154,1198,95
32,86,52,63,53,62,64,65,197,283,229,141,193,227,129,192,181,143,196,206,121,183,174,109,173,171,429,494,493,1746,95
13,44,21,65,65,36,78,44,167,211,180,182,203,226,254,319,275,112,177,177,124,160,189,122,200,158,128,172,206,1455,95
49,53,50,72,76,53,86,86,114,167,163,144,194,197,135,207,185,99,175,171,114,167,190,95,181,148,87,173,173,1313,95
12,49,52,80,26,46,57,65,297,346,309,113,165,162,1497,1577,1549,145,171,225,114,160,140,99,156,145,97,162,154,2749,95
26,55,64,66,68,54,64,65,125,180,151,98,162,153,110,176,174,109,177,175,139,193,207,110,174,164,100,165,164,1253,95
51,58,69,65,74,62,74,50,153,211,204,132,201,190,104,169,173,109,183,174,101,163,175,154,228,216,136,186,210,1392,95
44,106,65,40,54,72,52,55,151,257,195,67,132,173,142,182,207,134,188,174,109,181,163,104,156,176,100,155,152,1295,95
33,64,56,63,66,63,54,62,121,185,154,112,168,176,120,183,176,99,165,162,88,151,154,112,166,175,121,183,175,1234,95
60,64,72,64,25,60,70,65,84,148,144,89,161,153,101,165,173,159,184,223,104,164,129,100,170,160,95,160,165,1212,95
31,33,65,53,63,54,76,76,116,149,147,109,174,142,110,163,175,92,155,145,109,163,172,69,145,123,88,164,164,1144,95
48,72,74,62,74,74,65,74,137,209,185,103,177,175,111,173,185,100,174,162,90,164,164,100,165,174,213,287,278,1397,95
55,62,39,65,62,75,55,63,119,181,174,156,195,218,131,196,170,142,204,207,153,228,215,98,153,173,121,184,176,1396,95
28,50,65,74,74,53,73,54,127,177,155,92,157,142,97,171,162,82,156,156,112,165,186,175,248,228,88,142,161,1244,95
42,64,53,64,66,74,63,85,223,287,265,108,161,172,101,165,154,99,165,163,336,410,402,175,238,249,89,174,152,1642,95
31,83,63,81,66,64,76,75,170,253,201,132,195,215,277,358,340,111,177,192,128,192,194,99,175,163,143,218,219,1599,95
27,67,66,72,76,82,51,75,520,587,547,507,573,574,337,409,403,264,340,336,195,277,271,163,214,245,110,185,161,2612,95
38,43,62,64,62,35,55,65,307,350,345,431,493,474,696,760,758,296,358,360,291,326,353,464,519,499,177,242,232,3086,95
42,60,32,41,74,76,76,65,141,201,183,164,196,224,154,195,186,131,205,172,531,607,605,99,175,175,108,173,184,1794,95
90,64,64,63,60,54,94,65,83,147,173,111,175,175,109,172,173,94,154,157,378,432,438,110,204,164,81,146,175,1520,95
