73,59,53,34,52,36,51,76,124,183,197,124,177,183,131,165,184,124,176,158,165,201,217,173,224,209,133,209,184,1408,1
49,59,67,60,59,52,62,52,115,174,164,133,200,192,109,169,176,98,157,158,124,176,183,132,194,184,223,275,285,1394,1
40,84,68,42,69,83,60,72,358,442,398,124,192,208,142,184,210,115,184,157,108,191,177,125,185,208,111,183,171,1601,1
84,95,76,337,3,93,43,34,131,226,215,122,198,217,118,455,194,1,4,338,32,125,35,124,167,217,132,166,175,1425,1
47,63,75,67,77,50,92,68,136,199,183,109,184,172,109,176,184,107,184,174,99,149,176,109,201,159,98,166,190,1306,1
66,68,68,100,69,59,42,59,131,199,197,110,178,178,106,206,174,117,186,217,131,190,200,125,167,184,149,208,191,1400,1
46,77,117,79,60,18,43,27,123,200,169,107,224,184,100,179,217,146,206,225,140,158,200,333,376,351,132,159,175,1548,1
81,51,67,77,42,35,59,53,109,160,190,99,166,150,107,184,174,125,167,202,149,184,191,116,175,151,108,161,167,1278,1
79,81,60,68,52,83,53,26,125,206,204,93,153,174,100,168,160,157,209,225,167,250,219,182,235,265,123,149,176,1449,1
61,29,4,6,835,4,4,3,124,153,185,403,407,432,3,9,7,89,924,95,1,5,836,2,6,6,1,4,5,1569,1
32,42,51,51,68,68,50,51,166,208,198,108,159,150,116,167,167,107,175,158,91,159,159,108,158,176,116,167,166,1225,1
41,84,42,61,4,18,12,26,99,183,140,34,76,118,57,118,99,47,51,108,90,108,94,48,60,66,114,140,126,777,1
52,68,76,68,60,35,42,59,107,175,159,108,184,176,107,175,183,132,192,200,158,193,218,165,207,200,125,184,167,1362,1
23,17,34,59,68,51,9,9,173,190,196,158,192,175,124,183,158,150,218,209,124,175,192,157,166,208,208,217,217,1364,1
66,43,77,68,51,52,43,68,357,400,423,133,210,176,131,199,208,124,175,192,125,177,176,131,174,183,166,234,209,1635,1
54,51,37,64,68,60,76,60,137,188,191,132,169,183,114,178,151,102,170,166,115,175,183,116,192,176,107,167,183,1293,1
57,51,67,52,42,28,43,60,107,158,164,100,167,151,74,126,141,107,149,159,125,153,167,122,165,150,82,142,125,1117,1
65,51,51,67,26,60,68,75,115,166,180,116,167,167,92,159,143,124,150,191,115,175,141,116,184,176,100,175,168,1241,1
50,60,67,58,42,60,59,50,115,175,165,125,192,185,125,183,192,126,168,184,518,578,560,265,324,325,125,175,184,1845,1
58,69,69,88,93,68,85,110,99,168,157,115,184,184,99,187,168,104,197,192,123,191,216,108,193,176,116,226,201,1404,1
89,59,75,75,75,67,66,93,100,159,189,108,183,167,118,193,193,117,192,192,117,184,192,143,209,210,217,310,283,1519,1
63,76,58,59,51,42,69,68,149,225,212,100,158,176,125,184,183,133,184,192,141,183,192,116,185,158,106,174,175,1356,1
31,42,51,27,19,3,35,52,175,217,206,83,134,125,24,51,75,115,134,142,30,33,49,115,150,118,6,58,41,808,1
74,62,5,6,49,61,45,59,107,169,181,461,466,523,1,7,6,74,123,80,142,203,191,131,176,192,131,190,176,1408,1
40,43,76,68,29,68,74,51,133,176,173,133,209,176,141,209,217,141,170,209,130,198,159,117,191,185,116,167,190,1360,1
14,18,35,101,60,51,92,66,183,201,197,609,644,627,107,208,142,134,194,235,133,184,193,148,240,199,116,182,208,1867,1
66,51,51,51,67,51,42,59,158,209,224,157,208,208,133,184,184,125,192,176,133,184,200,124,166,175,133,192,175,1401,1
49,51,29,62,59,61,3,4,89,140,138,49,78,100,105,167,134,14,73,76,65,126,124,38,41,99,124,128,127,802,1
36,59,51,89,34,19,2,9,133,192,169,133,184,192,33,122,84,3,37,92,99,118,133,14,16,33,132,141,134,846,1
71,35,52,27,85,69,52,43,131,166,202,166,218,201,148,175,200,140,225,167,115,184,200,106,158,175,132,175,184,1372,1
76,21,19,42,27,53,52,32,44,65,120,68,87,89,4,46,23,37,64,79,3,56,30,2,54,55,25,57,77,505,2
31,79,48,40,34,59,37,28,34,113,65,30,78,109,4,44,52,30,64,70,21,80,55,4,41,63,54,82,91,533,2
50,78,34,66,23,24,128,12,20,98,70,9,43,87,2,68,36,32,55,98,44,68,67,27,155,51,56,68,184,605,2
16,7,21,20,101,30,13,19,69,76,85,39,60,46,36,56,57,55,156,75,8,38,109,36,49,66,41,60,54,511,2
34,68,25,65,24,84,67,15,17,85,51,19,44,87,2,67,27,40,64,105,4,88,28,22,89,106,34,49,101,520,2
8,3,66,55,38,32,31,37,35,38,43,76,142,79,1,56,67,38,76,93,2,34,40,46,77,78,19,56,50,487,2
49,77,45,22,40,4,38,19,12,89,61,22,67,99,67,89,112,71,111,93,69,73,109,45,83,49,57,76,95,637,2
37,26,10,38,56,43,23,46,165,191,202,91,101,117,40,78,50,29,85,67,78,121,134,74,97,117,10,56,33,766,2
30,3,4,32,25,3,12,3,24,27,54,128,132,131,101,133,105,69,94,101,101,104,126,34,46,37,95,98,107,664,2
9,3,62,10,19,11,51,55,38,41,47,148,210,151,46,56,108,94,113,104,22,33,41,50,101,61,7,62,58,625,2
9,5,12,2,22,39,9,19,51,56,60,68,80,73,64,66,76,34,56,36,37,76,59,37,46,76,67,86,76,475,2
10,2,10,19,64,78,99,13,22,24,32,103,113,105,66,85,76,23,87,42,43,121,107,45,144,123,33,46,132,630,2
109,49,35,44,16,68,23,62,23,72,132,107,142,156,24,68,59,83,99,127,43,111,59,22,45,90,32,94,55,740,2
10,41,4,10,29,69,17,55,9,50,19,75,79,116,63,73,67,51,80,61,11,80,40,35,52,104,13,68,30,492,2
9,5,47,16,69,53,30,46,65,70,74,27,74,32,39,55,86,9,78,25,69,122,138,2,32,55,54,100,84,540,2
4,3,44,101,82,57,56,101,47,50,51,40,84,43,268,369,312,117,199,218,1073,1130,1155,210,266,267,19,120,75,2222,2
5,24,46,56,35,33,50,27,4,28,9,53,99,77,24,80,70,63,98,119,19,52,54,32,82,65,118,145,168,589,2
10,50,54,30,2,28,26,79,13,63,23,51,105,101,34,64,88,74,76,104,31,59,33,58,84,86,55,134,81,595,2
26,53,71,57,3,16,22,58,50,103,76,4,75,57,23,80,94,28,31,85,42,58,45,39,61,55,24,82,46,516,2
83,34,21,60,3,9,7,10,57,91,140,41,62,75,76,136,97,59,62,119,44,53,47,142,149,151,53,63,60,699,2
16,71,70,5,11,24,24,73,1,72,17,22,92,93,19,24,89,53,64,58,30,54,41,51,75,75,37,110,61,507,2
60,100,89,101,104,112,111,100,44,144,104,64,153,164,55,156,144,53,157,154,40,152,144,34,145,146,44,144,155,1111,2
36,80,56,14,30,38,42,22,306,386,342,34,90,114,109,123,165,45,75,59,205,243,235,46,88,84,109,131,151,1172,2
9,2,36,2,3,9,56,4,57,59,66,58,94,60,42,44,78,64,67,66,58,67,61,41,97,50,66,70,122,507,2
36,77,29,3,68,2,52,23,89,166,125,21,50,98,30,33,59,50,118,53,20,22,88,27,79,29,67,90,119,594,2
68,103,102,123,98,101,81,256,51,154,119,61,163,164,43,166,145,43,141,166,32,133,130,68,149,169,36,292,117,1266,2
45,69,82,79,6,2,53,5,46,115,91,47,129,116,42,121,124,43,49,122,60,62,66,57,110,59,66,71,119,702,2
61,105,102,118,112,89,111,100,77,182,138,76,178,181,38,156,140,36,148,154,57,146,169,20,131,109,31,131,142,1133,2
5,34,94,89,487,65,86,196,5,39,10,289,383,323,53,142,147,51,538,140,76,141,563,237,323,302,110,306,196,1877,2
4,2,67,29,25,23,13,14,29,31,33,19,86,21,2,31,69,32,57,61,54,77,79,52,65,75,30,44,43,395,2
35,3,53,3,71,4,30,8,45,48,80,104,157,107,23,26,76,59,130,62,29,33,100,62,92,66,67,75,97,596,3
37,80,84,18,29,35,68,23,96,176,133,18,102,98,80,98,164,38,67,56,64,99,93,72,140,107,42,65,110,784,3
7,3,25,12,36,82,28,77,100,103,107,44,69,47,87,99,112,52,88,64,85,167,121,49,77,131,21,98,49,708,3
5,3,92,47,41,15,7,6,56,59,61,63,155,66,52,99,144,85,126,132,35,50,76,91,98,106,41,47,48,639,3
25,3,4,3,24,19,61,2,34,37,59,97,101,100,83,86,87,78,102,81,87,106,111,64,125,83,26,28,87,610,3
4,9,13,5,64,7,10,9,62,71,66,98,111,107,72,77,85,79,143,84,36,43,100,75,85,82,65,74,75,608,3
24,15,69,18,38,26,50,29,87,102,111,32,101,47,69,87,138,12,50,30,83,109,121,1,51,27,73,102,123,626,3
20,21,36,3,36,6,56,27,84,105,104,39,75,60,96,99,132,31,67,34,92,98,128,31,87,37,72,99,128,650,3
9,19,69,12,32,7,44,6,46,65,55,76,145,95,39,51,108,55,87,67,75,82,107,49,93,56,76,82,120,614,3
10,7,29,6,28,21,48,8,77,84,87,52,81,59,82,88,111,37,65,43,78,99,106,29,77,50,70,78,118,582,3
9,4,7,4,26,126,16,69,74,78,83,75,82,79,80,84,87,43,69,47,104,230,130,121,137,247,1,70,17,759,3
5,4,71,3,28,6,14,17,88,92,93,64,135,68,49,52,120,51,79,54,82,88,110,48,62,54,90,107,104,620,3
63,57,3,13,4,8,3,4,98,155,161,33,36,90,76,89,79,80,84,93,56,64,60,88,91,96,42,46,45,628,3
21,3,20,8,73,3,38,18,51,54,72,75,95,78,85,93,105,41,114,49,38,41,111,31,69,34,77,95,115,582,3
43,3,26,11,48,2,20,93,28,31,71,63,89,66,97,108,123,30,78,41,85,87,133,31,51,33,90,183,110,670,3
6,4,89,38,9,31,22,103,59,63,65,95,184,99,74,112,163,74,83,112,45,76,54,79,101,110,44,147,66,772,3
4,3,30,2,13,20,26,18,91,94,95,63,93,66,69,71,99,56,69,58,86,106,99,31,57,51,89,107,115,601,3
65,83,57,9,89,4,16,7,2,85,67,46,103,129,75,84,132,32,121,41,22,26,111,64,80,68,90,97,106,661,3
5,4,68,10,113,83,36,90,85,89,90,76,144,80,54,64,122,40,153,50,19,102,132,51,87,134,1,91,37,735,3
42,2,64,8,74,7,61,53,34,36,76,59,123,61,61,69,125,44,118,52,68,75,142,26,87,33,45,98,106,648,3
43,2,66,25,15,21,49,6,29,31,72,115,181,117,3,28,69,64,79,89,86,107,101,33,82,54,82,88,131,639,3
5,3,15,15,25,9,20,3,84,87,89,64,79,67,90,105,105,46,71,61,94,103,119,36,56,45,89,92,109,598,3
9,3,81,13,7,19,2,9,41,44,50,74,155,77,86,99,167,63,70,76,47,66,54,78,80,97,47,56,49,579,3
4,27,39,4,50,10,39,5,70,97,74,53,92,80,71,75,110,40,90,44,34,44,84,258,297,268,78,83,117,782,3
47,7,10,7,23,20,80,43,70,77,117,83,93,90,98,105,108,48,71,55,100,120,123,34,114,54,20,63,100,690,3
4,3,34,7,33,55,97,52,102,105,106,66,100,69,76,83,110,58,91,65,155,210,188,2,99,57,22,74,119,766,3
17,14,14,15,3,8,5,7,75,89,92,72,86,86,61,76,75,76,79,91,43,51,46,78,83,86,55,62,60,543,3
42,4,73,3,79,16,75,14,57,61,99,53,126,57,46,49,119,66,145,69,31,47,110,49,124,65,25,39,100,633,3
20,12,18,9,73,4,115,72,44,56,64,44,62,56,121,130,139,40,113,49,57,61,130,53,168,57,49,121,164,731,3
5,14,69,9,51,62,7,32,87,101,92,64,133,78,52,61,121,46,97,55,148,210,199,101,108,163,27,59,34,774,3
32,6,29,119,68,19,73,27,18,24,50,111,140,117,24,143,53,18,86,137,60,79,128,14,87,33,194,221,267,812,4
113,100,50,21,95,46,21,90,67,167,180,63,113,163,97,118,147,2,97,23,19,65,114,67,88,113,18,108,39,869,4
32,2,68,36,4,62,26,11,63,65,95,20,88,22,31,67,99,85,89,121,12,74,16,42,68,104,78,89,104,572,4
23,21,87,111,65,77,3,88,95,116,118,2,89,23,137,248,224,153,218,264,402,479,467,139,142,216,21,109,24,1424,4
109,56,12,74,48,15,48,5,54,110,163,64,76,120,1,75,13,32,80,106,137,152,185,40,88,55,81,86,129,776,4
28,4,110,66,66,77,99,122,94,98,122,269,379,273,153,219,263,195,261,261,755,832,821,130,229,207,129,251,228,2297,4
22,91,35,17,49,28,26,59,63,154,85,31,66,122,95,112,130,2,51,19,31,59,80,90,116,118,17,76,43,656,4
55,50,69,57,4,43,26,5,105,155,160,2,71,52,21,78,90,75,79,132,18,61,22,21,47,64,82,87,108,633,4
34,4,110,33,4,89,136,79,106,110,140,19,129,23,11,44,121,63,67,96,40,129,44,19,155,108,17,96,153,764,4
11,55,49,4,72,44,5,92,247,302,258,54,103,109,73,77,122,12,84,16,12,56,84,106,111,150,2,94,7,838,4
23,12,87,46,5,70,55,83,116,128,139,23,110,35,10,56,97,96,101,142,16,86,21,141,196,211,1960,2043,2015,2743,4
62,57,47,5,83,46,6,62,179,236,241,30,77,87,85,90,132,13,96,18,30,76,113,50,56,96,12,74,18,767,4
85,45,3,39,89,125,101,59,109,154,194,117,120,162,25,64,28,185,274,224,214,339,303,291,392,416,152,211,253,1639,4
30,4,4,78,36,46,2,62,65,69,95,206,210,210,18,96,22,8,44,86,215,261,251,32,34,78,2,64,4,808,4
116,101,62,101,25,39,48,47,128,229,244,2,64,103,205,306,267,20,45,121,90,129,115,28,76,67,31,78,79,1043,4
45,4,119,123,101,32,5,100,34,38,79,10,129,14,119,242,238,130,231,253,11,43,112,62,67,94,18,118,23,913,4
65,5,99,48,5,70,32,25,59,64,124,41,140,46,77,125,176,82,87,130,28,98,33,13,45,83,103,128,135,752,4
64,3,78,25,12,81,9,13,62,65,126,20,98,23,54,79,132,90,102,115,3,84,15,13,22,94,99,112,108,626,4
91,36,5,61,68,78,36,33,39,75,130,63,68,99,24,85,29,554,622,615,173,251,241,52,88,130,53,86,89,1366,4
86,98,27,4,61,36,5,45,198,296,284,20,47,118,82,86,109,2,63,6,31,67,92,107,112,143,5,50,10,807,4
11,9,97,34,70,89,68,164,31,40,42,24,121,33,186,220,283,259,329,293,106,195,176,30,98,119,254,418,322,1432,4
23,70,49,3,61,25,3,21,91,161,114,53,102,123,72,75,121,13,74,16,32,57,93,95,98,120,19,40,22,630,4
77,94,51,15,56,58,5,19,11,105,88,21,72,115,89,104,140,19,75,34,31,89,87,72,77,130,45,64,50,663,4
83,72,13,67,22,20,106,45,17,89,100,103,116,175,2,69,15,13,35,80,99,119,121,2,108,22,20,65,126,684,4
48,84,37,4,100,32,3,77,99,183,147,30,67,114,73,77,110,7,107,11,12,44,112,73,76,105,9,86,12,688,4
18,99,42,51,62,37,3,51,83,182,101,13,55,112,81,132,123,2,64,53,30,67,92,95,98,132,10,61,13,677,4
150,78,2,133,4,32,81,31,42,120,192,41,43,119,15,148,17,1,5,134,124,156,128,17,98,49,2512,2543,2593,3263,4
124,57,31,49,35,13,74,35,25,82,149,91,122,148,3,52,34,42,77,91,74,87,109,13,87,26,20,55,94,686,4
64,11,89,6,70,36,28,45,70,81,134,18,107,29,129,135,218,18,88,24,49,85,119,59,87,95,204,249,232,896,4
35,28,43,41,11,76,34,5,45,73,80,22,65,50,53,94,96,64,75,105,16,92,27,23,57,99,85,90,119,581,4
41,53,98,78,76,107,89,112,110,163,151,109,207,162,88,166,186,93,169,171,78,185,154,73,162,180,95,207,184,1300,5
66,86,111,104,102,87,102,91,93,179,159,80,191,166,75,179,186,78,180,182,62,149,164,72,174,159,72,163,174,1281,5
63,109,89,98,89,106,77,87,110,219,173,81,170,190,91,189,180,57,146,155,65,171,154,86,163,192,88,175,165,1296,5
78,64,91,105,87,89,111,100,120,184,198,93,184,157,72,177,163,68,155,173,97,186,184,60,171,149,75,175,186,1310,5
111,90,99,45,89,102,101,99,83,173,194,70,169,160,86,131,185,82,171,127,247,349,336,62,163,164,58,157,159,1424,5
69,77,82,65,57,70,70,78,60,137,129,90,172,167,93,158,175,116,173,181,118,188,175,103,173,173,80,158,150,1228,5
44,68,69,82,75,71,78,97,99,167,143,92,161,160,96,178,165,76,151,158,88,159,163,90,168,161,99,196,177,1224,5
95,102,98,85,79,80,26,110,87,189,182,66,164,168,87,172,185,86,165,171,117,197,196,48,74,128,463,573,489,1629,5
90,89,87,88,95,67,91,88,251,340,341,175,262,264,145,233,232,167,262,255,147,214,242,140,231,207,123,211,214,1843,5
74,66,67,65,67,68,66,65,95,161,169,127,194,193,117,182,184,107,174,172,109,177,176,113,179,181,121,186,187,1327,5
148,105,66,66,56,63,67,47,8,113,156,87,153,192,109,175,175,104,160,170,111,174,167,115,182,178,118,165,185,1270,5
110,133,111,88,88,121,99,121,96,229,206,125,236,258,96,184,207,137,225,225,97,218,185,104,203,225,87,208,186,1613,5
83,66,81,62,88,84,68,98,132,198,215,125,206,191,129,191,210,118,206,180,87,171,175,117,185,201,97,195,165,1435,5
105,69,97,77,89,68,81,90,207,276,312,215,312,284,149,226,246,173,262,250,157,225,246,162,243,230,131,221,212,1870,5
58,51,77,65,79,69,67,63,148,199,206,91,168,142,109,174,186,117,196,182,119,188,198,111,178,180,110,173,177,1334,5
59,57,66,70,68,68,75,88,109,166,168,102,168,159,118,188,184,94,162,164,105,173,173,93,168,161,88,176,163,1260,5
91,90,89,98,112,100,99,136,106,196,197,88,177,178,75,173,164,72,184,170,85,185,197,84,183,184,72,208,171,1397,5
57,87,79,110,46,64,79,56,125,212,182,149,228,236,98,208,177,134,180,244,165,229,211,124,203,188,128,184,207,1501,5
106,61,90,88,100,77,89,89,129,190,235,146,236,207,152,240,242,145,245,233,142,219,242,135,224,212,139,228,228,1688,5
56,93,87,57,80,93,68,87,105,198,161,102,189,195,117,174,204,115,195,172,83,176,163,91,159,184,105,192,173,1339,5
63,82,79,79,77,88,77,98,118,200,181,93,172,175,95,174,174,104,181,183,75,163,152,95,172,183,455,553,532,1678,5
103,112,93,88,100,89,110,100,192,304,295,158,251,270,123,211,216,118,218,206,137,226,237,119,229,208,125,225,235,1767,5
98,68,34,66,100,86,99,119,76,144,174,122,156,190,131,197,165,93,193,159,86,172,186,95,194,181,76,195,175,1349,5
760,78,77,89,90,99,89,104,91,169,851,108,185,186,60,149,137,109,199,198,58,157,148,64,153,163,491,595,580,2367,5
138,94,88,101,111,78,87,109,96,190,234,175,263,269,119,220,207,135,246,236,117,195,228,139,226,217,130,239,217,1717,5
43,62,55,59,57,69,66,69,120,182,163,114,169,176,119,178,174,114,171,173,109,178,166,109,175,178,121,190,187,1286,5
62,82,83,79,68,79,78,259,125,207,187,79,162,161,93,172,176,90,158,169,105,184,173,82,160,161,257,516,335,1621,5
37,83,55,69,79,66,66,84,128,211,165,97,152,180,119,188,174,92,171,161,107,173,186,105,171,171,96,180,162,1283,5
81,56,78,67,79,76,68,84,93,149,174,116,194,172,106,173,184,106,185,173,107,183,186,107,175,183,103,187,171,1327,5
90,72,45,36,48,60,46,75,125,197,215,124,169,196,138,174,183,135,183,171,127,187,175,122,168,182,117,192,163,1360,5
83,101,67,65,97,87,96,98,81,182,164,84,151,185,124,189,191,92,189,157,66,153,163,89,185,176,85,183,181,1315,6
104,114,86,79,74,87,108,86,99,213,203,86,172,200,89,168,175,92,166,171,81,168,155,75,183,162,85,171,193,1345,6
98,102,100,96,94,97,68,83,99,201,197,108,208,210,97,193,197,112,206,208,83,180,177,122,190,219,110,193,178,1469,6
74,77,112,53,76,71,100,102,123,200,197,90,202,167,137,190,249,131,207,184,105,176,181,108,208,179,56,158,156,1415,6
49,67,54,66,55,70,64,84,124,191,173,131,185,198,143,209,197,122,177,188,163,233,218,130,194,200,119,203,183,1441,6
64,78,86,72,94,87,83,90,133,211,197,123,209,201,144,216,230,158,252,230,110,197,204,123,206,210,97,187,180,1542,6
104,125,69,79,75,109,72,81,49,174,153,93,162,218,108,187,177,117,192,196,90,199,165,95,167,204,116,197,188,1382,6
72,101,114,35,80,75,80,100,91,192,163,91,205,192,136,171,250,145,225,180,142,217,222,124,204,199,80,180,160,1466,6
59,59,53,70,89,106,104,86,140,199,199,131,184,190,114,184,167,88,177,158,72,178,161,63,167,169,90,176,194,1324,6
49,77,76,65,58,58,71,80,108,185,157,106,182,183,109,174,185,133,191,198,122,180,180,111,182,169,100,180,171,1323,6
54,91,85,99,103,108,84,110,102,193,156,122,207,213,114,213,199,94,197,193,83,191,186,102,186,210,141,251,225,1492,6
22,90,71,79,86,101,95,103,94,184,116,102,173,192,90,169,161,93,179,172,68,169,154,66,161,167,68,171,163,1228,6
52,102,90,92,104,120,121,118,86,188,138,101,191,203,112,204,202,101,205,193,84,204,188,77,198,197,90,208,211,1450,6
76,121,97,81,66,104,86,79,106,227,182,57,154,178,101,182,198,142,208,223,101,205,167,117,203,221,98,177,184,1432,6
52,78,107,92,104,136,114,113,101,179,153,84,191,162,82,174,189,103,207,195,74,210,178,116,230,252,91,204,205,1447,6
56,72,68,65,65,63,55,89,207,279,263,124,192,196,107,172,175,109,174,174,101,164,166,108,163,171,110,199,165,1399,6
54,91,78,77,74,77,84,95,88,179,142,94,172,185,96,173,174,102,176,179,79,156,153,93,177,170,89,184,173,1271,6
56,86,88,110,93,95,96,95,133,219,189,79,167,165,88,198,176,74,167,184,92,187,185,99,195,194,90,185,186,1374,6
81,104,97,55,53,80,73,64,106,210,187,105,202,209,133,188,230,120,173,175,136,216,189,238,311,318,99,163,172,1544,6
89,181,116,126,125,128,119,131,98,279,187,31,147,212,110,236,226,94,219,220,93,221,218,85,204,213,88,219,207,1614,6
16,67,96,76,69,100,103,106,317,384,333,96,192,163,97,173,193,98,167,174,90,190,159,83,186,183,94,200,197,1508,6
105,132,119,99,95,115,117,97,84,216,189,66,185,198,98,197,217,119,214,218,91,206,186,77,194,192,85,182,202,1499,6
77,101,111,110,95,82,89,89,89,190,166,74,185,175,66,176,177,77,172,187,99,181,194,90,179,172,90,179,179,1339,6
89,85,78,91,135,78,88,81,92,177,181,106,184,191,94,185,172,81,216,172,104,182,239,97,185,175,116,197,204,1415,6
42,57,82,72,57,54,88,97,123,180,165,100,182,157,90,162,172,99,156,171,93,147,150,84,172,138,81,178,169,1219,6
82,95,73,80,105,96,66,75,75,170,157,109,182,204,99,179,172,85,190,165,92,188,197,118,184,214,117,192,183,1367,6
59,93,113,92,102,113,106,61,125,218,184,114,227,207,106,198,219,111,213,203,92,205,194,75,181,188,152,213,258,1514,6
40,59,84,85,103,96,89,81,113,172,153,109,193,168,98,183,182,99,202,184,80,176,183,92,181,188,105,186,194,1333,6
70,98,92,98,103,103,75,72,106,204,176,97,189,195,102,200,194,76,179,174,78,181,181,83,158,186,124,196,199,1377,6
107,219,122,106,128,137,163,126,115,334,222,2,124,221,104,210,226,95,223,201,95,232,223,81,244,218,83,209,246,1683,6
63,61,28,94,28,77,19,9,34,95,97,40,68,101,14,108,42,32,60,126,39,116,67,92,111,169,57,66,76,687,7
35,68,27,63,18,2,10,3,4,72,39,101,128,169,2,65,29,84,102,147,48,50,66,91,101,93,73,76,83,629,7
79,68,52,92,44,48,26,3,19,87,98,40,92,108,1,93,53,32,76,124,1,49,45,67,93,115,40,43,66,612,7
60,76,35,82,35,33,70,31,14,90,74,49,84,125,1,83,36,42,77,124,24,57,59,42,112,75,1,32,71,595,7
73,85,45,8,52,43,102,51,26,111,99,32,77,117,92,100,137,40,92,48,8,51,60,90,192,133,125,176,227,872,7
63,68,60,64,28,3,4,4,10,78,73,50,110,118,1,65,61,76,104,140,46,49,74,76,80,79,60,64,64,613,7
48,68,46,59,60,11,19,18,33,101,81,50,96,118,5,64,51,58,118,117,15,26,75,91,110,102,74,92,93,655,7
58,67,35,69,43,60,40,76,41,108,99,42,77,109,40,109,75,15,58,84,67,127,110,1,41,61,50,126,90,704,7
24,62,22,52,18,27,3,3,108,170,132,1,23,63,92,144,114,32,50,84,83,110,101,55,58,82,117,120,120,699,7
58,78,68,76,61,33,3,2,58,136,116,16,84,94,16,92,84,7,68,83,7,40,68,76,79,109,79,81,82,638,7
34,2,9,2,21,7,10,2,80,82,114,76,85,78,57,59,66,108,129,110,46,53,67,86,96,93,31,33,41,571,7
83,77,10,67,60,59,45,72,7,84,90,58,68,135,32,99,42,58,118,125,16,75,76,50,95,109,1,73,46,695,7
45,78,51,39,8,10,3,10,52,130,97,6,57,84,93,132,144,46,54,85,83,93,91,64,67,74,107,117,110,695,7
75,71,18,51,45,3,18,2,7,78,82,81,99,152,33,84,51,74,119,125,38,41,83,91,109,94,48,50,66,655,7
57,57,44,52,43,43,63,53,142,199,199,136,180,193,124,176,168,116,159,168,125,168,168,108,171,151,97,150,160,1260,7
67,35,51,59,49,36,8,11,73,108,140,40,91,75,59,118,110,1,50,60,84,120,133,41,49,77,108,119,116,722,7
40,19,61,47,18,2,28,3,24,43,64,100,161,119,2,49,63,83,101,130,56,58,74,125,153,127,80,83,108,688,7
36,3,10,9,19,24,68,11,45,48,81,117,127,120,64,73,74,93,112,102,9,33,28,100,168,124,91,102,159,699,7
36,9,19,34,42,53,86,76,129,138,165,117,136,126,116,150,135,84,126,118,116,169,158,56,142,109,91,167,177,1064,7
44,109,10,74,19,2,10,3,1,110,45,78,88,187,1,75,11,83,102,157,73,75,92,74,84,76,65,68,75,646,7
43,87,18,53,2,51,16,37,63,150,106,33,51,120,73,126,91,55,57,108,117,168,119,1,17,52,91,128,107,740,7
59,76,59,85,43,51,76,52,40,116,99,25,84,101,16,101,75,41,84,126,125,176,168,109,185,160,100,152,176,957,7
21,2,19,3,30,3,4,2,77,79,98,83,102,85,89,92,108,73,103,76,44,47,74,100,104,103,62,64,66,612,7
50,42,20,3,4,3,37,2,16,58,66,84,104,126,71,74,91,74,78,77,78,81,82,48,85,51,55,57,92,587,7
65,86,52,111,9,10,19,35,41,127,106,15,67,101,16,127,68,57,66,168,100,110,109,32,51,42,89,124,108,737,7
57,2,30,3,70,2,77,12,47,49,104,100,130,102,44,47,74,82,152,85,5,7,75,92,169,94,65,77,142,688,7
65,58,61,48,44,81,27,60,17,75,82,58,119,116,10,58,71,49,93,97,2,83,46,41,68,122,24,84,51,645,7
60,68,30,3,61,12,3,11,5,73,65,74,104,142,96,99,126,82,143,85,82,94,143,45,48,57,98,109,101,730,7
57,61,43,51,45,2,11,9,66,127,123,31,74,92,25,76,68,58,103,109,47,49,92,66,77,68,40,49,51,612,7
47,2,9,34,19,9,17,2,42,44,89,126,135,128,24,58,33,109,128,143,40,49,59,101,118,110,41,43,58,622,7
92,92,85,58,92,126,68,75,201,293,293,83,168,175,159,217,244,92,184,150,101,227,193,15,83,141,143,218,211,1482,8
121,79,74,117,119,85,92,99,318,397,439,132,206,211,26,143,100,586,705,703,6,91,125,126,218,211,7,106,99,1987,8
115,126,109,118,118,109,93,76,201,327,316,268,377,394,84,202,193,125,243,243,49,158,167,143,236,252,82,158,175,1816,8
67,78,43,60,51,52,9,20,41,119,108,14,57,92,91,151,134,7,58,67,76,128,127,48,57,100,109,129,118,766,8
101,118,60,85,84,100,63,85,99,217,200,7,67,125,92,177,152,57,141,142,117,217,201,190,253,290,101,186,164,1359,8
132,93,79,67,68,67,87,84,75,168,207,91,170,184,97,164,176,109,177,176,125,192,193,125,212,192,73,157,160,1372,8
83,101,114,101,76,34,51,102,142,243,225,301,415,402,1076,1177,1190,50,126,151,58,92,134,108,159,142,83,185,134,2480,8
48,76,60,42,9,52,18,71,7,83,55,41,101,117,91,133,151,51,60,93,91,143,100,83,101,135,56,127,74,796,8
75,78,95,68,78,60,58,84,40,118,115,48,143,126,32,100,127,23,101,91,40,100,118,26,84,86,58,142,116,863,8
119,119,94,67,77,25,110,77,38,157,157,32,126,151,225,292,319,1306,1383,1373,83,108,160,16,126,41,6,83,116,2394,8
81,59,50,29,4,31,18,36,41,100,122,76,126,135,169,198,219,77,81,106,80,111,84,30,48,61,72,108,90,853,8
36,35,126,96,94,92,84,92,161,196,197,225,351,260,21,117,147,108,202,204,7,99,101,1231,1315,1323,24,116,108,2432,8
91,109,118,116,92,84,67,101,109,218,200,142,260,251,69,185,187,142,234,258,109,193,201,143,210,227,100,201,167,1592,8
127,135,109,60,101,119,93,84,258,393,385,75,184,210,150,210,259,92,193,152,40,159,141,6,99,125,143,227,236,1592,8
83,67,85,87,118,126,43,83,58,125,141,83,168,150,217,304,302,918,1036,1005,335,461,453,24,67,150,176,259,219,2503,8
133,85,142,85,87,92,92,101,209,294,342,66,208,151,159,244,301,83,170,168,1330,1422,1417,50,142,142,100,201,192,2814,8
111,84,86,82,108,76,67,84,960,1044,1071,100,186,184,1,83,87,896,1004,978,319,395,427,234,301,310,251,335,318,3459,8
108,94,111,76,85,126,100,101,192,286,300,83,194,177,148,224,259,92,177,168,720,846,805,117,217,243,134,235,234,2287,8
74,76,17,93,91,85,102,84,32,108,106,50,67,126,59,152,76,1,92,94,49,134,140,99,201,184,8,92,110,920,8
124,79,75,109,112,65,102,75,168,247,292,256,331,335,75,184,150,91,203,200,1,66,113,124,226,189,1,76,103,1457,8
115,85,93,87,93,99,78,86,133,218,248,134,227,219,116,203,209,122,215,209,128,227,221,124,202,223,132,218,210,1625,8
97,84,76,117,42,76,71,2,210,294,307,134,210,218,125,242,201,185,227,302,201,277,243,209,280,285,79,81,150,1708,8
123,111,127,75,102,69,92,77,311,422,434,72,199,183,126,201,253,100,202,175,293,362,395,183,275,252,124,201,216,1985,8
83,92,93,86,84,101,135,65,240,332,323,125,218,217,74,160,167,309,393,395,25,126,109,913,1048,1014,1,66,136,2426,8
127,109,85,102,2,51,109,83,97,206,224,226,311,335,284,386,369,106,108,208,99,150,101,1181,1290,1232,2,85,111,2663,8
117,103,82,68,93,75,84,102,207,310,324,9,91,112,74,142,156,125,218,193,150,225,243,51,135,126,33,135,117,1373,8
39,134,101,129,88,92,119,76,168,302,207,218,319,352,150,279,251,2,90,131,134,226,222,83,202,175,904,980,1023,2437,8
114,94,91,86,93,93,92,93,285,379,399,57,148,151,193,279,284,99,192,185,469,562,562,275,367,368,578,671,670,2712,8
100,92,134,75,84,84,111,48,175,267,275,101,235,193,335,410,469,100,184,175,570,654,654,49,160,133,1,49,112,2059,8
90,101,94,94,92,102,86,61,91,192,181,42,136,143,99,193,193,166,258,260,167,269,259,6,92,108,66,127,152,1357,8
51,37,2,63,16,63,26,87,166,203,217,73,75,110,105,168,107,44,60,107,84,147,100,49,75,112,30,117,56,896,9
31,25,80,57,105,70,50,30,28,53,59,54,134,79,42,99,122,4,109,61,37,107,142,3,53,73,94,124,144,710,9
66,76,63,77,93,49,44,54,1142,1218,1208,4,67,80,30,107,93,31,124,108,1785,1834,1878,71,115,120,30,84,74,3615,9
72,65,44,5,19,2,88,117,31,96,103,59,103,124,83,88,127,84,103,89,91,93,110,55,143,57,2,119,90,817,9
45,44,44,110,30,48,5,55,66,110,111,24,68,68,17,127,61,27,57,137,97,145,127,68,73,116,69,124,74,749,9
52,109,2,88,119,57,23,20,26,135,78,55,57,164,101,189,103,1,120,89,2,59,121,85,108,142,79,99,102,819,9
81,102,75,71,33,56,21,56,1,103,82,2,77,104,31,102,106,48,81,119,40,96,73,54,75,110,83,139,104,754,9
70,94,65,45,8,76,80,72,49,143,119,1,66,95,115,160,180,61,69,106,72,148,80,1,81,77,41,113,121,850,9
40,121,69,47,5,96,60,86,11,132,51,25,94,146,88,135,157,64,69,111,86,182,91,29,89,125,15,101,75,842,9
76,120,11,46,4,77,80,63,6,126,82,66,77,186,86,132,97,39,43,85,105,182,109,19,99,96,19,82,99,817,9
29,1,60,81,59,47,5,69,39,40,68,140,200,141,35,116,95,15,74,96,142,189,201,62,67,109,85,154,90,869,9
17,3,36,25,75,112,76,73,85,88,102,99,135,102,63,88,99,58,133,83,1,113,76,8,84,120,109,182,185,840,9
35,29,14,10,40,56,72,72,64,93,99,96,110,125,59,69,73,73,113,83,44,100,84,16,88,72,23,95,95,703,9
18,2,41,3,53,13,71,58,52,54,70,260,301,262,57,60,98,101,154,104,60,73,113,44,115,57,45,103,116,878,9
73,83,38,29,75,27,73,91,75,158,148,81,119,164,68,97,106,61,136,90,75,102,150,23,96,50,18,109,91,890,9
43,4,24,14,49,72,62,7,45,49,88,131,155,135,71,85,95,56,105,70,29,101,78,109,171,181,37,44,99,753,9
44,83,28,53,34,34,50,73,54,137,98,37,65,120,68,121,96,51,85,104,54,88,88,62,112,96,28,101,78,753,9
12,5,56,20,71,46,91,62,89,94,101,72,128,77,74,94,130,49,120,69,43,89,114,22,113,68,23,85,114,735,9
78,36,52,66,4,109,68,4,2,38,80,65,117,101,64,130,116,41,45,107,91,200,95,26,94,135,45,49,113,751,9
35,6,81,31,31,75,30,3,72,78,107,68,149,74,41,72,122,97,128,128,130,205,161,47,77,122,79,82,109,826,9
36,2,84,64,95,54,125,54,109,111,145,37,121,39,1,65,85,41,136,105,1,55,96,26,151,80,1,55,126,730,9
76,64,71,76,12,96,29,123,0,64,76,20,91,84,110,186,181,52,64,128,159,255,171,16,45,112,41,164,70,945,9
3,2,3,61,43,75,8,3,1,3,4,0,3,2,140,201,143,38,81,99,41,116,84,466,474,541,1,4,9,885,9
15,1,119,21,37,69,108,26,60,61,75,49,168,50,11,32,130,90,127,111,147,216,184,19,127,88,34,60,142,806,9
35,68,53,119,88,46,7,38,118,186,153,129,182,197,104,223,157,100,188,219,122,168,210,65,72,111,100,138,107,1192,9
26,45,58,50,2,29,17,106,34,79,60,90,148,135,60,110,118,56,58,106,118,147,120,74,91,103,41,147,58,806,9
40,4,78,81,24,79,88,103,61,65,101,62,140,66,19,100,97,58,82,139,109,188,133,103,191,182,332,435,420,1241,9
50,62,76,69,32,20,7,55,61,123,111,50,126,112,57,126,133,51,83,120,82,102,114,73,80,93,96,151,103,841,9
4,3,76,84,68,96,41,11,42,45,46,97,173,100,48,132,124,49,117,133,41,137,109,39,80,135,103,114,144,802,9
58,51,66,25,95,43,69,33,108,159,166,26,92,77,83,108,149,65,160,90,3,46,98,88,157,131,4,37,73,817,9
113,116,98,87,6,73,40,114,2,118,115,2,100,118,49,136,147,41,47,128,63,136,69,47,87,120,29,143,69,880,10
77,116,69,55,19,25,34,96,3,119,80,2,71,118,31,86,100,77,96,132,73,98,92,83,117,108,49,145,83,809,10
99,121,17,45,28,91,88,69,24,145,123,35,52,156,93,138,110,29,57,74,48,139,76,25,113,116,5,74,93,817,10
118,118,61,43,20,39,62,118,2,120,120,20,81,138,52,95,113,60,80,103,91,130,111,50,112,89,22,140,84,876,10
116,114,92,91,42,112,11,65,2,116,118,2,94,116,39,130,131,4,46,95,32,144,74,54,65,166,48,113,59,824,10
120,119,84,113,54,60,7,98,5,124,125,2,86,121,26,139,110,2,56,115,71,131,125,58,65,118,75,173,82,894,10
53,74,55,63,100,115,50,97,46,120,99,55,110,129,50,113,105,25,125,88,2,117,102,15,65,130,41,138,91,841,10
68,108,95,97,89,77,22,41,19,127,87,6,101,114,3,100,98,3,92,100,26,103,115,47,69,124,74,115,96,775,10
66,50,87,115,78,97,121,107,70,120,136,56,143,106,2,117,89,1,79,116,90,187,168,2,123,99,1,108,122,943,10
75,53,64,79,78,86,68,29,60,113,135,31,95,84,129,208,193,39,117,118,11,97,89,28,96,114,50,79,118,880,10
70,59,80,66,98,123,62,81,47,106,117,48,128,107,32,98,112,19,117,85,3,126,101,1,63,124,47,128,109,836,10
52,14,65,42,62,73,98,92,96,110,148,46,111,60,61,103,126,39,101,81,57,130,119,7,105,80,33,125,131,837,10
65,36,86,103,68,36,49,22,42,78,107,154,240,190,6,109,92,25,93,128,38,74,106,63,112,99,53,75,102,846,10
157,142,71,73,79,34,73,5,40,182,197,33,104,175,23,96,94,18,97,91,35,69,114,55,128,89,49,54,122,887,10
128,20,91,6,69,123,63,48,48,68,176,74,165,94,33,39,124,67,136,73,3,126,72,2,65,125,71,119,134,846,10
51,133,98,67,84,68,77,7,140,273,191,1,99,134,27,94,125,19,103,86,36,104,120,21,98,89,82,89,159,911,10
68,62,80,109,21,47,80,96,31,93,99,42,122,104,8,117,88,37,58,146,60,107,81,61,141,108,8,104,88,810,10
135,130,54,92,12,52,41,99,29,159,164,4,58,134,53,145,107,47,59,139,58,110,70,48,89,100,52,151,93,906,10
83,60,85,15,56,86,84,4,140,200,223,47,132,107,34,49,119,78,134,93,37,123,93,1,85,87,164,168,248,974,10
128,140,30,44,30,64,84,56,539,679,667,32,62,172,91,135,121,35,65,79,55,119,85,35,119,99,27,83,111,1390,10
72,21,74,4,30,20,72,116,69,90,141,62,136,83,60,64,134,88,118,92,77,97,107,64,136,84,44,160,116,873,10
63,24,84,53,95,82,99,88,49,73,112,84,168,108,27,80,111,27,122,80,2,84,97,4,103,86,38,126,137,819,10
44,112,110,76,73,20,63,26,359,471,403,2,112,114,1,77,111,28,101,104,51,71,124,71,134,91,46,72,109,1082,10
9,31,8,38,86,25,108,142,60,91,69,131,139,162,65,103,73,45,131,83,40,65,126,32,140,57,8,150,116,828,10
80,128,87,62,65,4,94,68,4,132,84,2,89,130,34,96,121,127,192,189,60,64,125,79,173,83,130,198,224,1024,10
95,52,100,84,104,122,30,99,21,73,116,40,140,92,2,86,102,1,105,85,36,158,140,8,38,130,86,185,116,880,10
64,28,97,100,87,115,57,100,74,102,138,50,147,78,4,104,101,4,91,104,31,146,118,2,59,117,44,144,101,857,10
146,178,142,137,139,166,105,85,144,322,290,26,168,204,74,211,216,80,219,217,147,313,286,34,139,200,2,87,107,1605,10
57,4,46,61,63,86,48,72,64,68,121,99,145,103,29,90,75,46,109,107,31,117,94,30,78,116,33,105,81,769,10
80,75,40,48,9,17,38,38,60,135,140,49,89,124,62,110,102,81,90,129,77,94,86,82,120,99,46,84,84,802,10
29,21,72,68,81,71,73,58,20,41,49,87,159,108,11,79,83,35,116,103,7,78,88,52,125,123,21,79,94,706,11
48,4,80,59,65,2,55,64,77,81,125,50,130,54,3,62,83,78,143,137,49,51,114,114,169,116,23,87,78,771,11
57,60,73,72,89,58,81,69,1,61,58,87,160,147,24,96,97,43,132,115,22,80,111,43,124,101,1,70,82,780,11
63,58,90,52,86,78,81,24,9,67,72,113,203,171,1,53,91,55,141,107,1,79,87,72,153,150,35,59,116,818,11
56,34,83,2,73,3,55,23,35,69,91,61,144,95,57,59,140,43,116,45,68,71,141,68,123,71,46,69,101,707,11
46,68,54,73,24,73,40,38,1,69,47,70,124,138,131,204,185,37,61,110,43,116,67,29,69,102,78,116,118,805,11
49,43,72,82,64,2,54,71,34,77,83,70,142,113,8,90,80,41,105,123,59,61,123,105,159,107,1,72,55,755,11
94,51,96,62,80,81,89,84,1,52,95,44,140,95,1,63,97,106,186,168,25,106,105,17,106,98,3,87,92,834,11
58,69,81,2,76,3,34,11,1,70,59,69,150,138,69,71,150,51,127,53,64,67,140,95,129,98,44,55,78,727,11
43,78,84,12,38,20,72,68,1,79,44,52,136,130,64,76,148,70,108,82,49,69,87,105,177,125,2,70,74,758,11
40,13,84,73,92,11,56,4,64,77,104,34,118,47,3,76,87,33,125,106,76,87,168,60,116,71,75,79,131,718,11
21,34,72,78,55,59,93,72,37,71,58,70,142,104,18,96,90,59,114,137,11,70,66,34,127,93,4,76,97,717,11
92,53,99,61,81,31,22,2,17,70,109,441,540,494,9,70,108,43,124,104,30,61,111,105,127,136,46,48,68,1132,11
43,3,63,63,90,63,98,65,84,87,127,50,113,53,52,115,115,25,115,88,34,97,124,17,115,80,14,79,112,764,11
3,8,79,92,79,65,68,84,65,73,68,147,226,155,24,116,103,16,95,108,51,116,130,2,70,67,69,153,137,852,11
90,69,111,74,72,78,83,2,9,78,99,44,155,113,1,75,112,61,133,135,1,79,73,87,170,165,66,68,149,848,11
54,64,74,52,74,77,6,42,150,214,204,68,142,132,35,87,109,59,133,111,1,78,75,123,129,200,49,91,55,928,11
62,2,79,82,61,30,16,63,59,61,121,53,132,55,122,204,201,9,70,91,86,116,147,53,69,83,96,159,112,873,11
20,30,72,62,73,3,81,80,21,51,41,88,160,118,34,96,106,70,143,132,76,79,149,42,123,45,8,88,89,760,11
25,106,72,101,68,72,73,56,5,111,30,26,98,132,16,117,88,9,77,110,43,115,111,24,97,96,69,125,142,765,11
38,55,96,71,82,68,79,2,22,77,60,223,319,278,8,79,104,24,106,95,10,78,92,40,119,108,56,58,135,874,11
45,66,83,3,111,59,67,35,1,67,46,61,144,127,58,61,141,24,135,27,1,60,112,67,134,126,33,68,100,714,11
65,89,68,89,79,72,87,82,44,133,109,17,85,106,29,118,97,18,97,107,26,98,105,9,96,81,35,117,122,809,11
84,61,79,67,91,79,55,40,27,88,111,53,132,114,35,102,114,48,139,115,8,87,99,43,98,122,38,78,93,808,11
69,62,70,72,72,88,62,97,179,241,248,18,88,80,61,133,131,34,106,106,35,123,107,35,97,123,17,114,79,971,11
63,21,63,80,80,64,69,72,60,81,123,52,115,73,26,106,89,18,98,98,51,115,131,1,70,65,96,168,165,816,11
11,3,72,87,89,60,63,73,68,71,79,132,204,135,8,95,80,26,115,113,28,88,117,61,124,121,17,90,80,798,11
39,90,63,93,42,109,53,54,39,129,78,16,79,106,52,145,115,33,75,126,17,126,59,34,87,143,69,123,122,803,11
78,46,98,58,72,69,65,3,29,75,107,37,135,83,11,69,109,52,124,110,1,70,73,61,126,130,75,78,140,755,11
34,10,81,63,84,66,82,2,61,71,95,94,175,104,24,87,105,78,162,141,1,67,85,52,134,118,86,88,168,818,11
40,53,51,68,53,74,95,74,2,55,42,35,86,88,15,83,66,25,78,93,61,135,114,127,222,201,36,110,131,809,12
41,40,63,68,51,76,58,59,2,42,43,36,99,76,1,69,64,93,144,161,8,84,59,3,61,79,63,122,121,662,12
4,2,42,7,30,50,61,40,60,62,64,48,90,50,70,77,112,35,65,42,61,111,91,10,71,60,28,68,89,548,12
35,14,76,2,18,19,19,10,30,44,65,48,124,62,30,32,106,61,79,63,83,102,101,34,53,53,78,88,97,557,12
43,76,20,32,15,17,3,65,36,112,79,33,53,109,49,81,69,49,64,81,49,66,64,77,80,94,34,99,37,598,12
5,13,40,74,50,31,16,3,64,77,69,136,176,149,20,94,60,10,60,84,110,141,160,81,97,112,51,54,67,704,12
4,31,49,31,47,54,50,78,23,54,27,48,97,79,35,66,84,52,99,83,21,75,68,27,77,81,1,79,51,551,12
65,98,52,39,76,53,77,49,88,186,153,47,99,145,38,77,90,21,97,60,30,83,106,13,90,66,3,52,80,749,12
4,2,4,20,52,52,32,15,43,45,47,88,92,90,71,91,75,115,167,135,21,73,73,15,47,67,35,50,67,569,12
9,18,59,61,20,53,2,84,81,99,90,10,69,28,11,72,70,57,77,118,35,88,55,30,32,83,48,132,50,578,12
24,15,4,17,30,18,54,52,52,67,76,93,97,108,71,88,75,49,79,66,70,88,100,34,88,52,27,79,81,610,12
34,30,14,32,16,54,39,76,26,56,60,85,99,115,49,81,63,71,87,103,48,102,64,49,88,103,2,78,41,625,12
36,53,30,67,95,31,36,67,41,94,77,63,93,116,22,89,52,91,186,158,48,79,143,64,100,95,3,70,39,747,12
30,32,17,9,3,3,65,42,55,87,85,76,93,108,74,83,91,61,64,70,99,102,102,34,99,37,35,77,100,635,12
4,31,40,26,29,15,3,28,50,81,54,49,89,80,11,37,51,75,104,101,104,119,133,66,69,81,48,76,51,579,12
4,34,29,28,65,7,84,62,104,138,108,48,77,82,38,66,67,21,86,49,68,75,133,36,120,43,77,139,161,705,12
40,74,48,4,87,27,41,48,20,94,60,101,149,175,53,57,101,32,119,36,161,188,248,35,76,62,29,77,70,800,12
3,25,18,19,64,25,29,3,25,50,28,62,80,87,61,80,79,21,85,40,29,54,93,35,64,60,42,45,71,461,12
5,3,16,28,43,26,36,92,59,62,64,90,106,93,51,79,67,35,78,63,60,86,103,12,48,38,11,103,47,567,12
29,6,3,2,18,3,3,15,55,61,84,49,52,55,79,81,82,63,81,65,85,88,103,49,52,52,153,168,156,612,12
33,53,55,19,42,3,17,9,1,54,34,120,175,173,35,54,90,36,78,55,63,66,105,61,78,64,58,67,75,605,12
6,38,94,77,54,66,36,27,21,59,27,74,168,112,17,94,111,1,55,78,96,162,150,31,67,97,14,41,50,652,12
77,72,53,33,32,2,15,3,10,82,87,35,88,107,1,34,54,35,67,68,74,76,106,62,77,64,89,92,104,593,12
45,42,77,3,16,19,17,7,36,78,81,2,79,44,62,65,139,64,80,67,50,69,66,61,78,80,52,59,69,553,12
3,3,42,5,16,2,17,6,25,28,28,75,117,78,50,55,92,62,78,67,56,58,72,61,78,63,62,68,79,485,12
64,18,65,39,56,47,19,30,25,43,89,35,100,53,48,87,113,2,58,41,53,100,109,2,21,49,36,66,55,539,12
45,35,32,31,19,4,18,8,21,56,66,63,95,98,51,82,83,41,60,72,85,89,104,47,65,51,100,108,118,600,12
21,33,17,3,30,14,31,48,32,65,53,76,93,109,54,57,71,62,92,65,41,55,71,48,79,62,39,87,70,549,12
4,17,51,77,5,18,19,17,72,89,76,131,182,148,2,79,53,37,42,114,48,66,53,61,80,79,61,78,80,620,12
32,92,55,61,35,54,50,80,1,93,33,11,66,103,10,71,65,41,76,102,21,75,56,39,89,93,11,91,61,593,12
48,77,82,54,71,71,73,63,714,791,762,151,233,228,145,199,227,100,171,154,94,165,165,90,163,161,633,696,706,2466,13
70,86,80,59,69,81,78,89,102,188,172,73,153,159,120,179,200,76,145,135,91,172,160,80,158,161,62,151,140,1216,13
77,75,65,62,62,70,79,77,98,173,175,85,150,160,94,156,159,108,170,170,106,176,168,97,176,167,89,166,168,1244,13
91,64,76,69,71,36,39,58,163,227,254,109,185,173,93,162,169,118,189,187,104,140,175,32,71,68,77,135,116,1200,13
70,88,88,68,52,82,90,79,124,212,194,79,167,167,106,174,194,777,829,845,123,205,175,103,193,185,86,165,176,2015,13
87,112,109,92,77,69,95,47,1108,1220,1195,6,115,118,5,97,114,40,117,132,30,99,107,20,115,89,26,73,121,1923,13
72,57,71,72,82,79,77,84,148,205,220,104,175,161,88,160,159,87,169,159,173,252,255,150,227,229,88,172,165,1432,13
163,107,25,99,86,16,91,65,22,129,185,61,86,168,34,133,59,32,118,131,164,180,250,72,163,88,19,84,110,1056,13
122,93,56,104,58,86,109,68,51,144,173,22,78,115,63,167,119,25,83,129,38,124,96,41,150,127,29,97,138,965,13
76,71,70,66,72,59,63,54,105,176,181,87,157,158,100,166,170,109,181,175,105,164,177,104,167,163,101,155,164,1242,13
79,71,61,82,79,74,84,73,100,171,179,96,157,167,150,232,211,86,165,168,80,154,159,77,161,151,104,177,188,1296,13
94,113,92,115,85,96,38,15,91,204,185,7,99,120,27,142,119,16,101,131,16,112,101,123,161,219,90,105,128,1018,13
101,82,72,77,59,84,90,52,118,200,219,113,185,195,108,185,180,115,174,192,106,190,165,234,324,318,147,199,237,1558,13
24,19,111,92,61,84,78,91,132,151,156,2,113,21,6,98,117,18,79,110,58,142,119,1,79,85,40,131,118,817,13
83,157,78,13,70,107,72,95,106,263,189,54,132,211,100,113,178,31,101,44,18,125,88,2,74,109,40,135,112,1026,13
62,74,78,66,84,83,90,49,130,204,192,103,181,177,118,184,196,196,280,262,114,197,198,95,185,178,1772,1821,1862,3114,13
95,107,70,62,65,91,62,57,114,221,209,113,183,220,115,177,185,107,172,169,111,202,176,111,173,202,108,165,170,1388,13
81,64,71,106,88,53,80,88,195,259,276,111,182,175,106,212,177,135,223,241,149,202,237,125,205,178,86,174,166,1538,13
111,83,116,92,96,79,58,92,80,163,191,46,162,129,31,123,147,26,122,118,23,102,119,63,121,142,101,193,159,1097,13
79,103,93,89,88,72,78,98,161,264,240,106,199,209,92,181,185,71,159,160,80,152,168,88,166,160,367,465,445,1665,13
111,87,81,84,71,78,71,68,119,206,230,99,180,186,112,196,193,131,202,215,299,377,370,106,177,184,106,174,177,1623,13
72,70,62,71,72,77,82,60,108,178,180,89,151,159,106,177,168,88,160,159,104,181,176,82,164,159,98,158,180,1241,13
52,65,66,78,41,86,117,82,350,415,402,297,363,362,117,195,183,151,192,229,111,197,152,89,206,175,61,143,178,1763,13
151,66,25,61,61,18,45,20,1238,1304,1389,126,151,192,53,114,78,65,126,126,83,101,144,66,111,84,55,75,100,2133,13
73,79,85,67,79,68,87,96,90,169,163,106,191,185,91,158,176,101,180,168,80,148,159,84,171,152,89,185,176,1275,13
30,12,105,131,80,103,112,134,68,80,98,106,211,118,19,150,124,36,116,167,18,121,98,53,165,156,2,136,114,1009,13
86,145,101,59,62,54,81,81,154,299,240,117,218,262,93,152,194,128,190,187,138,192,200,105,186,159,78,159,159,1482,13
79,189,56,84,74,100,74,114,117,306,196,78,134,267,47,131,103,23,97,107,26,126,100,13,87,113,18,132,92,1092,13
94,67,79,72,72,73,79,66,140,207,234,343,422,410,89,161,168,98,170,170,147,220,219,120,199,193,121,187,200,1660,13
65,63,65,92,58,56,110,60,95,158,160,88,153,151,174,266,239,99,157,191,102,158,160,104,214,160,83,143,193,1314,13
57,42,78,121,3,64,29,45,50,92,107,15,93,57,8,129,86,82,85,203,48,112,51,5,34,69,65,110,94,712,14
77,101,63,96,4,45,26,46,16,117,93,50,113,151,31,127,94,56,60,152,74,119,78,50,76,95,100,146,126,835,14
108,53,4,71,3,71,62,17,145,198,253,83,87,136,47,118,51,47,50,118,84,155,87,30,92,101,68,85,130,893,14
109,77,54,3,45,3,53,96,50,127,159,50,104,127,73,76,127,92,137,95,167,170,212,84,137,87,83,179,136,1039,14
100,62,2,78,62,17,62,3,58,120,158,83,85,145,84,162,86,33,95,111,67,84,129,67,129,84,65,68,127,843,14
80,55,10,62,10,2,62,87,78,133,158,100,110,155,23,85,33,92,102,154,108,110,118,58,120,60,6,93,68,833,14
92,106,87,3,29,146,86,9,49,155,141,202,289,308,39,42,126,84,113,87,73,219,102,15,101,161,111,120,197,1131,14
25,62,10,47,4,78,69,44,75,137,100,49,59,111,83,130,93,122,126,169,32,110,36,75,144,153,110,154,179,885,14
109,98,3,79,155,39,50,64,220,318,329,107,110,205,5,84,8,23,178,102,109,148,264,32,82,71,59,123,109,1152,14
84,128,52,11,5,133,3,27,35,163,119,32,84,160,84,95,136,115,120,126,65,198,70,165,168,298,107,134,110,1046,14
16,9,11,25,45,26,20,43,83,92,99,67,78,76,118,143,129,42,87,67,58,84,103,84,104,110,40,83,60,687,14
76,96,3,54,2,95,51,3,24,120,100,23,26,119,100,154,103,90,92,144,58,153,60,44,95,139,57,60,108,776,14
58,3,63,4,139,129,72,121,90,93,148,83,146,86,81,85,144,65,204,69,24,153,163,49,121,178,39,160,111,1020,14
134,95,90,11,37,34,10,34,179,274,313,7,97,102,91,102,181,14,51,25,73,107,110,110,120,144,51,85,61,970,14
93,116,86,123,4,46,3,47,1,117,94,34,120,150,33,156,119,55,59,178,99,145,103,115,118,161,117,164,120,972,14
79,75,9,54,3,79,105,79,49,124,128,50,59,125,101,155,110,56,59,110,109,188,112,57,162,136,5,84,110,910,14
75,130,87,113,78,106,21,6,25,155,100,32,119,162,32,145,119,16,94,129,41,147,119,64,85,170,81,87,102,907,14
101,86,73,103,12,50,2,113,169,255,270,33,106,119,30,133,103,42,54,145,8,58,20,48,50,98,50,163,52,920,14
117,85,61,17,3,4,42,58,118,203,235,35,96,120,85,102,146,76,79,93,123,127,126,186,228,190,18,76,60,1028,14
68,3,50,53,3,104,3,96,100,103,168,16,66,19,33,86,83,91,94,144,41,145,44,82,85,186,49,145,52,792,14
100,79,3,79,80,35,20,3,50,129,150,65,68,144,91,170,94,7,87,86,48,83,128,126,146,161,90,93,110,876,14
64,88,37,18,10,4,78,79,33,121,97,30,67,118,85,103,122,76,86,94,218,222,228,39,117,43,50,129,128,909,14
34,3,9,95,52,171,163,139,82,85,116,135,144,138,8,103,17,67,119,162,25,196,77,7,170,178,16,155,179,1006,14
58,113,70,128,77,148,87,127,33,146,91,49,119,162,34,162,104,33,110,161,76,224,153,48,135,196,66,193,153,1147,14
119,112,70,18,19,3,5,15,58,170,177,26,96,138,83,101,153,58,77,76,65,68,84,126,131,129,66,81,71,843,14
100,37,2,95,46,3,79,49,60,97,160,107,109,144,32,127,34,24,70,119,90,93,136,83,162,86,1,50,80,808,14
25,28,61,71,3,60,37,3,50,78,75,107,168,135,59,130,120,48,51,119,116,176,119,68,105,128,90,93,127,826,14
56,51,2,52,80,12,19,17,78,129,134,74,76,125,67,119,69,42,122,94,66,78,146,132,151,144,110,127,129,858,14
51,29,25,70,37,3,45,96,92,121,143,66,91,95,76,146,101,58,95,128,107,110,144,83,128,86,58,154,103,896,14
135,22,3,87,109,44,11,41,204,226,339,96,99,118,58,145,61,1,110,88,50,94,159,83,94,127,1,42,12,945,14
56,81,72,83,94,94,95,81,95,176,151,109,181,190,102,185,174,66,160,149,104,198,198,66,161,160,92,173,187,1290,15
65,82,72,74,95,92,94,93,75,157,140,89,161,171,90,164,162,75,170,149,81,173,176,67,161,159,69,162,163,1213,15
67,84,94,82,95,71,93,94,85,169,152,111,205,195,162,244,256,89,184,171,92,163,187,675,768,746,115,209,208,2009,15
78,105,106,85,82,94,81,109,127,232,205,66,172,171,275,360,381,827,909,912,103,197,185,78,159,172,82,191,163,2298,15
54,83,95,106,71,106,117,130,112,195,166,111,206,194,79,185,174,112,183,218,104,210,175,112,229,218,102,232,219,1494,15
108,105,95,105,95,116,107,106,89,194,197,113,208,218,103,208,198,100,195,205,103,219,198,90,197,206,102,208,209,1537,15
85,105,95,107,82,96,83,95,94,199,179,89,184,194,67,174,162,89,171,196,68,164,150,100,183,196,79,174,162,1334,15
81,93,97,95,96,95,94,84,113,206,194,100,197,193,111,206,208,77,173,172,89,184,185,103,197,198,101,185,195,1429,15
88,106,98,83,72,85,82,81,291,397,379,138,236,244,85,168,183,136,208,219,137,222,209,296,378,381,112,193,194,1890,15
57,83,83,83,72,86,84,94,85,168,142,148,231,231,91,174,174,193,265,276,160,246,232,97,181,183,124,218,208,1540,15
73,84,94,82,71,83,95,96,120,204,193,78,172,162,82,164,176,100,171,182,102,185,173,89,184,172,102,198,197,1351,15
92,83,83,94,94,94,118,82,75,158,167,76,159,159,126,220,209,101,195,195,103,197,197,78,196,172,114,196,232,1413,15
53,94,107,72,83,105,107,83,190,284,243,146,253,240,171,243,278,170,253,242,149,254,232,135,242,240,149,232,256,1814,15
116,117,118,106,118,118,130,130,83,200,199,123,241,240,512,618,630,126,244,232,100,218,218,125,255,243,146,276,276,2168,15
26,73,106,96,95,61,62,96,135,208,161,100,206,173,67,163,173,78,173,174,966,1027,1061,96,158,157,69,165,131,2126,15
107,105,106,83,94,93,95,95,107,212,214,124,230,229,91,174,197,112,206,195,104,197,198,124,219,217,114,209,209,1554,15
94,118,94,95,106,116,106,127,150,268,244,180,274,298,138,233,232,124,230,219,104,220,210,101,207,217,954,1081,1060,2607,15
79,94,95,78,97,97,106,82,67,161,146,89,184,183,129,207,224,103,200,181,86,183,183,76,182,173,104,186,210,1382,15
84,72,73,95,83,106,70,83,200,272,284,296,369,368,342,437,415,159,242,254,125,231,208,149,219,255,160,243,230,2097,15
73,121,94,84,75,71,95,82,146,267,219,421,515,542,100,184,194,112,187,196,147,218,222,111,206,182,299,381,394,2031,15
72,81,84,93,95,69,83,81,99,180,171,100,184,181,114,207,198,136,231,229,115,184,210,125,208,194,104,185,187,1451,15
96,83,82,116,131,107,94,95,99,182,195,89,171,172,128,244,210,31,162,147,43,150,174,135,229,242,80,175,174,1409,15
44,79,102,108,107,95,106,95,31,110,75,108,210,187,89,197,191,168,275,276,102,197,209,77,183,172,57,152,163,1368,15
88,95,95,93,95,106,95,105,86,181,174,88,183,183,91,184,186,101,196,194,91,197,186,77,172,183,126,231,221,1432,15
55,83,109,95,94,94,106,83,134,217,189,99,208,182,88,183,197,90,184,185,103,197,197,112,218,206,92,175,198,1437,15
85,106,127,115,106,83,116,95,927,1033,1012,1978,2105,2084,81,196,208,183,289,298,264,347,370,184,300,267,316,411,432,4766,15
91,110,69,84,83,95,94,94,263,373,354,88,157,198,471,555,540,114,197,198,952,1047,1035,240,334,335,195,289,289,3043,15
65,96,94,49,73,83,98,73,77,173,142,78,172,174,102,151,196,377,450,426,90,173,163,100,198,183,75,148,173,1530,15
101,95,94,105,94,95,94,94,85,180,186,89,183,184,92,197,186,90,184,195,102,197,196,89,183,184,116,210,210,1435,15
82,115,83,83,83,83,94,95,249,364,331,69,152,184,113,196,196,101,184,184,102,185,185,102,196,185,68,163,162,1522,15
84,89,94,104,83,77,61,87,139,228,223,192,286,281,127,231,221,217,300,321,112,189,195,174,235,251,90,177,151,1730,16
72,81,102,68,53,19,95,127,98,179,170,3,105,84,39,107,141,72,125,140,48,67,101,21,116,40,90,217,185,988,16
100,54,44,45,129,98,36,60,65,119,165,44,88,98,73,118,117,89,218,134,12,110,141,27,63,125,41,101,77,917,16
78,36,23,13,53,13,70,20,29,65,107,88,111,124,69,82,92,81,134,94,36,49,89,64,134,77,80,100,150,753,16
61,98,38,24,116,64,79,105,160,258,221,130,168,228,53,77,91,251,367,275,18,82,134,121,200,185,62,167,141,1380,16
62,81,90,95,87,96,54,96,150,231,212,144,234,225,65,160,155,105,192,200,88,184,175,20,74,116,223,319,277,1456,16
54,70,154,79,118,43,57,93,114,184,168,72,226,142,80,159,234,147,265,226,40,83,158,153,210,196,116,209,173,1390,16
43,53,5,17,84,66,62,13,84,137,127,52,57,105,182,199,187,107,191,124,160,226,244,49,111,115,46,59,108,1023,16
57,111,99,92,69,4,77,86,99,210,156,8,107,119,82,174,181,99,168,191,114,118,183,22,99,26,90,176,167,1109,16
67,59,5,86,188,39,20,104,62,121,129,57,62,116,31,117,36,62,250,148,73,112,261,77,97,116,105,209,125,1035,16
69,105,105,90,77,98,87,80,140,245,209,153,258,258,167,257,272,165,242,255,128,226,205,105,192,203,187,267,274,1756,16
85,73,4,69,84,94,95,146,83,156,168,57,61,130,81,150,85,124,208,193,82,176,166,22,117,116,47,193,142,1146,16
85,113,47,123,6,104,141,55,81,194,166,11,58,124,3,126,50,68,74,191,54,158,60,46,187,150,27,82,168,964,16
61,17,26,46,63,63,102,77,64,81,125,81,107,98,64,110,90,89,152,135,36,99,99,80,182,143,133,210,235,1002,16
85,94,102,94,150,47,98,87,114,208,199,98,200,192,56,150,158,91,241,185,63,110,213,2,100,49,89,176,187,1270,16
86,73,36,37,46,55,83,64,191,264,277,43,79,116,115,152,151,45,91,82,54,109,100,55,138,110,57,121,140,1040,16
115,73,4,59,69,61,56,71,58,131,173,78,82,151,63,122,67,165,234,224,40,101,109,55,111,116,18,89,74,985,16
24,102,59,51,28,46,112,46,29,131,53,49,108,151,100,151,159,158,186,209,78,124,106,55,167,101,47,93,159,984,16
82,84,95,105,110,69,62,71,157,241,239,142,237,226,17,122,112,82,192,187,56,125,166,131,193,200,97,168,159,1360,16
100,81,36,17,28,39,2,167,31,112,131,151,187,232,102,119,138,79,107,96,348,387,376,77,79,116,49,216,51,1307,16
38,28,51,6,80,110,79,14,36,64,74,98,149,126,73,79,124,112,192,118,4,114,84,22,101,132,98,112,177,849,16
106,47,64,67,38,63,105,17,89,136,195,37,101,84,2,69,66,82,120,149,45,108,83,46,151,109,63,80,168,871,16
134,103,112,85,82,69,93,77,181,284,315,189,301,292,156,241,268,181,263,266,170,239,252,416,509,485,131,208,224,2179,16
13,89,79,61,60,111,74,54,91,180,104,138,217,227,154,215,233,113,173,174,287,398,347,172,246,283,155,209,229,1651,16
70,78,78,71,90,29,12,8,54,132,124,106,184,184,72,143,150,304,394,375,52,81,142,66,78,95,59,67,71,1149,16
22,63,164,76,9,27,30,2,47,110,69,29,193,92,146,222,310,118,127,194,62,89,71,256,286,283,96,98,126,1147,16
10,19,42,67,85,29,46,93,37,56,47,140,182,159,108,175,150,100,185,167,123,152,208,70,116,99,31,124,77,1000,16
76,81,86,100,104,87,81,116,56,137,132,234,320,315,185,285,271,46,150,146,30,117,134,88,169,175,3,119,84,1373,16
62,95,53,87,76,69,86,87,273,368,335,44,97,139,197,284,250,140,216,227,74,143,150,74,160,143,79,166,165,1496,16
48,128,74,77,71,97,76,120,150,278,198,146,220,274,74,151,148,524,595,601,104,201,175,87,163,184,97,217,173,1873,16
78,132,122,132,112,134,158,146,101,233,179,108,230,240,88,220,210,87,199,219,88,222,200,62,220,196,64,210,222,1612,17
116,100,90,131,113,97,69,39,74,174,190,85,175,185,144,275,234,64,177,195,121,218,234,98,167,195,49,88,118,1390,17
132,133,168,169,165,166,222,196,130,263,262,97,265,230,110,279,278,116,281,285,153,319,318,208,430,374,650,846,872,2815,17
130,182,166,182,167,156,145,174,143,325,273,115,281,297,162,344,328,139,306,321,394,550,561,370,515,526,167,341,312,2792,17
72,111,99,119,112,112,133,146,121,232,193,88,187,199,56,175,155,43,155,162,86,198,198,43,176,155,31,177,164,1372,17
7,4,56,68,24,4,123,68,96,100,103,54,110,58,45,113,101,82,106,150,66,70,90,55,178,59,4,72,127,756,17
115,135,139,180,269,191,154,168,262,397,377,321,460,456,342,522,481,205,474,385,192,383,461,120,274,311,550,718,704,3343,17
59,110,115,101,111,126,133,112,133,243,192,75,190,185,84,185,199,75,186,176,53,179,164,51,184,177,45,157,178,1383,17
136,134,157,123,147,144,158,179,82,216,218,85,242,219,75,198,232,86,233,209,74,218,221,75,233,219,84,263,242,1739,17
116,119,110,122,144,157,158,132,135,254,251,97,207,216,99,221,209,108,252,230,88,245,232,62,220,219,63,195,221,1710,17
95,121,149,122,112,136,133,134,110,231,205,64,213,185,39,161,188,63,175,185,43,179,155,63,196,199,55,189,188,1439,17
128,124,126,111,143,89,257,115,84,208,212,84,210,208,41,152,167,153,296,264,55,144,198,64,321,153,18,133,275,1592,17
124,142,130,123,128,135,148,123,153,295,277,144,274,286,77,200,207,96,224,219,80,215,208,239,387,374,62,185,210,1904,17
31,98,112,114,91,99,91,131,104,202,135,62,174,160,54,168,166,359,450,473,75,174,166,76,167,175,316,447,407,1813,17
118,125,100,112,100,135,144,122,84,209,202,84,184,209,99,211,199,96,196,208,120,255,220,74,218,209,88,210,232,1601,17
121,149,135,133,146,111,122,156,76,225,197,93,228,242,85,218,220,32,178,165,76,187,222,86,208,197,55,211,177,1576,17
91,34,84,68,37,124,111,93,77,111,168,85,169,119,52,120,136,40,77,108,87,211,124,139,250,263,75,168,186,1197,17
103,23,70,80,168,95,5,50,57,80,160,93,163,116,18,98,88,66,234,146,3,98,171,39,44,134,125,175,130,995,17
40,4,135,57,4,111,70,18,129,133,169,94,229,98,22,79,157,95,99,152,73,184,77,20,90,131,94,112,164,966,17
105,122,134,147,158,119,159,142,96,218,201,86,220,208,54,201,188,38,196,185,219,338,377,44,203,163,291,433,450,1914,17
78,122,102,166,57,85,104,66,77,199,155,51,153,173,124,290,226,51,108,217,59,144,116,3,107,88,10,76,114,1155,17
125,174,168,154,189,212,175,182,265,439,390,306,474,480,330,484,498,163,352,317,207,419,396,122,297,334,119,301,294,2891,17
174,230,211,211,211,234,234,154,319,549,493,340,551,570,142,353,353,130,341,341,131,365,342,62,296,296,141,295,375,2924,17
89,45,71,118,67,35,104,59,44,89,133,98,169,143,10,128,81,12,79,130,74,109,141,41,145,76,16,75,120,883,17
113,156,122,143,147,146,112,118,364,520,477,216,338,372,264,407,386,155,302,298,138,284,285,143,255,289,119,237,231,2456,17
119,110,146,158,156,134,136,133,132,242,251,82,228,192,44,202,190,94,250,252,548,682,704,54,190,188,73,206,209,2119,17
138,177,169,166,158,155,190,296,318,495,456,163,332,340,163,329,332,151,309,317,163,318,321,245,435,400,337,633,527,2989,17
102,151,142,153,142,176,156,167,511,662,613,253,395,404,202,355,344,209,351,362,187,363,329,186,342,362,229,396,385,2966,17
147,167,172,208,157,169,164,167,152,319,299,141,313,308,162,370,334,96,253,304,141,310,298,130,294,299,240,407,404,2413,17
148,156,144,179,139,132,140,163,559,715,707,374,518,530,172,351,316,134,273,313,112,244,251,122,262,254,335,498,475,3009,17
23,55,30,6,38,14,30,7,372,427,395,207,237,262,46,52,76,87,125,93,61,75,99,56,86,70,78,85,108,1110,18
61,38,32,103,50,42,22,20,108,146,169,57,89,95,33,136,65,2,52,105,31,73,81,60,82,102,41,61,63,700,18
93,75,87,75,48,111,4,49,90,165,183,39,126,114,2,77,89,42,90,117,51,162,99,21,25,132,80,129,84,867,18
116,59,68,83,83,62,119,116,110,169,226,108,176,167,182,265,250,87,170,170,88,150,171,91,210,153,1126,1242,1245,2498,18
83,92,72,130,96,131,79,139,258,350,341,144,216,236,114,244,186,143,239,273,998,1129,1094,136,215,267,120,259,199,2735,18
82,93,127,90,79,138,92,70,135,228,217,95,222,188,79,169,206,128,207,218,89,227,168,539,631,677,105,175,197,1941,18
48,50,62,79,72,44,26,37,130,180,178,102,164,152,90,169,152,92,164,171,126,170,198,129,155,173,109,146,135,1196,18
56,45,108,35,38,88,47,84,125,170,181,127,235,172,36,71,144,66,104,101,61,149,99,29,76,117,18,102,65,963,18
7,126,117,65,27,138,102,91,648,774,655,89,206,215,126,191,243,183,210,248,115,253,142,87,189,225,108,199,210,2029,18
104,101,64,93,65,41,45,90,72,173,176,87,151,188,330,423,394,95,160,188,139,180,204,144,189,185,108,198,153,1578,18
47,44,107,60,28,83,43,22,135,179,182,1,108,45,118,178,225,2,30,62,50,133,78,32,75,115,55,77,98,827,18
60,67,103,85,64,34,109,70,273,340,333,201,304,268,347,432,450,182,246,267,156,190,220,71,180,105,90,160,199,1912,18
65,8,41,65,69,62,39,77,189,197,254,136,177,144,104,169,145,109,178,174,73,135,142,105,144,167,120,197,159,1262,18
91,94,95,78,95,114,92,48,341,435,432,116,211,210,1914,1992,2009,346,441,424,349,463,444,499,591,613,187,235,279,4459,18
88,113,90,90,62,48,75,52,244,357,332,45,135,158,74,164,164,88,150,178,92,140,154,31,106,79,107,159,182,1299,18
123,76,271,135,108,108,110,121,99,175,222,93,364,169,42,177,313,29,137,164,102,210,210,47,157,155,68,189,178,1532,18
90,121,72,96,50,99,95,137,63,184,153,1273,1345,1394,88,184,160,298,348,394,92,191,142,335,430,434,26,163,121,2935,18
74,71,93,152,30,31,30,35,117,188,191,90,183,161,89,241,182,112,142,264,105,136,135,115,145,146,136,171,166,1280,18
116,115,93,63,99,93,91,72,99,214,215,275,368,390,102,165,195,109,208,172,131,224,230,91,182,184,87,159,178,1636,18
95,106,76,93,152,112,114,149,153,259,248,409,485,515,422,515,498,306,458,399,330,442,482,368,482,480,319,468,433,3204,18
46,65,6,63,101,4,9,36,116,181,162,176,182,241,69,132,75,34,135,97,15,19,116,145,154,149,134,170,143,1019,18
94,115,119,90,47,54,344,53,255,370,349,94,213,209,86,176,205,60,107,150,90,144,137,52,396,106,134,187,478,1687,18
97,19,101,99,92,88,87,88,473,492,570,35,136,54,51,150,152,70,162,169,652,740,744,838,925,926,115,203,202,2905,18
10,10,7,11,31,58,47,90,431,441,441,433,440,443,53,64,60,96,127,107,30,88,61,42,89,100,25,115,72,1374,18
4,51,10,46,38,70,38,28,140,191,144,131,141,182,71,117,81,131,169,177,10,80,48,116,154,186,98,126,136,982,18
121,112,106,109,115,116,121,127,73,185,194,68,174,180,65,174,171,67,182,176,49,165,164,53,174,169,51,178,172,1353,18
80,52,82,54,45,120,52,26,145,197,225,153,235,205,88,142,170,145,190,199,117,237,162,36,88,156,127,153,179,1322,18
15,117,128,75,109,64,117,144,83,200,98,71,199,188,87,162,215,124,233,199,133,197,242,61,178,125,90,234,207,1418,18
35,4,46,20,18,62,50,35,188,192,223,138,184,142,113,133,159,134,152,154,89,151,107,27,77,89,89,124,139,1048,18
27,63,57,38,108,35,29,64,133,196,160,108,165,171,182,220,239,69,177,107,126,161,234,134,163,169,136,200,165,1309,18
92,100,79,100,77,100,79,78,75,175,167,84,163,184,74,174,153,97,174,197,77,177,154,84,163,184,65,143,144,1261,19
82,78,77,68,68,55,68,77,90,168,172,153,230,231,108,176,185,139,207,207,110,165,178,150,218,205,98,175,166,1421,19
37,82,88,78,81,88,78,69,121,203,158,169,257,251,109,187,197,151,232,229,96,184,177,140,218,228,88,157,166,1475,19
51,56,65,67,89,76,79,56,119,175,170,142,207,198,109,176,174,97,186,164,110,186,199,86,165,162,328,384,407,1530,19
36,84,77,86,88,88,104,77,168,252,204,260,337,344,111,197,188,175,263,261,98,186,186,251,355,339,72,149,176,1775,19
39,72,79,67,75,55,78,71,115,187,154,162,241,234,109,176,188,153,228,220,99,154,174,140,218,195,88,159,166,1402,19
84,103,101,91,91,68,77,67,76,179,160,191,292,294,130,221,231,302,393,393,117,185,208,251,328,319,97,164,174,1846,19
34,64,68,89,78,68,65,92,113,177,147,84,152,148,86,175,154,85,163,174,119,187,197,102,167,170,93,185,158,1240,19
43,75,55,67,59,78,107,101,100,175,143,108,163,183,99,166,154,96,155,163,95,173,154,84,191,162,222,323,329,1389,19
66,99,106,104,68,106,54,69,81,180,147,216,322,315,81,185,187,245,313,349,76,182,144,91,145,197,130,199,184,1592,19
67,87,90,99,102,68,68,68,110,197,177,96,186,183,120,219,210,99,201,198,115,183,217,96,164,164,117,185,185,1402,19
43,73,79,99,66,45,55,67,101,174,144,97,176,170,75,174,154,110,176,209,119,164,185,131,186,176,108,175,163,1268,19
40,57,70,75,78,65,70,54,110,167,150,116,186,173,85,160,155,241,319,316,89,154,167,106,176,171,96,150,166,1352,19
32,98,90,101,101,89,89,92,77,175,109,86,176,184,87,188,177,83,184,184,74,163,175,98,187,187,97,189,186,1294,19
58,55,88,76,77,79,67,68,97,152,155,285,373,340,87,163,175,407,484,483,85,164,162,205,272,284,97,165,164,1831,19
13,66,89,70,77,58,79,89,99,165,112,94,183,160,98,168,187,84,161,154,130,188,207,105,184,163,249,338,328,1400,19
42,88,80,67,71,55,99,54,239,327,281,108,188,196,97,164,177,94,165,161,119,174,190,107,206,162,262,316,361,1582,19
5,120,84,67,43,91,90,66,115,235,120,30,114,150,68,135,152,109,152,176,196,287,239,85,175,176,96,162,186,1265,19
42,71,70,78,77,100,68,88,108,179,150,113,183,184,269,347,339,119,196,197,77,177,154,96,164,196,86,174,154,1462,19
39,67,101,63,76,92,88,101,121,188,160,96,197,163,273,336,374,113,189,176,95,187,171,62,150,154,76,177,164,1463,19
64,58,83,86,113,108,112,98,279,337,343,85,168,143,83,169,166,75,188,161,63,171,176,243,355,351,52,150,164,1602,19
34,99,80,79,63,80,78,78,76,175,110,86,166,185,105,184,185,112,175,191,122,202,185,81,159,161,86,164,164,1259,19
29,70,76,68,21,67,88,67,108,178,137,93,169,163,88,156,164,156,177,224,116,183,137,99,187,166,107,174,195,1253,19
69,100,100,79,65,69,123,66,98,198,167,98,198,198,74,153,174,119,184,198,120,189,185,94,217,163,98,164,221,1372,19
49,77,79,66,91,90,77,72,99,176,148,194,273,271,131,197,210,129,220,195,84,174,175,107,184,197,94,166,171,1439,19
7,78,90,66,69,69,78,68,96,174,103,96,186,174,76,142,166,109,178,175,432,501,501,96,174,165,86,154,164,1516,19
49,89,100,112,104,88,78,66,109,198,158,142,242,231,94,206,194,97,201,209,93,181,197,99,177,187,97,163,175,1417,19
52,68,80,89,79,77,65,68,98,166,150,117,197,185,96,185,176,97,176,186,96,173,175,122,187,199,107,175,172,1311,19
56,99,99,78,78,43,65,74,80,179,136,84,183,183,76,154,175,118,196,196,503,546,581,111,176,154,110,184,175,1674,19
64,60,64,93,89,57,78,66,104,164,168,109,173,169,109,202,173,411,500,504,108,165,197,109,187,166,95,161,173,1616,19
64,94,94,95,93,105,93,72,135,229,199,99,193,193,79,174,173,100,193,195,91,196,184,101,194,206,114,186,207,1429,20
89,105,108,116,83,107,94,94,87,192,176,78,186,183,65,181,173,101,184,217,90,197,173,122,216,229,114,208,208,1453,20
99,70,82,76,84,78,84,60,4,74,103,33,115,103,28,104,110,20,104,96,12,90,96,32,116,110,29,89,113,791,20
93,116,105,93,106,83,107,79,103,219,196,101,206,217,104,197,209,134,240,227,137,220,243,180,287,263,1330,1409,1437,2871,20
104,106,121,93,106,94,93,117,228,334,332,194,315,300,235,328,356,172,278,265,181,275,287,149,242,243,205,322,298,2198,20
103,129,94,106,79,84,140,83,371,500,474,180,274,309,216,322,310,3704,3783,3810,159,243,238,169,309,253,367,450,507,5984,20
93,59,70,83,94,94,105,106,114,173,207,147,217,206,126,209,196,112,206,195,148,242,242,204,309,298,251,357,356,1806,20
16,9,37,75,69,33,31,68,97,106,113,41,78,50,27,102,64,1,70,76,24,57,93,51,82,84,13,81,44,592,20
59,5,18,3,73,65,62,14,54,59,113,89,107,94,75,78,93,43,116,46,13,78,86,19,81,84,44,58,106,636,20
80,30,25,12,61,51,27,36,142,172,222,227,252,257,107,119,132,27,88,39,51,102,112,20,47,71,87,123,114,983,20
16,24,61,58,13,50,3,49,78,102,94,21,82,45,45,103,106,44,57,102,32,82,45,67,70,117,54,103,57,615,20
98,73,55,39,18,95,58,33,17,90,115,40,95,113,17,56,72,73,91,112,19,114,37,12,70,107,35,68,93,682,20
75,107,37,17,93,74,20,15,57,164,132,31,68,138,74,91,111,10,103,27,10,84,103,49,69,123,44,59,64,713,20
47,48,89,81,23,44,44,68,46,94,93,1,90,49,115,196,204,70,93,151,26,70,49,59,103,103,2,70,46,763,20
40,36,23,55,50,47,60,75,103,139,143,58,81,94,27,82,50,20,70,75,45,92,95,19,79,66,18,93,78,676,20
47,82,81,106,83,94,94,106,160,242,207,101,182,183,91,197,172,100,183,206,90,184,173,112,206,206,67,173,161,1414,20
35,26,84,40,52,80,45,19,41,67,76,78,162,104,50,90,134,28,80,68,1,81,53,222,267,302,39,58,84,840,20
3,15,71,48,27,27,3,39,64,79,67,44,115,59,21,69,92,36,63,84,63,90,90,53,56,80,67,106,70,581,20
72,83,116,82,82,49,47,84,271,354,343,206,322,289,135,217,251,126,208,208,1636,1685,1718,112,159,161,88,172,135,3189,20
21,27,50,88,48,5,14,21,32,59,53,91,141,118,1,89,51,91,139,179,55,60,103,100,114,105,71,92,85,715,20
106,94,105,105,94,92,94,106,102,196,208,101,206,195,79,184,184,101,195,206,139,231,233,89,183,181,103,209,197,1510,20
69,49,43,26,38,61,71,53,10,59,79,59,102,108,22,48,65,78,116,104,19,80,57,34,105,95,2,55,73,634,20
42,38,91,60,25,26,30,72,28,66,70,12,103,50,10,70,101,44,69,104,55,81,80,61,91,87,32,104,62,626,20
73,93,105,84,71,119,94,97,112,205,185,77,182,170,91,175,196,99,170,183,114,233,185,76,170,195,90,187,184,1395,20
20,37,73,63,44,49,2,38,60,97,80,20,93,57,39,102,112,1,45,64,44,93,88,56,58,105,67,105,69,613,20
65,85,98,60,67,45,59,4,91,176,156,2,100,87,8,68,106,256,323,316,23,68,90,21,80,66,67,71,126,951,20
73,117,70,104,83,72,43,51,29,146,102,22,92,139,11,115,81,1,84,105,40,112,123,25,68,97,78,129,121,819,20
5,43,51,53,69,56,3,50,67,110,72,20,71,63,38,91,89,11,80,64,14,70,83,54,57,110,43,93,46,577,20
3,57,58,48,2,24,26,95,5,62,8,22,80,79,22,70,80,79,81,127,44,68,46,77,103,101,22,117,48,584,20
46,110,94,102,56,108,49,61,45,155,91,16,110,126,1,103,95,1,57,103,10,118,66,31,80,139,31,92,80,761,20
22,10,4,5,3,4,4,29,96,106,118,25,29,35,70,75,74,35,38,40,92,96,95,37,41,41,59,88,63,495,21
25,15,26,36,9,9,13,19,24,39,49,60,86,75,2,38,28,66,75,102,10,19,19,87,100,96,1,20,14,402,21
7,7,19,23,58,43,104,40,214,221,221,68,87,75,28,51,47,45,103,68,19,62,77,100,204,143,20,60,124,795,21
5,4,29,4,13,87,12,4,33,37,38,46,75,50,34,38,63,296,309,300,30,117,43,237,249,324,40,44,52,874,21
27,52,12,13,6,13,4,33,95,147,122,94,106,146,58,71,70,68,74,81,71,84,77,34,38,47,48,81,52,628,21
10,48,5,20,12,12,3,21,64,112,74,24,29,72,65,85,70,35,47,55,48,60,60,37,40,49,62,83,65,466,21
7,18,31,5,14,7,28,4,16,34,23,33,64,51,19,24,50,71,85,76,34,41,48,60,88,67,6,10,34,353,21
19,5,35,44,28,44,54,27,100,105,119,143,178,148,31,75,66,46,74,90,85,129,113,68,122,112,61,88,115,790,21
8,3,20,3,17,3,5,3,57,60,65,48,68,51,34,37,54,55,72,58,32,35,49,75,80,78,31,34,36,394,21
6,119,28,7,25,11,2,5,105,224,111,76,104,195,92,99,120,38,63,45,36,47,61,28,30,39,87,92,89,665,21
6,41,9,54,115,3,76,70,31,72,37,53,62,94,11,65,20,1,116,55,44,47,159,62,138,65,22,92,98,598,21
12,7,8,56,51,3,17,3,101,108,113,24,32,31,25,81,33,44,95,100,34,37,85,57,74,60,37,40,54,479,21
11,4,19,10,4,6,7,13,13,17,24,72,91,76,91,101,110,25,29,35,58,64,62,44,51,50,57,70,64,434,21
7,5,18,54,34,5,5,63,52,57,59,38,56,43,66,120,84,46,80,100,25,30,59,60,65,65,41,104,46,519,21
15,3,16,3,7,28,19,5,12,15,27,92,108,95,20,23,36,75,82,78,29,57,36,34,53,62,43,48,62,401,21
125,40,7,10,10,7,28,6,100,140,225,84,91,124,16,26,23,206,216,216,21,28,31,58,86,65,20,26,48,738,21
4,5,6,3,12,3,30,3,102,107,106,90,96,95,29,32,35,102,114,105,7,10,19,44,74,47,38,41,68,478,21
21,4,94,20,5,28,4,33,21,25,42,6,100,10,43,63,137,72,77,92,34,62,39,49,53,77,46,79,50,480,21
4,4,30,8,5,4,24,35,2,6,6,89,119,93,8,16,38,47,52,55,46,50,51,60,84,64,56,91,80,422,21
7,50,12,5,20,36,5,4,147,197,154,25,37,75,37,42,49,51,71,56,1,37,21,97,102,133,31,35,36,528,21
7,4,16,5,25,7,9,41,15,19,22,70,86,74,24,29,40,31,56,36,74,81,99,27,36,34,88,129,97,443,21
58,42,4,21,38,31,7,62,65,107,123,34,38,76,33,54,37,21,59,42,33,64,71,26,33,57,51,113,58,526,21
108,7,29,4,18,2,32,51,27,34,135,50,79,57,134,138,163,87,105,91,20,22,38,224,256,226,63,114,95,856,21
46,68,26,20,53,20,24,24,36,104,82,22,48,90,57,77,83,56,109,76,73,93,126,36,60,56,23,47,47,584,21
5,4,8,4,13,5,52,4,2,6,7,101,109,105,16,20,24,71,84,75,48,53,61,10,62,15,34,38,86,377,21
26,27,16,7,4,3,7,8,95,122,121,95,111,122,34,41,50,56,60,63,45,48,49,96,103,99,4,12,11,523,21
23,78,125,4,4,26,6,5,156,234,179,93,218,171,106,110,231,17,21,21,67,93,71,19,25,45,89,94,95,818,21
145,34,72,68,5,23,3,40,56,90,201,153,225,187,37,105,109,42,47,110,100,123,105,3,6,26,85,125,88,866,21
42,99,6,29,4,12,4,31,363,462,405,7,13,106,78,107,84,19,23,48,97,109,101,12,16,24,79,110,83,882,21
5,2,18,3,6,4,29,15,16,18,21,93,111,95,47,50,65,36,42,39,30,34,36,91,120,95,58,73,87,453,21
148,85,100,101,127,102,108,125,103,188,251,119,219,204,123,224,223,311,438,412,110,212,237,118,226,220,89,214,197,1869,22
117,5,25,97,56,39,117,133,139,144,256,78,103,83,72,169,97,24,80,121,43,82,99,62,179,101,82,215,199,1089,22
120,109,127,107,115,112,134,176,84,193,204,187,314,296,113,220,240,137,252,244,89,201,204,110,244,222,98,274,232,1818,22
93,19,26,76,29,6,86,59,90,109,183,104,130,123,6,82,32,47,76,123,83,89,112,38,124,44,24,83,110,786,22
54,92,89,62,4,95,66,34,36,128,90,2,91,94,46,108,135,62,66,124,36,131,40,17,83,112,47,81,113,742,22
119,95,33,33,46,106,73,4,21,116,140,57,90,152,53,86,86,97,143,130,1,107,47,1,74,107,86,90,159,825,22
6,10,61,10,38,29,5,104,122,132,128,60,121,70,72,82,133,37,75,47,61,90,99,82,87,111,1,105,6,698,22
148,96,78,75,78,101,112,34,70,166,218,15,93,111,272,347,350,4,82,79,6,107,84,2,114,103,64,98,176,1155,22
6,14,76,75,46,22,4,56,106,120,112,39,115,53,21,96,97,15,61,90,62,84,108,68,72,90,62,118,66,672,22
78,75,76,80,85,100,103,92,98,173,176,96,172,171,582,662,658,76,161,156,218,318,303,30,133,130,64,156,167,1853,22
113,96,101,106,102,142,146,158,904,1000,1017,74,175,170,369,475,470,81,183,187,87,229,189,55,201,197,66,224,212,2600,22
5,40,77,68,57,45,13,45,85,125,90,48,125,88,20,88,97,31,88,99,47,92,104,67,80,112,64,109,77,712,22
31,4,45,63,79,37,4,93,112,116,143,79,124,83,36,99,81,2,81,65,39,76,118,77,81,114,30,123,34,731,22
121,137,106,158,93,115,129,129,122,259,243,295,401,432,102,260,208,73,166,231,71,186,164,100,229,215,93,222,222,1844,22
63,84,92,93,161,126,128,120,122,206,185,71,163,155,64,157,156,39,200,132,97,223,258,76,204,202,88,208,216,1424,22
96,101,5,51,60,93,43,24,86,187,182,135,140,236,79,130,84,48,108,99,1,94,61,29,72,122,53,77,96,904,22
118,93,130,171,137,124,121,141,102,195,220,97,227,190,74,245,204,99,236,270,572,696,709,87,208,211,76,217,197,2142,22
113,128,101,109,92,150,116,118,112,240,225,102,203,230,105,214,206,112,204,221,138,288,230,123,239,273,95,213,211,1714,22
63,61,59,48,60,81,59,77,103,164,166,96,155,157,100,148,159,105,165,153,70,151,130,76,135,157,81,158,140,1139,22
81,5,82,19,142,131,134,121,158,163,239,28,110,33,72,91,154,133,275,152,236,367,378,121,255,252,105,226,239,1568,22
44,20,28,18,94,98,51,31,87,107,131,104,132,124,82,100,110,27,121,45,4,102,98,35,86,133,45,76,96,768,22
132,151,106,126,167,133,117,109,143,294,275,114,220,265,130,256,236,128,295,254,104,237,271,113,230,246,97,206,214,1870,22
85,45,131,69,47,7,20,76,92,137,177,32,163,77,15,84,146,29,76,98,92,99,139,94,114,101,46,122,66,880,22
96,121,109,100,132,105,117,145,135,256,231,92,201,213,98,198,207,309,441,409,113,218,245,84,201,189,81,226,198,1837,22
64,76,76,95,77,70,69,70,97,173,161,81,157,157,46,141,122,69,146,164,88,158,165,85,154,155,79,149,148,1142,22
100,109,89,58,90,130,115,116,15,124,115,53,142,162,79,137,168,116,206,174,246,376,336,72,187,202,83,199,198,1471,22
129,53,6,78,14,56,8,19,7,60,136,110,116,163,52,130,58,52,66,130,52,108,66,64,72,120,89,108,97,789,22
83,103,84,77,100,98,86,8,94,197,177,61,145,164,88,165,172,47,147,124,70,168,170,66,152,164,137,145,223,1202,22
64,46,48,66,65,60,62,87,115,161,179,122,170,168,101,167,149,84,149,150,94,154,159,97,159,157,77,164,139,1188,22
72,62,66,73,66,81,68,69,104,166,176,110,176,172,92,165,158,84,150,157,88,169,154,66,134,147,97,166,165,1198,22
92,89,93,78,102,100,79,95,18,107,110,16,109,105,12,90,105,124,226,202,18,118,120,115,194,215,2,97,81,1033,23
106,98,100,99,90,111,78,87,205,303,311,67,167,165,61,160,161,43,133,142,40,151,130,53,131,164,83,170,161,1321,23
70,55,66,54,44,75,44,63,14,69,84,31,97,86,23,77,89,43,87,97,11,86,55,32,76,107,13,76,57,638,23
44,77,69,86,74,89,78,44,10,87,54,21,90,98,9,95,78,1,75,87,21,110,95,130,208,219,19,63,97,772,23
52,55,98,64,79,40,90,55,9,64,61,22,120,77,23,87,121,19,98,83,25,65,104,20,110,60,19,74,109,670,23
13,89,124,96,87,66,101,31,95,184,108,19,143,108,2,98,126,11,98,107,17,83,104,129,230,195,107,138,208,987,23
52,88,55,49,89,101,98,69,10,98,62,10,65,98,125,174,180,9,98,58,1,102,90,13,111,114,2,71,100,771,23
77,112,109,89,66,55,66,54,55,167,132,52,161,164,44,133,153,73,139,162,86,141,152,85,151,140,269,323,335,1292,23
70,94,107,89,95,90,66,98,2,96,72,13,120,107,19,108,126,2,97,91,8,98,103,19,85,109,23,121,89,795,23
108,111,99,102,77,99,110,99,39,150,147,28,127,139,74,176,173,72,149,174,65,164,142,62,172,161,43,142,153,1188,23
99,112,98,99,98,78,78,78,40,152,139,63,161,175,44,143,142,51,149,150,54,132,152,84,162,162,75,153,153,1151,23
52,66,90,94,81,71,59,17,17,83,69,21,111,87,17,111,107,122,203,216,151,222,232,130,189,201,114,131,173,1102,23
66,44,57,56,67,34,77,55,18,62,84,21,78,65,20,76,77,31,98,87,19,53,86,23,100,57,19,74,96,607,23
96,102,77,67,63,104,51,100,3,105,99,17,94,119,20,87,97,110,173,177,17,121,80,2,53,106,20,120,71,849,23
92,109,97,109,89,85,110,85,11,120,103,112,209,221,19,128,116,19,108,128,12,97,101,30,140,115,2,87,112,981,23
60,71,91,88,123,89,76,110,140,211,200,58,149,129,52,140,143,151,274,239,51,140,174,73,149,162,43,153,119,1276,23
67,44,89,52,93,74,111,22,17,61,84,21,110,65,14,66,103,189,282,241,1,75,94,10,121,84,182,204,293,986,23
72,66,87,56,244,89,99,87,84,150,156,63,150,129,214,270,301,31,275,87,60,149,304,225,324,314,65,152,164,1542,23
57,64,78,62,56,88,67,77,18,82,75,34,112,98,12,74,90,108,164,170,32,120,88,8,75,96,21,98,88,782,23
66,100,95,56,78,89,99,76,48,148,114,11,106,111,77,133,172,72,150,128,84,173,162,74,173,163,85,161,184,1110,23
74,100,89,67,75,88,88,100,73,173,147,62,151,162,63,130,152,96,171,163,98,186,173,73,161,161,65,165,153,1211,23
59,59,86,44,89,53,85,101,10,69,69,19,105,78,20,64,106,32,121,76,25,78,114,12,97,65,20,121,105,714,23
37,66,37,80,102,50,100,89,14,80,51,114,151,180,32,112,69,83,185,163,2,52,104,10,110,60,106,195,206,922,23
103,100,87,89,101,112,98,142,53,153,156,52,139,152,67,156,154,51,152,140,39,151,140,184,282,296,84,226,182,1362,23
96,78,88,66,99,99,109,78,74,152,170,63,151,141,66,132,154,63,162,129,65,164,164,74,183,173,65,143,174,1183,23
89,69,80,54,166,48,89,62,19,88,108,17,97,86,15,69,95,201,367,255,15,63,181,31,120,79,15,77,104,970,23
84,66,99,69,88,101,69,101,16,82,100,22,121,88,20,89,119,18,106,87,20,121,108,138,207,239,29,130,98,940,23
58,66,95,61,96,70,67,71,16,82,74,15,110,81,16,77,111,16,112,77,2,72,98,31,98,101,18,89,85,698,23
53,55,65,49,77,55,88,46,21,76,74,34,99,89,14,63,79,32,109,81,10,65,87,23,111,78,8,54,96,630,23
56,73,66,86,88,66,77,26,11,84,67,22,88,95,12,98,78,21,109,107,1,67,89,22,99,88,112,138,189,739,23
8,3,22,5,5,2,5,16,57,60,65,88,110,91,48,53,70,76,81,81,62,64,67,64,69,66,67,83,72,528,24
10,5,6,6,5,2,9,2,42,47,52,78,84,83,46,52,52,75,80,81,29,31,34,98,107,100,39,41,48,452,24
90,68,89,44,22,28,21,14,48,116,138,47,136,115,3,47,92,63,85,107,36,64,58,47,68,75,53,67,74,673,24
8,24,51,4,4,2,7,11,54,78,62,50,101,74,26,30,77,69,73,73,64,66,68,64,71,66,82,93,89,520,24
36,9,75,53,67,66,69,103,70,79,106,39,114,48,4,57,79,47,114,100,2,68,69,47,116,113,81,184,150,768,24
15,12,8,11,24,4,9,30,32,44,47,66,74,78,48,59,56,64,88,75,44,48,68,79,88,83,46,76,55,492,24
14,29,11,5,16,30,20,13,19,48,33,77,88,106,37,42,48,100,116,105,35,65,51,30,50,60,54,67,74,490,24
9,14,26,4,10,4,10,4,32,46,41,97,123,111,55,59,81,99,109,103,54,58,64,98,108,102,54,58,64,570,24
8,3,23,4,5,10,19,12,9,12,17,74,97,77,32,36,55,76,81,80,35,45,40,83,102,93,20,32,39,413,24
10,97,14,36,6,5,9,4,11,108,21,36,50,133,96,132,110,46,52,82,45,50,51,79,88,84,40,44,49,534,24
9,24,17,3,7,2,5,11,19,43,28,332,349,356,34,37,51,60,67,63,58,60,65,66,71,68,51,62,56,698,24
8,27,19,4,23,13,7,5,18,45,26,83,102,110,47,51,66,15,38,19,81,94,104,31,38,44,75,80,82,456,24
7,16,7,16,5,2,6,3,70,86,77,62,69,78,65,81,72,77,82,93,64,66,69,64,70,66,75,78,81,539,24
9,5,10,4,7,3,4,1,39,44,48,92,102,97,63,67,73,75,82,79,60,63,67,61,65,64,65,66,69,498,24
40,53,53,21,3,36,15,38,116,169,156,80,133,133,98,119,151,19,22,40,56,92,59,36,51,72,61,99,76,725,24
5,4,7,14,6,11,4,4,77,81,82,86,93,90,48,62,55,81,87,95,66,77,72,48,52,59,80,84,84,541,24
12,5,7,5,8,5,6,4,29,34,41,77,84,82,44,49,51,81,89,86,42,47,50,75,81,80,176,180,182,576,24
9,18,7,2,5,2,17,3,121,139,130,25,32,43,47,49,54,60,65,62,48,50,53,97,114,99,83,86,100,544,24
8,4,17,4,5,2,6,10,49,53,57,342,359,346,29,33,46,80,85,84,145,147,150,81,87,83,49,59,55,831,24
9,4,5,3,5,2,5,2,65,69,74,61,66,65,81,84,86,76,81,79,62,64,67,82,87,84,67,69,72,529,24
8,4,12,7,4,2,9,14,49,53,57,107,119,111,54,61,66,44,48,51,62,64,66,66,75,68,63,77,72,505,24
8,4,8,3,7,3,19,2,46,50,54,97,105,101,80,83,88,74,81,77,61,64,68,46,65,49,82,84,101,540,24
8,17,5,5,5,13,4,2,37,54,45,75,80,92,68,73,73,71,76,76,69,82,74,46,50,59,83,85,87,508,24
7,17,8,28,20,3,19,2,42,59,49,60,68,77,66,94,74,15,35,43,62,65,82,66,85,69,62,64,81,477,24
9,5,7,15,6,2,20,4,27,32,36,105,112,110,49,64,56,79,85,94,43,45,49,81,101,83,166,170,186,618,24
10,18,21,15,5,4,5,11,52,70,62,55,76,73,52,67,73,61,66,76,79,83,84,47,52,51,84,95,89,519,24
8,3,7,4,4,2,6,11,30,33,38,95,102,98,62,66,69,76,80,80,64,66,68,65,71,67,198,209,204,635,24
9,19,6,19,6,2,5,3,32,51,41,40,46,59,51,70,57,58,64,77,45,47,51,64,69,66,62,65,67,421,24
10,3,7,4,6,10,5,3,43,46,53,79,86,82,61,65,68,78,84,82,49,59,55,68,73,78,63,66,68,489,24
7,4,22,4,20,2,9,2,53,57,60,57,79,61,49,53,71,74,94,78,48,50,68,66,75,68,74,76,83,491,24
37,14,51,32,42,17,53,33,28,42,65,56,107,70,52,84,103,28,70,60,92,109,134,42,95,59,81,114,134,658,25
74,56,73,66,37,40,93,84,90,146,164,87,160,143,80,146,153,241,278,307,97,137,134,112,205,152,91,175,184,1321,25
11,29,18,5,25,14,57,6,64,93,75,97,115,126,32,37,50,109,134,114,33,47,58,71,128,85,15,21,72,586,25
27,13,37,22,30,5,73,30,1,14,28,11,48,24,69,91,106,41,71,63,20,25,50,58,131,63,44,74,117,481,25
78,77,44,34,5,26,14,37,18,95,96,15,59,92,58,92,102,61,66,95,54,80,59,44,58,70,59,96,73,624,25
80,75,85,33,45,28,3,36,9,84,89,4,89,79,38,71,123,17,62,50,63,91,108,48,51,76,49,85,52,613,25
20,11,3,15,25,7,81,14,162,173,182,58,61,69,62,77,65,12,37,27,42,49,67,72,153,79,28,42,109,612,25
70,58,55,42,46,33,51,27,106,164,176,84,139,142,23,65,78,63,109,105,118,151,164,61,112,94,24,51,75,861,25
92,40,48,17,4,14,6,31,34,74,126,20,68,60,81,98,129,52,56,69,79,93,83,58,64,72,67,98,73,643,25
18,14,30,30,15,32,6,8,4,18,22,53,83,67,53,83,83,1,16,31,22,54,37,64,70,96,30,38,36,380,25
51,53,55,61,44,46,91,30,104,157,155,112,167,165,90,151,145,101,145,162,120,166,164,171,262,217,112,142,203,1241,25
45,63,13,4,51,34,8,7,3,66,48,60,73,123,47,51,60,11,62,15,47,81,98,18,26,52,13,20,21,424,25
29,47,15,48,41,36,18,35,65,112,94,33,48,80,110,158,125,25,66,73,26,62,67,18,36,54,23,58,41,569,25
44,45,7,23,13,13,17,12,56,101,100,11,18,56,30,53,37,48,61,71,68,81,81,48,65,61,109,121,126,544,25
32,43,14,17,6,16,25,2,66,109,98,79,93,122,109,126,123,4,10,21,3,19,9,96,121,112,35,37,60,547,25
94,43,44,61,64,85,75,63,89,132,183,111,155,154,394,455,438,92,156,153,230,315,294,120,195,205,108,171,183,1673,25
28,63,26,23,17,41,13,27,2,65,30,22,48,85,71,94,97,32,49,55,90,131,107,29,42,70,58,85,71,542,25
103,40,9,34,43,128,55,44,59,99,162,50,59,90,60,94,69,50,93,84,26,154,69,15,70,143,129,173,184,845,25
26,10,65,23,42,52,7,42,19,29,45,34,99,44,117,140,182,9,51,32,63,115,105,23,30,75,38,80,45,570,25
84,9,67,6,72,50,4,20,2,11,86,48,115,57,2,8,69,37,109,43,29,79,101,63,67,113,67,87,71,560,25
10,54,5,54,26,81,13,39,67,121,77,78,83,132,47,101,52,7,33,61,29,110,55,19,32,100,86,125,99,615,25
81,64,127,62,73,98,82,88,100,164,181,80,207,144,16,78,143,63,136,125,48,146,121,44,126,142,81,169,163,1107,25
11,3,43,13,42,14,6,21,16,19,27,69,112,72,39,52,82,79,121,92,29,43,71,80,86,94,157,178,163,622,25
9,36,44,12,71,56,50,36,69,105,78,240,284,276,283,295,327,40,111,52,60,116,131,1,51,57,58,94,108,1065,25
43,29,82,30,22,18,5,15,28,57,71,73,155,102,20,50,102,91,113,121,1,19,23,125,130,143,20,35,25,602,25
52,43,48,23,77,25,37,15,13,56,65,84,132,127,18,41,66,51,128,74,13,38,90,16,53,41,112,127,149,627,25
16,35,32,44,5,33,19,64,101,136,117,41,73,76,28,72,60,29,34,73,34,67,39,64,83,97,7,71,26,552,25
35,3,21,24,14,10,3,14,3,6,38,61,82,64,41,65,62,65,79,89,10,20,24,21,24,31,78,92,81,403,25
40,33,62,12,21,53,43,33,110,143,150,121,183,154,121,133,183,16,37,28,53,106,74,39,82,92,142,175,185,899,25
10,6,41,37,13,19,29,43,24,30,34,68,109,74,142,179,183,15,28,52,110,129,123,50,79,69,95,138,124,702,25
26,16,40,22,34,67,56,50,79,95,105,57,97,73,54,76,94,84,118,106,27,94,61,1,57,68,34,84,90,647,26
95,125,15,4,47,62,51,50,58,183,153,101,116,226,86,90,101,60,107,64,44,106,91,29,80,91,34,84,85,861,26
49,46,62,69,34,14,19,6,68,114,117,34,96,80,41,110,103,30,64,99,47,61,81,90,109,104,53,59,72,662,26
28,76,62,58,15,6,10,6,68,144,96,21,83,97,58,116,120,45,60,103,113,119,128,106,116,112,77,83,87,749,26
42,20,45,23,28,44,64,67,71,91,113,65,110,85,52,75,97,68,96,91,48,92,76,32,96,76,27,94,91,696,26
122,22,26,14,29,51,77,63,43,65,165,55,81,77,97,111,123,38,67,52,52,103,81,117,194,168,22,85,99,828,26
43,5,26,6,38,56,75,28,77,82,120,62,88,67,75,81,101,76,114,82,29,85,67,21,96,77,131,159,206,748,26
115,102,7,24,5,3,28,19,164,266,279,113,120,215,76,100,83,91,96,115,96,99,101,92,120,95,62,81,90,997,26
34,51,50,67,79,93,48,52,47,98,81,42,92,93,28,95,78,2,81,69,2,95,81,20,68,113,33,85,81,648,26
15,12,27,57,69,87,54,75,72,84,87,77,104,89,49,106,76,26,95,83,16,103,85,16,70,103,21,96,75,673,26
117,71,57,75,72,58,56,19,94,165,211,257,314,328,46,121,103,22,94,97,2,60,74,48,104,106,44,63,100,1038,26
38,56,5,27,28,79,72,87,565,621,603,79,84,135,94,121,99,89,117,116,16,95,44,28,100,107,29,116,101,1292,26
6,5,6,15,31,56,65,79,71,76,77,80,86,85,82,97,88,72,103,87,44,100,75,32,97,88,2,81,67,646,26
21,21,37,13,21,35,51,60,83,104,104,69,106,90,73,86,110,77,98,90,72,107,93,48,99,83,32,92,83,713,26
7,5,26,41,50,38,37,65,74,79,81,93,119,98,42,83,68,19,69,60,54,92,104,129,166,167,15,80,52,695,26
109,120,119,94,140,128,118,143,498,618,607,470,589,590,103,197,222,447,587,541,94,222,234,318,436,446,78,221,196,2979,26
11,4,49,30,86,61,61,39,83,87,94,103,152,107,62,92,111,21,107,51,31,92,117,139,200,200,55,94,116,835,26
59,123,81,73,28,22,8,29,44,167,103,16,97,139,4,77,85,42,70,115,44,66,72,84,92,106,62,91,70,719,26
4,40,27,30,70,81,55,52,85,125,89,58,85,98,75,105,102,18,88,48,32,113,102,1,56,82,58,110,113,686,26
33,3,16,5,31,64,70,70,90,93,123,59,75,62,89,94,105,77,108,82,37,101,68,14,84,78,35,105,105,693,26
6,25,24,34,27,79,52,60,82,107,88,57,81,82,63,97,87,47,74,81,56,135,83,3,55,82,32,92,84,647,26
88,24,53,5,8,33,29,56,42,66,130,56,109,80,52,57,105,91,99,96,62,95,70,48,77,81,148,204,177,795,26
117,88,65,87,25,29,16,41,36,124,153,48,113,136,33,120,98,32,57,119,103,132,128,43,59,72,64,105,80,827,26
35,59,106,103,117,79,72,71,165,224,200,507,613,566,130,233,236,164,281,267,154,233,271,140,212,219,174,245,246,2076,26
167,15,118,206,119,129,146,103,222,237,389,360,478,375,189,395,307,2,121,208,257,386,376,313,459,442,197,300,343,2543,26
6,5,22,20,59,4,85,57,63,68,69,181,203,186,53,73,75,153,212,173,58,62,117,52,137,56,36,93,121,854,26
62,113,80,88,98,70,25,14,2,115,64,26,106,139,33,121,113,5,103,93,21,91,119,2,27,72,56,70,81,695,26
34,15,6,12,14,20,6,5,44,59,78,227,233,242,36,48,42,176,190,188,47,67,61,165,171,185,84,89,90,891,26
6,49,94,96,72,73,93,81,355,404,361,257,351,306,198,294,292,280,352,376,632,705,704,196,289,269,222,303,315,2704,26
58,5,135,7,6,108,47,66,3,8,61,16,151,21,25,32,160,203,209,210,2,110,8,2,49,110,27,93,74,710,26
83,102,127,101,85,103,86,118,66,168,149,133,260,235,66,167,193,58,143,159,91,194,176,65,151,168,107,225,193,1391,27
83,93,94,76,86,86,77,88,33,126,116,117,211,210,57,133,151,91,177,167,57,143,143,65,142,151,104,192,181,1207,27
74,109,88,93,101,110,92,76,109,218,183,159,247,268,88,181,176,176,277,269,108,218,209,126,218,236,176,252,268,1685,27
66,84,84,77,76,85,101,84,93,177,159,84,168,168,142,219,226,284,360,361,193,278,269,158,259,243,185,269,286,1796,27
90,68,75,94,42,67,103,119,75,143,165,101,176,169,195,289,270,157,199,251,134,201,176,268,371,335,191,310,294,1779,27
91,79,68,67,77,86,77,100,32,111,123,140,208,219,58,125,126,117,194,184,91,177,168,182,259,268,495,595,572,1760,27
99,84,84,99,85,77,84,100,34,118,133,76,160,160,76,175,160,68,153,167,66,143,151,83,167,160,168,268,252,1283,27
92,111,101,92,92,93,93,121,117,228,209,24,125,135,143,235,244,76,168,168,101,194,193,92,185,185,118,239,211,1466,27
82,77,68,80,84,92,98,43,75,152,157,92,160,169,108,188,176,80,164,160,101,193,185,235,333,327,86,129,184,1401,27
65,85,60,103,93,95,102,93,67,152,132,125,185,210,169,272,229,46,139,149,66,161,159,107,209,202,116,209,218,1392,27
100,85,89,85,93,100,84,118,32,117,132,109,198,194,121,206,210,74,167,159,84,184,177,109,193,209,134,252,218,1417,27
91,60,68,112,84,76,85,68,133,193,224,126,194,186,225,337,293,82,166,194,109,185,193,192,277,268,108,176,193,1619,27
82,96,68,84,69,94,85,92,41,137,123,81,149,177,126,210,194,101,170,185,98,192,167,91,176,185,59,151,144,1267,27
83,68,70,66,75,102,109,93,125,193,208,99,169,167,167,233,237,118,193,184,93,195,168,183,292,285,151,244,260,1602,27
104,84,85,92,111,110,134,119,255,339,359,326,411,410,302,394,387,285,396,377,224,334,335,259,393,369,235,354,369,2725,27
92,78,84,85,76,84,85,92,208,286,300,200,284,278,167,252,251,100,176,185,134,218,210,118,203,202,83,175,168,1686,27
88,93,84,93,84,94,101,102,51,144,139,92,176,185,84,177,168,66,150,159,84,178,168,74,175,168,125,227,226,1315,27
100,70,51,76,119,94,117,76,49,119,149,99,150,169,143,219,194,82,201,158,91,185,210,83,200,177,151,227,268,1401,27
82,103,94,94,95,94,96,110,67,170,149,23,117,126,74,168,168,91,186,185,56,150,151,82,178,176,89,199,185,1250,27
77,91,67,77,93,102,64,93,65,156,142,93,160,184,110,187,177,115,208,192,108,210,201,104,168,206,92,185,156,1351,27
90,75,76,118,101,93,93,93,93,168,183,59,135,134,117,235,193,68,169,186,125,218,226,150,243,243,126,219,219,1477,27
91,93,68,109,101,84,85,102,8,101,99,100,168,193,142,251,210,168,269,277,143,227,244,183,268,267,268,370,353,1745,27
89,125,76,76,93,85,69,84,581,706,670,93,169,218,125,201,201,101,194,177,49,134,142,92,161,177,124,208,193,1862,27
73,93,84,84,92,90,93,109,85,178,158,15,99,108,126,210,210,35,127,119,84,174,176,77,170,167,151,260,244,1291,27
74,93,76,79,78,85,83,118,33,126,107,93,169,186,125,204,201,38,116,117,82,167,160,101,184,186,151,269,234,1309,27
94,86,75,100,85,92,85,92,21,107,115,124,199,210,93,193,168,50,135,150,75,167,160,109,194,201,134,226,219,1315,27
92,92,94,103,76,93,77,27,51,143,143,67,161,159,65,168,159,116,192,219,100,193,176,109,186,202,258,285,335,1420,27
66,77,81,51,69,67,68,101,134,211,200,134,215,211,179,230,260,92,161,143,191,258,260,160,228,227,175,276,243,1645,27
75,68,60,85,105,68,84,102,58,126,133,74,134,142,101,186,161,74,179,159,72,140,177,108,192,176,134,236,218,1268,27
100,85,92,83,78,85,102,110,7,92,107,118,210,203,85,168,177,84,162,167,73,158,151,83,185,168,41,151,143,1226,27
35,62,45,80,52,77,76,79,93,155,128,341,386,403,96,176,141,338,390,418,93,170,145,292,368,369,90,169,166,1849,28
49,54,66,78,75,71,61,79,108,162,157,350,416,404,84,162,150,319,394,397,98,169,173,347,408,418,99,178,160,1938,28
38,80,55,77,60,78,51,78,99,179,137,335,390,415,92,169,147,393,453,470,82,160,142,375,426,453,92,170,143,1985,28
38,79,72,78,42,62,43,80,81,160,119,335,407,414,83,161,155,319,361,397,105,167,147,274,317,336,81,161,124,1772,28
42,80,59,71,62,78,61,62,92,172,134,271,330,351,100,171,159,289,351,360,98,176,160,272,333,350,91,153,152,1728,28
63,78,66,77,40,62,58,73,91,169,154,308,374,386,85,162,151,394,434,471,91,153,131,308,366,370,100,173,158,1894,28
46,94,67,87,59,78,49,54,85,179,131,292,359,386,81,168,148,384,443,471,83,161,142,310,359,388,108,162,157,1877,28
62,55,76,74,101,101,102,85,337,392,399,298,374,353,289,363,365,253,354,327,245,346,346,173,275,274,320,405,422,2571,28
44,69,52,61,67,66,74,97,152,221,196,263,315,332,126,187,178,290,357,351,139,205,206,277,351,343,90,187,164,1867,28
47,70,66,61,61,38,35,70,92,162,139,350,416,420,101,162,167,326,387,387,131,169,192,329,364,367,108,178,143,1885,28
38,70,68,78,52,66,68,64,91,161,129,263,331,333,75,153,143,220,272,298,109,175,161,209,277,275,91,155,159,1562,28
34,79,68,90,62,79,77,78,212,291,246,178,246,257,182,272,250,271,333,361,298,377,360,174,251,253,134,212,211,2016,28
44,61,80,86,52,79,52,83,109,170,153,186,266,247,82,168,162,194,246,280,101,180,153,197,249,276,114,197,166,1520,28
62,86,85,80,68,70,51,80,84,170,146,230,315,316,75,155,160,195,263,275,91,161,159,188,239,258,108,188,159,1553,28
35,80,37,69,52,78,53,61,75,155,110,242,279,322,92,161,129,186,238,255,101,179,153,381,434,459,100,161,153,1642,28
66,95,55,80,53,73,71,70,71,166,137,219,274,314,82,162,137,210,263,290,101,174,154,173,244,246,81,151,152,1500,28
45,78,71,87,71,74,47,78,82,160,127,202,273,280,83,170,154,210,281,297,83,157,154,177,224,251,93,171,140,1481,28
63,66,85,83,85,92,107,108,290,356,353,459,544,525,237,320,322,278,363,361,254,346,339,276,383,368,275,383,382,2758,28
47,69,86,60,73,93,77,58,253,322,300,186,272,255,709,769,795,265,338,325,221,314,294,237,314,330,222,280,299,2656,28
64,63,76,77,94,77,65,74,295,358,359,288,364,351,247,324,323,170,264,247,324,401,418,265,330,342,266,340,331,2445,28
48,79,65,106,93,76,58,62,255,334,303,257,322,336,214,320,279,226,319,332,238,314,331,256,314,332,177,239,235,2210,28
61,59,76,84,85,67,103,73,289,348,350,231,307,290,259,343,335,296,381,380,263,330,348,254,357,321,233,306,336,2433,28
40,69,71,72,54,73,68,80,92,161,132,232,303,301,87,159,158,235,289,307,82,155,136,201,269,274,100,180,168,1556,28
70,72,51,62,47,70,49,53,75,147,145,345,396,417,85,147,136,328,375,390,108,178,155,307,356,377,100,153,149,1822,28
53,59,76,101,76,69,93,101,264,323,317,240,316,299,180,281,256,364,440,465,272,341,348,255,348,324,231,332,324,2434,28
30,86,36,71,44,45,50,63,72,158,102,228,264,314,83,154,119,219,263,290,109,154,153,223,273,268,90,153,140,1449,28
5,63,76,71,76,95,83,61,230,293,235,194,270,257,152,223,228,222,298,293,186,281,262,162,245,257,154,215,237,1830,28
46,80,89,104,85,103,65,76,263,343,309,274,363,354,243,347,332,217,302,321,146,249,231,346,411,449,272,348,337,2409,28
96,68,67,101,130,115,114,99,535,603,631,292,359,360,300,401,367,243,373,344,275,390,405,243,357,358,241,340,355,2919,28
56,59,76,86,81,97,69,78,286,345,342,248,324,307,282,368,358,292,373,378,255,352,336,201,270,298,183,261,252,2349,28
103,102,103,83,97,124,97,97,99,201,202,266,369,368,88,171,191,95,192,178,86,210,183,59,156,183,105,202,202,1604,29
74,90,104,106,118,113,92,84,94,184,168,76,180,166,60,166,164,58,176,164,234,347,352,85,177,198,94,178,186,1482,29
88,139,97,96,68,59,61,103,193,332,281,128,225,267,271,367,368,112,180,208,117,176,185,92,153,151,98,201,159,1722,29
93,106,17,50,12,34,19,90,69,175,162,55,72,161,65,115,82,75,87,125,90,124,102,65,84,99,85,175,104,925,29
68,116,78,108,74,100,83,108,36,152,104,16,94,132,32,140,110,2,76,110,17,117,91,17,100,117,25,133,108,880,29
114,92,85,94,97,77,92,87,47,139,161,4,89,96,52,146,137,12,109,106,23,100,120,17,109,94,34,121,126,927,29
85,112,15,102,46,83,64,84,28,140,113,72,87,184,18,120,33,13,59,115,41,124,87,23,87,106,22,106,86,808,29
132,110,116,91,98,103,101,115,327,437,459,100,216,210,95,186,211,82,180,173,63,166,161,80,181,183,66,181,167,1679,29
50,92,72,58,64,61,81,80,119,211,169,268,340,360,96,154,168,63,127,121,90,151,154,91,172,152,93,173,174,1378,29
90,100,53,101,54,103,61,96,41,141,131,30,83,130,18,119,71,27,81,128,18,121,72,26,87,129,37,133,98,855,29
105,88,104,99,109,65,72,81,77,165,182,96,200,184,87,186,191,60,169,159,100,165,209,96,168,161,119,200,191,1358,29
51,118,54,105,69,97,14,111,45,163,96,2,56,120,52,157,106,8,77,113,53,150,122,29,43,126,76,187,90,884,29
71,100,71,124,64,98,74,93,22,122,93,61,132,161,79,203,150,2,66,126,62,160,126,18,92,116,69,162,143,1008,29
102,97,114,13,73,17,44,12,145,242,247,38,152,135,70,83,184,54,127,67,36,53,109,91,135,108,64,76,108,970,29
96,115,96,107,65,63,59,80,2,117,98,22,118,137,51,158,147,7,72,114,48,111,113,35,94,98,36,116,95,882,29
60,132,94,87,69,109,85,77,36,168,96,2,96,134,18,105,112,49,118,136,17,126,86,12,97,121,26,103,111,873,29
111,134,103,90,99,101,39,91,247,381,358,23,126,157,72,162,175,77,176,167,61,162,160,93,132,194,128,219,167,1469,29
95,116,61,114,58,116,73,116,33,149,128,17,78,133,51,165,112,1,59,115,44,160,102,2,75,118,25,141,98,922,29
69,106,82,57,12,50,52,67,21,127,90,2,84,108,59,116,141,67,79,124,56,106,68,32,84,82,50,117,102,782,29
103,110,74,85,39,76,71,87,11,121,114,14,88,124,21,106,95,17,56,102,14,90,53,34,105,110,3,90,74,759,29
62,84,51,99,41,122,33,110,83,167,145,22,73,106,67,166,118,16,57,115,72,194,113,4,37,126,49,159,82,915,29
92,81,81,102,65,68,37,57,10,91,102,69,150,150,18,120,99,4,69,106,29,97,94,28,65,96,36,93,73,777,29
85,107,97,89,49,49,13,39,29,136,114,2,99,109,20,109,117,1,50,90,70,119,119,42,55,91,89,128,102,781,29
168,62,119,33,101,54,85,52,2,64,170,35,154,97,23,56,142,51,152,84,3,57,104,51,136,105,3,55,88,842,29
72,79,66,82,72,61,74,61,48,127,120,3,69,82,50,132,116,3,75,85,44,105,116,23,97,84,43,104,117,781,29
71,124,76,82,88,87,93,88,54,178,125,33,109,157,35,117,111,44,132,126,14,101,102,36,129,123,2,90,95,927,29
56,59,58,35,58,61,91,56,351,410,407,339,397,398,1092,1127,1150,218,276,253,217,278,275,176,267,237,884,940,975,3751,29
114,104,109,82,99,108,84,97,99,203,213,72,181,176,275,357,384,104,203,186,92,200,191,109,193,217,100,197,184,1648,29
47,122,32,13,64,42,14,61,73,195,120,45,77,167,36,49,68,112,176,125,177,219,241,51,65,93,121,182,135,1010,29
74,70,81,81,95,78,91,79,33,103,107,70,151,140,27,108,108,23,118,104,46,124,141,13,104,91,34,113,125,895,29
84,140,4,110,68,121,52,120,2,142,86,61,65,201,32,142,36,6,74,116,13,134,81,12,64,133,22,142,74,847,30
86,109,86,86,104,97,85,86,48,157,134,80,166,189,90,176,176,80,184,166,78,175,182,86,171,183,79,165,164,1280,30
117,31,78,19,28,10,28,4,43,74,160,64,142,95,57,76,135,104,132,123,64,74,92,106,134,116,85,89,113,838,30
41,11,118,15,85,4,77,24,98,109,139,80,198,91,39,54,157,58,143,73,55,59,140,64,141,68,41,65,118,810,30
106,45,33,74,136,86,134,74,73,118,179,48,81,93,101,175,134,22,158,96,13,99,149,38,172,124,2,76,136,985,30
134,118,75,139,98,145,61,83,108,226,242,48,123,166,23,162,98,13,111,152,23,168,121,15,76,160,47,130,108,1130,30
88,84,85,82,110,80,76,84,91,175,179,89,174,173,109,191,194,98,208,180,81,161,191,120,196,200,98,182,174,1375,30
96,24,95,10,124,80,127,90,57,81,153,66,161,90,47,57,142,92,216,102,4,84,128,20,147,100,17,107,144,949,30
126,40,136,68,120,68,110,60,20,60,146,23,159,63,13,81,149,43,163,111,2,70,122,25,135,93,30,90,140,884,30
95,37,5,7,7,45,75,87,91,128,186,76,81,113,140,147,145,125,132,132,67,112,74,56,131,101,47,134,122,960,30
136,72,112,62,96,42,63,17,2,74,138,46,158,118,2,64,114,57,153,119,29,71,125,89,152,131,72,89,135,897,30
146,133,119,127,150,132,122,110,66,199,212,79,198,212,73,200,192,98,248,225,84,216,234,802,924,934,101,211,223,2342,30
157,90,134,4,139,85,147,4,19,109,176,30,164,120,84,88,218,28,167,32,2,87,141,20,167,105,71,75,218,1014,30
137,77,111,4,97,4,107,90,92,169,229,28,139,105,62,66,173,72,169,76,67,71,164,149,256,153,159,249,266,1256,30
63,91,65,108,65,101,77,4,32,123,95,19,84,110,7,115,72,18,83,126,18,119,83,14,91,115,103,107,180,785,30
96,144,6,42,127,64,73,27,73,217,169,312,318,456,112,154,118,106,233,148,45,109,172,32,105,96,74,101,147,1333,30
143,8,4,73,143,100,113,41,83,91,226,96,100,104,142,215,146,15,158,88,56,156,199,32,145,132,39,80,152,1088,30
126,110,83,110,117,97,119,110,73,183,199,115,198,225,91,201,174,56,173,166,93,190,210,107,226,204,72,182,191,1479,30
150,81,4,86,151,76,124,109,138,219,288,128,132,209,30,116,34,12,163,98,19,95,170,16,140,92,48,157,172,1172,30
118,79,125,89,5,73,74,79,18,97,136,2,127,81,39,128,164,109,114,198,54,127,59,31,105,104,98,177,172,993,30
98,53,86,25,93,59,119,74,39,92,137,79,165,132,48,73,134,108,201,133,39,98,132,79,198,138,26,100,145,1025,30
126,109,4,78,13,146,33,3,83,192,209,194,198,303,80,158,84,40,53,118,59,205,72,98,131,244,87,90,120,1153,30
74,17,72,11,71,3,45,4,55,72,129,66,138,83,44,55,116,62,133,73,53,56,124,89,134,92,61,65,106,727,30
130,67,143,4,120,6,92,33,44,111,174,51,194,118,70,74,213,30,150,34,54,60,174,73,165,79,39,72,131,956,30
115,123,120,117,118,108,112,118,75,198,190,56,176,179,99,216,219,89,207,206,116,224,234,80,192,188,138,256,250,1584,30
107,126,142,124,125,126,125,148,71,197,178,74,216,200,77,201,219,47,172,171,67,193,192,74,199,200,75,223,200,1508,30
163,105,4,7,25,16,11,50,63,168,226,135,139,240,73,80,77,101,126,108,124,140,149,101,112,117,156,206,167,1134,30
63,82,82,76,94,83,66,74,101,183,164,84,166,166,98,174,180,97,191,173,91,174,185,91,157,174,120,194,186,1302,30
113,153,98,105,127,91,110,120,81,234,194,75,173,228,71,176,169,71,198,176,11,102,138,61,171,152,5,125,115,1292,30
75,67,77,94,84,83,73,78,115,182,190,90,167,157,96,190,173,115,199,209,75,158,159,109,182,192,114,192,187,1345,30
103,79,101,97,87,96,94,111,47,126,150,102,203,181,76,173,177,83,170,180,79,175,166,73,167,169,47,158,141,1275,31
77,59,69,39,69,77,79,95,99,158,176,99,168,158,120,159,189,107,176,146,99,176,168,90,169,167,89,184,168,1267,31
86,47,70,59,59,82,78,72,113,160,199,115,185,162,109,168,179,116,175,175,118,200,177,81,159,163,130,202,208,1335,31
60,69,50,87,65,61,72,60,90,159,150,134,184,203,80,167,130,102,167,189,125,186,190,95,167,156,116,176,188,1266,31
63,69,68,51,61,60,85,92,82,151,145,92,160,161,100,151,168,107,168,158,115,175,176,74,159,134,83,175,168,1202,31
78,85,85,66,76,83,76,76,91,176,169,75,160,160,92,158,177,92,168,158,96,179,172,95,171,178,126,202,202,1292,31
77,54,76,60,80,61,87,78,86,140,163,101,177,155,83,143,159,80,160,140,89,150,169,73,160,134,74,152,161,1159,31
87,86,81,95,103,78,85,98,88,174,175,292,373,378,68,163,149,65,168,160,82,160,185,88,173,166,103,201,188,1499,31
56,77,70,63,59,69,78,69,83,160,139,81,151,158,89,152,159,91,150,154,101,170,160,72,150,141,87,156,165,1145,31
61,76,68,59,61,73,94,67,100,176,161,93,161,169,90,149,158,99,160,158,102,175,163,57,151,130,82,149,176,1182,31
80,57,68,60,60,52,75,52,93,150,173,101,169,158,100,160,168,91,151,151,106,158,166,108,183,160,100,152,175,1203,31
34,70,75,69,69,51,58,77,91,161,125,75,150,145,82,151,157,73,142,142,99,150,168,102,160,153,91,168,149,1116,31
71,69,85,74,77,77,95,92,248,317,319,74,159,143,76,150,161,75,152,149,83,160,160,73,168,150,48,140,143,1317,31
96,77,86,97,93,86,89,95,75,152,171,55,141,132,64,161,150,48,141,145,65,151,158,56,145,142,53,148,142,1135,31
86,83,69,82,110,86,85,102,65,148,151,79,148,162,67,149,136,50,160,132,65,151,175,74,159,160,39,141,124,1142,31
81,84,73,78,97,104,82,86,74,158,155,66,139,150,52,130,125,56,153,134,45,149,142,56,138,160,69,155,151,1103,31
84,94,92,94,86,80,88,84,101,195,185,66,158,160,65,159,157,82,168,176,73,153,159,80,168,160,89,173,177,1258,31
49,77,78,65,50,86,79,67,75,152,124,231,309,308,76,141,154,102,152,167,83,169,133,65,144,151,89,156,168,1272,31
52,42,49,51,51,60,51,50,109,151,161,112,161,154,100,151,149,107,158,158,91,151,142,99,150,159,100,150,151,1124,31
67,43,45,43,68,57,58,61,102,145,169,98,143,141,91,134,136,83,151,126,83,140,151,95,153,152,90,151,148,1084,31
90,84,91,101,103,112,95,85,67,151,157,83,174,167,60,161,151,55,158,156,56,168,159,57,152,169,73,158,168,1212,31
93,85,93,110,95,95,102,110,58,143,151,66,159,151,57,167,150,39,134,149,108,203,203,63,165,158,58,168,160,1232,31
86,101,77,96,76,66,87,85,66,167,152,74,151,175,82,178,159,82,158,178,109,175,185,90,177,156,82,167,169,1259,31
95,85,83,103,86,101,96,76,74,159,169,76,159,161,66,169,149,48,134,151,91,192,177,49,145,150,72,148,168,1201,31
56,74,94,101,102,76,93,87,82,156,138,77,171,151,65,166,159,57,159,158,75,151,177,75,168,151,48,135,141,1162,31
57,101,101,102,112,88,103,108,233,334,290,40,141,141,217,319,318,66,178,168,64,152,176,45,148,133,67,175,170,1504,31
96,95,80,94,90,153,104,95,41,136,137,71,151,166,71,165,151,39,129,133,78,231,168,30,134,183,65,160,169,1202,31
76,48,74,82,103,102,110,104,94,142,170,103,177,151,86,168,160,65,168,147,64,166,167,76,186,178,55,159,165,1242,31
104,103,85,85,81,88,67,159,63,166,167,66,151,169,74,159,159,254,335,339,256,344,337,90,157,178,58,217,125,1633,31
94,121,102,93,85,94,85,101,47,168,141,40,142,161,66,159,168,49,134,142,91,185,176,384,469,478,74,175,159,1526,31
59,112,43,86,61,62,63,61,75,187,134,85,128,197,153,239,196,111,172,197,125,187,186,41,104,103,202,263,265,1339,32
57,53,44,62,36,63,36,64,128,181,185,125,169,178,118,180,162,126,162,188,118,181,154,158,194,221,136,200,172,1324,32
58,60,52,75,69,58,41,36,128,188,186,128,180,188,126,201,178,138,207,213,113,171,182,146,187,204,136,172,177,1364,32
57,60,72,66,60,88,70,60,128,188,185,118,190,178,120,186,192,128,188,194,134,222,194,126,196,214,110,170,180,1397,32
67,78,53,72,53,79,52,36,110,188,177,119,172,197,117,189,170,115,168,187,118,197,171,126,178,205,255,291,307,1450,32
76,111,96,76,112,95,53,52,315,426,391,238,334,349,222,298,318,298,410,374,93,188,205,305,358,400,425,477,478,2567,32
16,70,70,61,87,72,78,69,169,239,185,119,189,189,116,177,186,109,196,170,101,173,188,117,195,189,111,180,189,1365,32
124,104,86,104,79,53,37,86,376,480,500,220,306,324,315,419,401,1047,1126,1151,142,195,221,808,845,861,613,699,650,4194,32
118,44,87,88,69,62,61,44,59,103,177,263,350,307,1432,1520,1519,773,842,861,204,266,273,468,529,530,202,246,263,3974,32
65,52,74,113,89,70,62,60,186,238,251,213,287,265,62,175,136,160,249,273,82,152,171,152,214,222,118,178,180,1558,32
83,52,61,62,62,46,52,35,136,188,219,127,188,179,143,205,204,143,205,205,212,258,274,124,176,170,136,171,188,1474,32
101,95,93,122,89,77,87,70,59,154,160,195,288,290,394,516,487,356,445,478,236,313,325,894,981,971,160,230,247,3028,32
91,87,71,59,64,70,87,86,91,178,182,92,163,179,102,161,173,101,165,160,99,169,163,91,178,161,93,179,180,1284,32
101,87,60,95,93,78,77,44,118,205,219,110,170,197,136,231,196,92,185,187,112,190,205,127,204,205,93,137,170,1423,32
83,95,60,71,72,70,44,55,143,238,226,137,197,232,127,198,187,125,197,196,124,194,196,135,179,205,143,198,187,1484,32
68,78,52,52,78,85,60,78,248,326,316,221,273,299,298,350,350,212,290,264,203,288,281,205,265,290,212,290,272,2150,32
83,72,121,61,80,35,77,27,229,301,312,226,347,298,127,188,248,186,266,247,135,170,215,186,263,221,127,154,204,1772,32
66,34,59,111,54,87,18,34,179,213,245,222,281,256,129,240,188,101,155,212,134,221,188,101,119,188,426,460,444,1755,32
109,70,61,79,56,69,70,78,58,128,167,109,170,179,127,206,188,58,114,137,132,201,188,102,172,171,40,118,110,1218,32
84,70,70,52,56,62,69,95,41,111,125,110,180,180,169,221,239,129,185,181,104,166,160,135,204,197,145,240,214,1391,32
80,87,71,70,69,79,52,88,51,138,131,58,129,145,32,102,103,26,95,96,65,144,134,26,78,105,74,162,126,928,32
66,86,86,69,70,62,78,52,77,163,143,76,162,162,110,179,196,68,138,137,74,136,144,58,136,120,41,93,119,1073,32
126,68,104,45,86,99,66,69,35,103,161,58,162,126,152,197,256,102,188,147,177,276,263,47,113,146,105,174,171,1339,32
94,51,52,53,87,80,36,99,178,229,272,154,206,205,144,197,196,177,264,230,110,190,197,90,126,170,49,148,85,1454,32
66,79,94,78,62,53,78,105,195,274,261,127,221,206,76,154,170,119,181,197,142,195,204,118,196,171,111,216,189,1503,32
100,97,104,88,110,93,78,96,204,301,304,201,305,298,212,300,316,162,272,250,60,153,170,144,222,237,135,231,213,1884,32
67,78,96,96,79,86,77,11,68,146,135,109,205,187,126,222,222,119,198,215,82,168,161,93,170,179,127,138,204,1314,32
41,53,61,77,84,70,70,69,170,223,211,143,204,196,128,205,189,119,203,196,128,198,212,136,206,206,143,212,213,1492,32
58,46,137,61,79,61,105,36,144,190,202,168,305,214,42,103,179,127,206,188,117,178,196,75,180,136,83,119,188,1339,32
58,84,61,61,69,59,59,42,135,219,193,121,182,205,144,205,205,126,195,187,129,188,198,129,188,188,155,197,214,1432,32
41,87,83,111,118,109,77,75,148,235,189,116,199,203,100,211,183,90,208,201,329,438,447,403,480,512,425,500,502,2312,33
93,109,99,122,129,130,129,133,101,210,194,92,191,201,82,204,181,93,222,215,64,194,193,93,222,223,139,272,268,1608,33
86,108,112,109,192,76,119,81,215,323,301,171,283,279,185,294,297,150,342,259,200,276,392,470,589,546,1720,1801,1839,3994,33
81,130,109,124,119,121,128,142,96,226,177,82,191,212,74,198,183,89,208,213,95,216,214,294,422,415,299,441,427,1983,33
94,97,112,109,131,133,173,152,102,199,196,104,216,201,93,202,205,60,191,169,72,205,203,70,243,203,107,259,280,1609,33
104,111,109,57,120,96,142,87,134,245,238,143,252,254,287,344,396,286,406,343,257,353,377,234,376,330,296,383,438,2463,33
114,128,109,108,120,153,98,142,135,263,249,82,191,210,73,181,182,318,438,426,396,549,516,325,423,478,357,499,455,2658,33
127,132,132,142,120,129,130,129,179,311,306,178,310,310,306,448,438,356,476,498,382,511,502,286,416,415,693,822,823,3421,33
86,108,109,100,89,110,140,108,93,201,179,105,214,213,94,194,203,145,234,245,83,193,172,306,446,416,170,278,310,1846,33
83,118,112,119,132,119,109,109,316,434,399,160,272,278,113,232,225,147,279,266,124,243,256,337,446,456,232,341,341,2330,33
87,111,131,99,87,107,138,106,128,239,215,29,160,140,70,169,201,50,137,149,105,212,192,85,223,192,86,192,224,1419,33
81,132,8,99,118,131,110,18,254,386,335,274,282,406,513,612,521,211,329,310,212,343,330,356,466,487,331,349,441,2848,33
92,141,24,131,109,99,120,121,122,263,214,254,278,395,560,691,584,377,486,508,210,309,319,201,321,300,230,351,350,2791,33
133,87,127,107,132,98,164,87,290,377,423,529,656,616,359,466,486,338,470,445,465,563,597,447,611,545,425,512,589,3788,33
115,88,117,88,86,107,87,97,38,126,153,30,147,118,63,151,180,231,317,319,53,160,139,394,481,501,168,265,255,1762,33
96,87,97,96,107,97,89,142,119,206,215,103,200,190,130,226,227,104,211,200,107,204,214,147,236,244,315,457,404,1836,33
142,131,131,109,119,108,142,118,250,381,392,222,353,353,256,365,387,397,516,506,267,375,386,600,742,708,766,884,908,3758,33
95,131,119,83,119,129,130,158,166,297,261,264,383,395,752,835,871,447,566,530,352,481,471,1050,1180,1179,374,532,504,4369,33
76,107,130,120,87,87,98,118,168,275,244,159,289,266,306,426,436,179,266,299,328,415,415,378,476,465,305,423,403,2646,33
88,107,88,65,120,85,106,109,591,698,679,435,523,542,286,351,374,179,299,244,395,480,515,1841,1947,1926,445,554,551,4940,33
109,110,142,79,118,119,139,151,230,340,339,211,353,321,506,585,648,2069,2187,2148,522,641,640,468,607,587,191,342,330,5164,33
94,101,120,109,109,140,99,107,98,199,192,100,220,201,97,206,217,123,232,232,128,268,237,93,192,233,94,201,193,1612,33
88,97,109,133,129,130,163,129,111,208,199,92,201,189,408,541,517,146,275,279,82,212,211,169,332,299,315,444,478,2301,33
104,120,118,129,143,150,150,162,566,686,670,91,209,211,71,200,189,268,411,397,124,274,267,84,234,234,150,312,300,2430,33
107,126,141,131,151,148,140,174,117,243,224,65,206,191,41,172,182,81,232,212,76,224,227,148,288,296,317,491,457,1963,33
119,110,108,108,97,140,172,172,183,293,302,277,385,387,383,491,491,672,769,780,192,332,289,135,307,275,159,331,331,3027,33
83,100,90,129,120,142,110,52,133,233,216,102,192,202,136,265,226,356,476,485,397,539,517,345,455,487,150,202,260,2445,33
79,130,136,118,98,56,76,128,185,315,264,104,240,234,78,196,214,340,438,458,148,204,246,242,318,298,326,454,402,2244,33
118,132,119,99,142,13,9,115,2420,2552,2538,295,414,427,287,386,406,286,428,385,402,415,544,619,628,632,807,922,816,5863,33
105,154,108,67,109,142,109,109,207,361,312,326,434,480,457,524,565,307,416,374,316,458,425,265,374,407,256,365,365,3037,33
124,87,82,99,50,96,64,87,5,92,129,22,104,109,40,139,122,7,57,106,89,185,139,3,67,99,59,146,123,914,34
80,88,84,112,87,97,99,88,28,116,108,2,86,90,38,150,122,4,91,116,20,117,107,19,118,116,17,105,116,863,34
77,85,85,40,70,18,53,42,8,93,85,34,119,119,5,45,90,71,141,111,45,63,115,79,132,97,30,72,83,742,34
97,87,107,101,93,94,93,95,4,91,101,12,119,99,2,103,109,4,97,105,1,95,94,3,96,97,31,126,124,824,34
93,108,32,86,43,76,41,66,46,154,139,2,34,110,63,149,95,20,63,106,72,148,115,22,63,98,73,139,114,843,34
79,98,78,83,23,8,8,8,30,128,109,2,80,100,54,137,132,26,49,109,81,89,104,88,96,96,85,93,93,751,34
73,82,31,46,19,65,80,113,83,165,156,17,48,99,70,116,101,47,66,93,81,146,100,5,85,70,18,131,98,830,34
111,89,72,79,90,103,67,117,80,169,191,2,74,91,40,119,112,6,96,85,26,129,116,3,70,106,48,165,115,933,34
81,82,78,102,99,108,78,42,2,84,83,50,128,132,3,105,81,7,106,109,27,135,126,116,194,224,19,61,97,894,34
103,89,82,109,89,100,81,91,24,113,127,2,84,91,31,140,113,3,92,112,30,130,119,3,84,103,49,140,130,886,34
97,69,79,28,122,97,113,80,141,210,238,83,162,152,33,61,112,145,267,173,6,103,128,14,127,111,3,83,116,1110,34
91,67,88,46,5,42,10,55,36,103,127,3,91,70,55,101,143,46,51,92,96,138,101,47,57,89,67,122,77,754,34
105,112,74,113,78,97,71,76,28,140,133,6,80,118,6,119,80,4,82,117,1,98,79,107,178,204,49,125,120,927,34
138,101,68,109,50,59,11,46,28,129,166,3,71,104,27,136,95,3,53,112,83,142,133,52,63,111,92,138,103,870,34
86,40,109,39,56,21,45,10,149,189,235,62,171,102,2,41,111,93,149,132,51,72,107,95,140,116,55,65,100,913,34
91,77,85,54,26,120,67,48,51,128,142,4,89,81,56,110,141,37,63,91,90,210,116,104,171,224,23,71,90,933,34
120,88,80,94,86,71,40,83,11,99,131,6,86,94,34,128,114,3,89,97,40,111,126,16,56,87,94,177,134,866,34
11,14,6,7,23,48,87,70,82,96,93,112,118,126,88,95,94,203,226,210,178,226,201,49,136,97,3,73,90,981,34
34,21,75,118,91,120,80,100,11,32,45,94,169,115,103,221,178,6,97,124,18,138,109,6,86,126,26,126,106,903,34
120,92,71,119,51,90,19,39,4,96,124,23,94,115,18,137,89,4,55,123,50,140,101,31,50,121,110,149,129,841,34
71,80,100,73,100,100,42,56,3,83,74,12,112,92,29,102,129,4,104,77,15,115,115,6,48,106,46,102,88,737,34
100,94,100,94,94,122,123,67,5,99,105,2,102,96,4,98,104,3,97,97,16,138,110,88,211,210,4,71,127,916,34
110,110,60,81,40,35,49,19,28,138,138,3,63,113,51,132,111,30,70,111,174,209,214,108,157,143,55,74,104,953,34
35,34,55,78,81,83,103,84,44,78,79,84,139,118,3,81,58,37,118,115,3,86,84,15,118,98,5,89,108,744,34
102,78,103,75,90,101,89,90,4,82,106,17,120,95,18,93,121,15,105,90,17,118,107,4,93,105,28,118,117,831,34
108,86,83,102,93,96,88,92,4,90,112,13,96,99,2,104,85,9,102,111,5,101,98,7,95,103,28,120,116,816,34
98,103,29,67,7,11,49,54,23,126,121,25,54,128,52,119,81,49,56,116,91,102,98,50,99,61,91,145,140,799,34
61,13,52,59,46,48,88,68,34,47,95,86,138,99,15,74,67,103,149,162,24,72,70,52,140,100,5,73,93,754,34
111,109,54,81,94,76,78,70,26,135,137,9,63,118,62,143,116,2,96,83,56,132,150,2,80,78,86,156,164,916,34
87,66,130,67,101,90,65,97,4,70,91,15,145,81,6,73,136,2,103,69,3,93,104,4,69,94,39,136,104,776,34
61,75,67,83,58,90,50,74,529,604,590,494,561,569,583,666,650,576,634,659,617,707,675,494,544,584,493,567,543,4344,35
84,51,58,58,66,50,50,59,457,508,541,510,568,561,443,501,501,502,568,560,691,741,757,559,609,609,526,585,576,4164,35
57,82,66,82,66,73,66,92,460,542,517,543,609,625,461,543,527,683,749,765,535,608,601,552,618,625,436,528,502,4254,35
91,68,158,83,49,92,100,99,509,577,600,467,625,535,551,634,709,469,518,552,428,520,477,402,502,494,617,716,717,4183,35
58,51,115,67,70,91,49,99,387,438,445,460,575,511,394,461,509,530,600,597,1779,1870,1849,559,608,650,2708,2807,2757,7417,35
103,83,35,83,49,58,74,82,1286,1369,1389,394,429,477,558,641,593,501,550,584,527,585,576,444,518,502,469,551,543,4746,35
123,82,92,67,76,66,75,103,658,740,781,502,594,584,452,519,544,682,758,749,477,543,553,509,584,575,509,612,584,4473,35
104,87,67,42,99,50,83,82,404,491,508,679,746,766,369,411,436,526,625,568,460,510,559,584,667,634,535,617,618,4171,35
98,123,51,100,100,101,92,82,485,608,583,633,684,756,831,931,882,632,732,732,468,569,568,599,691,700,649,731,741,5044,35
65,76,66,74,83,83,108,92,500,576,565,575,641,651,511,585,577,608,691,682,386,469,469,509,617,592,296,388,404,4032,35
106,125,124,99,117,83,124,108,395,520,501,352,476,477,354,453,478,370,487,469,361,444,478,337,461,420,263,371,387,3318,35
79,66,109,99,66,116,157,132,361,427,440,716,825,782,336,435,445,618,684,717,568,684,634,765,922,881,691,823,848,4879,35
110,92,92,149,50,84,82,67,571,663,681,658,750,750,1093,1242,1185,477,527,626,418,502,468,337,419,421,560,627,642,4840,35
56,58,75,41,75,58,84,66,435,493,491,476,551,534,519,560,594,526,601,567,436,494,511,551,635,609,698,764,782,4154,35
107,83,116,92,58,43,124,108,377,460,484,436,552,519,461,553,577,517,575,609,468,511,526,435,559,478,460,568,584,3885,35
94,68,82,149,74,91,115,74,290,358,384,304,386,372,395,544,477,338,412,487,321,412,395,346,461,437,502,576,617,3243,35
61,59,99,50,91,84,75,42,480,539,541,551,650,610,510,560,609,724,815,774,542,626,633,657,732,741,485,527,560,4510,35
82,91,100,75,61,115,92,75,328,419,410,478,578,569,427,502,527,468,529,543,368,483,429,313,405,428,361,436,453,3434,35
74,51,34,59,9,58,67,84,450,501,524,518,552,569,477,536,511,566,575,625,387,445,396,428,495,486,376,460,443,3638,35
66,75,58,91,74,50,66,58,401,476,467,534,592,609,436,527,494,576,650,667,510,560,584,575,641,625,478,536,544,4048,35
49,74,51,123,99,68,149,132,337,411,386,388,439,462,263,386,314,329,428,452,279,347,378,295,444,363,280,412,429,2916,35
117,140,134,75,124,109,84,66,202,342,319,272,406,412,394,469,528,1053,1177,1128,362,471,486,566,650,675,1020,1086,1104,4718,35
65,116,66,75,59,66,99,83,310,426,375,257,323,373,370,445,436,394,453,469,345,411,404,329,428,395,370,453,469,3004,35
117,66,108,99,60,67,140,91,433,499,550,403,511,469,452,551,560,461,521,560,466,533,526,510,650,577,469,560,609,3942,35
87,66,117,117,91,67,132,82,268,334,355,304,421,370,336,453,453,320,411,437,345,412,436,345,477,412,354,436,486,3031,35
84,91,58,11,50,58,58,66,330,421,414,478,536,569,492,503,550,443,493,454,493,551,543,387,445,445,477,543,535,3576,35
83,50,91,99,50,99,75,99,524,574,607,362,453,412,370,469,461,470,520,569,494,593,544,329,404,428,395,494,470,3590,35
58,75,74,42,91,99,83,76,393,468,451,428,502,503,486,528,560,419,510,461,321,420,412,3467,3550,3566,320,396,403,6432,35
61,33,43,58,42,58,74,66,479,512,540,576,619,609,509,567,552,526,568,584,551,609,593,510,584,568,527,593,601,4113,35
80,99,132,140,84,75,108,142,239,338,319,297,429,396,288,428,420,362,446,502,303,378,387,338,446,413,5238,5380,5346,7925,35
63,48,80,71,43,85,74,66,130,178,193,135,215,183,113,184,193,145,188,216,115,200,158,110,184,195,117,183,191,1395,36
46,55,33,55,65,53,85,77,136,191,182,126,159,181,121,176,154,91,156,146,526,579,591,111,196,164,86,163,171,1666,36
74,94,71,55,43,61,43,38,98,192,172,88,159,182,458,513,529,120,163,175,122,183,165,127,170,188,147,185,190,1639,36
94,103,79,85,100,111,131,96,78,181,172,98,177,201,99,184,178,105,205,190,101,212,201,54,185,165,62,158,193,1396,36
77,56,50,41,45,29,46,50,130,186,207,124,174,180,137,178,187,134,179,175,160,189,205,117,163,146,111,161,157,1307,36
59,90,101,120,97,106,111,93,141,231,200,81,182,171,93,213,194,70,167,190,105,211,202,60,171,166,101,194,212,1428,36
105,99,58,92,116,144,106,83,57,156,162,102,160,201,3412,3504,3470,148,264,240,209,353,325,400,506,544,111,194,217,5242,36
103,105,93,93,86,46,98,145,68,173,171,100,193,205,111,204,204,81,167,174,489,535,575,46,144,92,20,165,118,1684,36
34,113,113,76,105,115,102,86,148,261,182,88,201,201,66,142,179,126,231,202,77,192,182,84,186,199,90,176,192,1423,36
76,138,120,110,95,98,85,76,88,226,164,70,190,208,87,197,207,72,167,182,102,200,197,87,172,185,87,163,172,1391,36
132,104,111,93,86,97,96,96,31,135,163,30,141,134,23,116,134,40,126,133,38,135,124,2,98,99,48,144,144,1027,36
84,79,87,41,96,72,90,45,88,167,172,98,185,177,96,137,183,2159,2255,2200,95,167,191,101,191,173,106,151,196,3337,36
162,119,137,95,120,42,112,120,3,122,165,20,157,139,239,334,376,65,185,160,107,149,227,14,126,56,79,199,191,1434,36
96,61,57,67,84,156,116,124,374,435,470,125,182,186,420,487,477,108,192,175,259,415,343,210,326,366,126,250,242,2383,36
93,112,82,96,93,84,124,70,102,214,195,88,170,200,132,228,214,110,203,206,125,209,218,108,232,192,123,193,247,1542,36
104,115,94,110,119,119,121,112,82,197,186,116,210,231,144,254,238,313,432,423,100,219,219,63,184,182,53,165,174,1765,36
119,84,102,76,77,76,85,75,78,162,197,107,209,191,84,160,186,105,182,181,109,185,186,118,203,194,97,172,182,1392,36
147,113,95,88,68,130,121,117,36,149,183,46,141,159,40,128,135,47,115,135,31,161,99,3,124,133,3,120,124,1085,36
98,128,85,92,76,94,45,97,58,186,156,6,91,134,48,140,133,25,101,117,58,152,134,38,83,132,64,161,109,1012,36
98,106,58,85,161,101,91,115,76,182,174,84,142,190,104,189,162,473,634,558,107,208,268,118,209,219,100,215,191,1877,36
115,142,129,101,91,89,123,284,70,212,185,66,195,208,65,166,194,119,210,220,90,179,181,215,338,304,75,359,198,1774,36
108,92,75,81,68,78,71,76,113,205,221,125,200,217,120,201,195,125,193,206,126,204,194,111,182,189,106,182,177,1475,36
97,97,85,100,33,91,84,103,102,199,199,145,230,242,117,217,202,139,172,239,160,251,193,134,218,225,117,220,201,1604,36
114,87,100,105,91,94,105,92,124,211,238,159,259,246,123,228,223,142,233,247,108,202,199,134,239,228,549,641,654,2127,36
138,108,125,58,95,87,140,357,292,400,430,137,262,245,89,147,214,267,362,325,123,210,218,131,271,218,67,424,207,2214,36
117,108,118,133,111,120,105,95,325,433,442,120,238,228,88,221,206,85,196,218,80,200,191,114,219,234,96,191,201,1815,36
105,99,85,64,101,69,93,114,369,468,474,93,178,192,325,389,410,85,186,149,124,193,225,82,175,151,55,169,148,1863,36
231,108,87,129,57,70,123,121,292,400,523,30,117,138,357,486,444,315,372,444,100,170,157,144,267,214,56,177,179,2220,36
146,94,105,91,137,91,102,135,18,112,164,31,136,125,37,128,142,3,140,94,22,113,159,32,134,123,14,149,116,1058,36
152,101,100,147,136,118,128,132,136,237,288,115,215,216,152,299,252,138,274,285,132,250,268,116,244,234,98,230,226,1901,36
126,123,132,132,155,149,139,150,116,239,242,88,220,211,79,211,211,98,253,230,91,240,246,98,237,247,100,250,239,1776,37
62,50,75,75,78,104,106,51,145,195,207,105,180,155,91,166,166,87,165,162,96,200,174,98,204,202,68,119,174,1291,37
95,88,92,99,72,68,4,41,2,90,97,9,101,97,22,121,114,2,74,101,49,117,121,52,56,120,97,138,101,792,37
180,130,95,188,135,229,130,14,125,255,305,107,202,237,97,285,192,1,136,189,35,264,170,2,132,231,98,112,228,1566,37
111,114,80,60,22,62,15,82,15,129,126,1,81,115,69,129,149,44,66,104,67,129,89,66,81,128,59,141,74,867,37
110,113,113,113,95,103,84,114,115,228,225,107,220,220,88,201,201,125,220,238,106,209,201,135,219,238,145,259,229,1666,37
100,76,50,70,79,95,73,68,89,165,189,106,156,182,124,194,174,114,193,184,94,189,173,99,172,194,99,167,172,1336,37
128,122,104,112,95,118,102,98,117,239,245,116,220,238,106,218,210,116,211,228,144,262,239,119,221,237,117,215,219,1714,37
101,110,87,95,104,50,107,58,145,255,246,146,233,256,159,254,246,143,247,238,153,203,257,177,284,227,149,207,256,1784,37
90,83,78,84,74,93,83,103,119,202,209,118,196,201,95,179,173,109,183,193,118,211,192,108,191,201,101,204,184,1456,37
1102,148,139,158,174,185,185,185,74,222,1176,90,229,238,100,258,239,62,236,220,100,285,274,71,256,256,117,302,302,2890,37
89,113,53,20,77,84,121,102,64,177,153,1,54,114,119,139,172,24,101,44,25,109,102,7,128,91,26,128,147,925,37
83,85,112,93,75,68,66,77,114,199,197,71,183,156,99,192,211,98,173,191,107,175,182,107,173,175,89,166,155,1344,37
34,4,90,87,21,58,52,80,107,111,141,25,115,29,20,107,110,76,97,163,73,131,94,49,101,107,32,112,84,808,37
81,42,96,70,85,61,95,85,180,222,261,113,209,155,133,203,229,104,189,174,107,168,192,112,207,173,97,182,192,1461,37
92,86,95,86,69,94,78,83,90,176,182,135,230,221,96,182,191,115,184,201,105,199,174,117,195,211,115,198,193,1456,37
83,76,58,85,150,149,134,97,97,173,180,106,164,182,89,174,147,134,284,219,107,256,257,7,141,156,1,98,135,1373,37
71,84,93,76,72,119,77,95,127,211,198,99,192,183,101,177,194,125,197,201,65,184,137,92,169,211,97,192,174,1393,37
35,112,134,120,61,104,114,122,2321,2433,2356,89,223,201,323,443,457,146,207,266,112,216,173,124,238,228,161,283,275,4078,37
136,129,125,131,132,131,145,141,82,211,218,81,206,210,96,227,221,88,220,219,89,220,221,88,233,219,65,206,210,1659,37
109,108,105,113,105,112,113,123,116,224,225,93,198,201,96,209,201,88,193,201,97,209,202,89,202,201,97,220,210,1564,37
45,11,74,128,71,70,4,59,79,90,124,55,129,66,2,130,76,2,73,130,42,112,113,59,63,129,79,138,83,780,37
91,81,57,86,92,95,69,49,128,209,219,118,175,199,126,212,183,107,199,193,110,205,202,125,194,220,142,191,211,1476,37
107,103,132,74,122,122,86,122,117,220,224,80,212,183,116,190,248,793,915,867,591,713,713,1697,1783,1819,271,393,357,4533,37
148,87,83,86,85,105,123,121,104,191,252,123,206,210,84,170,167,106,191,192,116,221,201,105,228,210,70,191,193,1546,37
100,67,57,74,97,94,76,68,125,192,225,125,182,192,135,209,192,457,554,531,86,180,183,108,184,202,107,175,183,1776,37
88,76,86,67,67,59,65,77,123,199,211,122,208,198,124,191,210,116,183,183,116,175,183,108,173,167,96,173,161,1390,37
73,68,77,87,77,94,68,78,96,164,169,88,165,156,88,175,165,78,155,165,124,218,201,116,184,210,97,175,165,1309,37
75,86,95,67,86,104,81,85,104,190,179,70,165,156,115,182,210,108,194,175,96,200,182,125,206,229,120,205,201,1417,37
88,67,77,78,113,106,94,89,125,192,213,107,184,174,105,183,182,96,209,174,98,204,211,378,472,484,30248,30337,30342,31869,37
86,44,59,59,76,52,59,64,121,165,207,130,189,174,114,173,173,115,191,174,110,162,186,123,182,175,98,162,157,1310,38
67,62,78,80,74,58,72,88,329,391,396,355,433,417,296,376,374,368,442,448,375,433,449,529,601,587,378,466,450,3209,38
83,88,91,70,76,74,74,95,356,444,439,274,365,362,299,369,390,334,410,404,297,371,373,386,460,460,402,497,476,2999,38
60,81,76,80,95,76,90,73,126,207,186,111,187,192,81,161,157,94,189,174,135,211,230,288,378,364,97,170,187,1563,38
67,59,61,75,63,61,60,57,156,215,223,125,186,184,141,216,202,116,179,191,123,184,186,113,173,174,128,185,188,1405,38
113,75,79,87,59,59,70,86,411,486,524,271,350,346,699,786,778,345,404,432,276,335,335,315,385,374,320,406,390,3265,38
73,25,5,75,75,4,77,106,128,153,201,66,71,91,123,198,128,375,450,450,215,219,290,110,187,114,67,173,144,1524,38
78,75,63,99,78,77,74,72,100,175,178,127,190,202,92,191,155,76,154,175,111,188,189,113,187,190,100,172,174,1335,38
81,58,74,88,87,74,87,85,328,386,409,359,433,417,304,392,378,418,505,506,358,432,445,431,518,505,362,447,449,3194,38
78,93,27,93,96,76,59,78,116,209,194,121,148,214,133,226,160,121,217,214,110,186,206,140,199,216,130,208,189,1471,38
68,91,62,57,77,78,60,83,111,202,179,100,162,191,112,169,174,115,192,172,97,175,174,137,197,215,112,195,172,1360,38
69,76,77,43,75,94,59,59,97,173,166,95,172,171,113,156,190,103,178,146,53,147,128,113,172,207,129,188,188,1255,38
74,77,76,97,70,72,103,85,596,673,670,313,389,390,284,381,360,368,438,465,319,391,389,377,480,449,298,383,401,3209,38
76,92,60,72,73,64,83,75,676,768,752,658,718,750,345,417,405,359,432,431,405,469,478,354,437,418,405,480,488,3797,38
97,78,77,75,74,85,75,62,155,233,252,616,693,694,139,214,216,631,705,706,116,201,190,635,710,720,124,186,199,3039,38
94,64,63,75,75,60,51,76,129,193,223,124,187,188,125,200,188,85,160,160,98,158,173,113,164,173,79,155,130,1311,38
84,86,76,70,76,72,59,74,805,891,889,361,437,447,343,413,419,331,407,401,315,387,391,486,545,558,549,623,608,3787,38
77,61,91,75,104,78,85,64,145,206,222,470,561,531,130,205,221,4081,4185,4156,142,220,246,818,903,896,157,221,242,6578,38
67,75,80,61,86,76,75,85,273,348,340,255,335,330,282,343,362,331,417,392,329,405,415,298,373,374,230,315,305,2603,38
67,71,60,77,69,77,89,90,1813,1884,1880,416,476,487,331,408,391,315,384,392,331,408,400,328,417,405,303,393,392,4437,38
77,71,93,70,76,73,77,83,345,416,422,334,427,405,413,483,506,333,409,403,330,403,406,328,405,401,355,438,432,3058,38
110,86,77,73,104,93,76,77,288,374,398,374,451,460,253,326,330,331,435,404,242,335,346,674,750,767,367,444,443,3225,38
69,72,74,79,78,74,85,94,488,560,557,344,418,416,361,440,435,355,433,434,383,457,461,374,459,448,447,541,532,3377,38
80,80,76,94,71,91,73,61,397,477,477,167,243,247,153,247,229,171,242,265,172,263,243,199,272,290,1033,1094,1106,2918,38
110,60,74,78,58,62,79,61,413,473,523,216,290,276,142,220,216,170,228,248,170,232,228,138,217,200,126,187,205,1957,38
74,69,68,95,63,90,87,92,464,533,538,206,274,275,130,225,198,181,244,276,182,272,245,156,243,246,130,222,217,2087,38
85,73,73,78,72,60,93,80,874,947,959,650,723,723,241,319,314,381,453,459,366,426,438,314,407,374,553,633,646,3993,38
76,74,118,76,87,79,58,79,203,277,279,702,820,776,329,405,447,273,360,349,287,366,374,341,399,420,312,391,370,3094,38
31,5,9,5,23,77,58,209,59,64,90,100,109,105,70,75,79,99,122,104,167,244,190,95,153,172,246,455,304,1253,38
82,75,106,77,78,58,88,76,462,537,544,3089,3195,3164,299,376,405,341,419,418,327,385,405,620,708,678,343,419,431,6121,38
39,86,53,73,71,16,87,3,28,114,67,1,54,87,97,170,150,109,180,182,41,57,112,81,168,97,22,25,109,807,39
66,70,77,72,68,58,56,43,42,112,108,12,89,82,35,107,112,1,69,73,69,127,137,40,96,98,98,141,154,807,39
40,71,57,86,52,72,21,59,54,125,94,13,70,84,41,127,98,2,54,88,55,127,107,34,55,106,68,127,89,725,39
25,77,62,86,54,58,17,99,55,132,80,1,63,78,55,141,117,1,55,87,69,127,123,38,55,96,68,167,85,765,39
26,88,79,87,19,71,56,71,55,143,81,2,81,90,40,127,119,30,49,117,59,130,78,28,84,99,41,112,97,752,39
86,76,58,68,72,56,86,54,2,78,88,54,112,130,2,70,60,53,125,121,13,69,85,27,113,83,1,55,87,708,39
60,29,55,71,57,85,53,99,77,106,137,28,83,57,41,112,96,13,70,84,41,126,98,2,55,87,41,140,94,752,39
68,86,56,90,52,85,58,86,27,113,95,12,68,98,42,132,98,12,64,102,41,126,93,12,70,97,54,140,112,781,39
51,71,40,71,42,86,67,56,56,127,107,16,56,87,55,126,95,13,55,84,70,156,112,1,68,87,69,125,136,764,39
69,110,69,89,71,71,73,69,1,111,70,29,98,139,41,130,110,22,93,111,41,112,112,55,128,126,12,81,85,822,39
49,57,51,57,7,31,24,18,56,113,105,36,87,93,65,122,116,65,72,122,108,139,115,43,67,74,125,143,149,792,39
68,84,55,60,42,58,45,58,28,112,96,1,56,85,54,114,109,25,67,85,69,127,111,37,82,95,69,127,114,753,39
26,96,59,95,57,70,69,71,1,97,27,83,142,179,1,96,60,41,98,136,14,84,71,126,195,196,83,154,152,892,39
38,58,47,44,62,58,39,59,55,113,93,38,85,96,67,111,114,48,110,92,55,113,117,30,69,88,68,127,107,766,39
40,70,72,56,71,71,69,71,126,196,166,125,197,195,124,180,196,125,196,181,124,195,195,112,181,183,97,168,166,1353,39
71,3,43,26,57,57,57,71,36,39,107,83,126,86,29,55,72,97,154,123,26,83,83,41,98,98,27,98,84,724,39
40,72,42,10,73,13,86,27,83,155,123,139,181,211,45,55,87,83,156,93,40,53,113,83,169,96,1,28,87,837,39
80,87,54,88,22,74,4,98,38,125,118,1,55,88,54,142,108,31,53,119,40,114,62,37,41,111,109,207,113,817,39
71,29,41,30,6,89,100,85,192,221,263,1,42,30,111,141,152,49,55,79,97,186,103,91,191,180,12,97,112,1004,39
40,72,70,85,39,100,55,86,54,126,94,12,82,84,41,126,111,17,56,102,41,141,80,13,68,113,41,127,96,766,39
52,75,84,71,52,56,69,70,70,145,122,122,206,197,111,182,195,30,82,101,83,139,135,155,224,211,42,112,111,1142,39
10,12,72,60,75,74,65,71,27,39,37,83,155,95,13,73,85,37,112,97,37,111,112,1,66,75,56,127,121,693,39
23,46,21,85,71,62,72,67,278,324,301,46,67,92,111,196,132,41,112,126,12,74,83,50,122,112,1,68,73,986,39
82,79,58,85,57,72,58,70,1,80,83,41,99,120,12,97,70,40,97,125,56,128,113,52,110,124,13,83,71,776,39
54,85,61,57,44,100,57,86,41,126,95,13,74,98,36,93,97,27,71,84,40,140,84,25,82,125,13,99,70,739,39
38,64,29,99,57,119,44,70,19,83,57,70,99,134,12,111,41,40,97,139,41,160,98,77,121,196,12,82,56,791,39
53,57,43,70,61,85,55,86,41,98,94,55,98,112,41,111,84,28,89,98,36,121,97,14,69,99,69,155,124,794,39
23,73,60,72,45,86,36,86,55,128,78,1,61,74,48,120,108,23,68,95,55,141,100,19,55,105,55,141,91,737,39
27,78,100,39,71,13,85,39,787,865,814,46,146,124,1,40,101,84,155,123,42,55,113,69,154,82,2,41,87,1483,39
67,72,79,58,70,71,69,30,55,127,122,12,91,84,32,90,111,13,83,71,69,140,139,1,70,72,97,127,166,795,39
7,5,66,7,28,95,25,75,181,186,188,47,113,52,51,58,117,712,740,719,19,114,47,40,65,135,25,100,50,1383,40
91,145,92,67,43,19,117,113,101,246,192,59,151,204,432,499,524,142,185,209,94,113,137,139,256,158,76,189,193,1730,40
26,124,5,24,104,13,122,114,182,306,208,79,84,203,106,130,111,88,192,112,122,135,226,82,204,95,36,150,158,1227,40
114,116,106,95,35,60,133,43,75,191,189,36,142,152,149,244,255,139,174,234,60,120,95,120,253,180,121,164,254,1402,40
100,126,85,121,125,126,99,91,172,298,272,293,378,419,395,516,480,38,163,159,28,154,153,517,616,643,12,103,111,2328,40
91,173,155,53,74,115,43,114,57,230,148,118,273,291,126,179,281,78,152,131,67,182,141,210,253,325,223,337,266,1697,40
72,23,42,69,22,63,41,173,92,115,164,98,140,121,73,142,115,250,272,319,95,158,117,203,244,266,120,293,161,1436,40
7,34,6,32,14,4,52,12,126,160,133,54,60,88,18,50,24,29,43,61,34,38,48,40,92,44,1,13,53,463,40
88,84,63,8,22,94,19,138,356,440,444,130,193,214,41,49,104,113,135,121,262,356,284,232,251,326,595,733,614,2245,40
109,9,26,114,28,77,106,152,134,143,243,126,152,135,91,205,117,88,116,202,303,380,331,734,840,811,88,240,194,2185,40
107,175,89,95,110,154,83,78,50,225,157,1,90,176,174,269,263,140,250,235,244,398,354,121,204,275,112,190,195,1733,40
89,115,54,100,108,101,55,25,38,153,127,36,90,151,114,214,168,199,307,299,29,130,137,60,115,161,114,139,169,1237,40
96,109,82,71,53,2,98,85,136,245,232,122,204,231,122,193,204,110,163,181,79,81,132,126,224,128,121,206,219,1412,40
100,165,114,74,87,175,129,131,183,348,283,7,121,172,120,194,234,45,132,119,92,267,179,275,404,450,112,243,241,1809,40
90,98,72,133,126,112,106,50,161,259,251,85,157,183,45,178,117,22,148,155,10,122,136,14,120,126,114,164,220,1238,40
89,196,110,83,41,60,106,126,68,264,157,68,178,264,124,207,234,123,164,206,62,122,103,151,257,211,18,144,124,1425,40
88,129,34,11,95,23,30,80,429,558,517,94,128,223,98,109,132,163,258,174,227,250,322,157,187,180,191,271,221,1849,40
96,156,176,85,23,47,10,96,94,250,190,44,220,200,180,265,356,88,111,173,87,134,110,126,136,173,51,147,61,1359,40
9,35,7,5,36,2,3,42,66,101,75,11,18,46,60,65,67,13,49,18,67,69,103,42,45,44,86,128,89,484,40
21,12,10,3,73,11,1,42,104,116,125,25,35,37,59,62,69,7,80,10,1,12,74,47,48,58,50,92,51,466,40
66,195,113,83,22,41,11,130,599,794,665,40,153,235,70,153,183,89,111,172,175,216,197,79,90,120,436,566,447,2149,40
5,3,34,54,7,3,74,4,81,84,86,18,52,21,122,176,156,10,17,64,58,61,65,28,102,31,2,6,76,503,40
58,92,42,68,43,14,4,29,164,256,222,9,51,101,1,69,43,38,81,106,30,44,73,20,24,34,42,71,46,654,40
7,4,22,40,14,2,23,2,87,91,94,122,144,126,69,109,91,72,86,112,65,67,79,28,51,30,89,91,112,646,40
20,16,42,22,20,31,10,12,36,52,56,8,50,24,161,183,203,429,449,451,190,221,210,1428,1438,1459,128,140,138,2553,40
5,38,21,3,44,21,71,12,76,114,81,1,22,39,66,69,87,18,62,21,292,313,336,103,174,124,9,21,80,780,40
6,106,66,29,53,59,21,35,46,152,52,16,82,122,28,57,94,49,102,78,47,106,100,47,68,106,50,85,71,658,40
20,8,33,47,30,25,34,11,37,45,57,39,72,47,133,180,166,106,136,153,121,146,151,106,140,131,4242,4253,4276,4992,40
88,13,25,123,122,82,83,80,445,458,533,150,175,163,108,231,133,94,216,217,3631,3713,3753,173,256,255,89,169,172,5306,40
3,3,15,1,47,7,23,2,123,126,126,91,106,94,168,169,183,72,119,73,37,44,84,61,84,68,57,59,80,710,40
135,111,127,4,160,79,31,4,12,123,147,58,185,169,98,102,225,47,207,51,2,81,162,122,153,201,91,95,122,1081,41
80,126,35,73,106,77,110,128,133,259,213,98,133,224,49,122,84,79,185,152,99,176,205,78,188,155,44,172,154,1315,41
107,118,95,167,116,139,96,109,69,187,176,87,182,205,143,310,238,140,256,307,58,197,174,68,164,207,78,187,174,1590,41
133,126,116,99,16,130,133,126,49,175,182,27,143,153,69,168,185,106,122,205,56,186,72,2,135,132,18,144,151,1206,41
101,127,115,102,86,73,151,16,55,182,156,28,143,155,2,104,117,90,176,192,70,143,156,47,198,120,100,116,251,1163,41
109,118,131,87,137,139,96,86,56,174,165,67,198,185,74,161,205,78,215,165,181,320,318,615,711,754,86,172,182,2060,41
125,148,121,96,130,111,109,108,429,577,554,428,549,576,86,182,207,57,187,153,55,166,185,65,174,176,75,183,184,2143,41
101,78,86,18,20,5,102,46,57,135,158,27,113,105,94,112,180,90,110,108,123,128,143,58,160,63,102,148,204,1007,41
113,108,126,85,158,148,128,130,59,167,172,77,203,185,501,586,627,461,619,546,130,278,288,223,351,371,64,194,192,2511,41
95,86,105,161,137,293,118,108,100,186,195,79,184,165,91,252,196,65,202,226,67,360,204,79,197,372,67,175,185,1651,41
107,115,118,150,108,118,107,95,131,246,238,110,228,225,56,206,174,56,164,206,88,206,196,78,185,196,78,173,185,1515,41
77,114,44,150,119,129,129,307,72,186,149,13,57,127,139,289,183,117,236,267,65,194,184,66,195,195,46,353,175,1587,41
123,18,46,6,10,7,75,5,95,113,218,75,121,93,88,94,134,120,130,126,110,117,120,118,193,125,110,115,185,1006,41
93,148,118,99,21,76,3,23,37,185,130,46,164,194,48,147,166,68,89,167,59,135,80,69,72,145,79,102,82,987,41
130,15,36,4,74,23,6,77,86,101,216,67,103,82,111,115,147,58,132,62,104,127,178,76,82,99,35,112,41,902,41
92,94,118,98,97,106,96,117,715,809,807,58,176,152,77,175,195,87,184,185,68,174,165,101,197,207,68,185,164,1992,41
70,55,43,4,75,26,3,37,74,129,144,70,113,125,122,126,165,47,122,51,87,113,162,90,93,116,47,84,50,850,41
113,89,116,3,87,7,57,7,21,110,134,50,166,139,81,84,197,59,146,62,97,104,184,53,110,60,89,96,146,929,41
42,20,91,37,3,97,67,30,103,123,145,22,113,42,34,71,125,92,95,129,387,484,390,55,122,152,84,114,151,1164,41
101,187,146,84,13,46,6,21,1849,2036,1950,17,163,204,9,93,155,109,122,193,59,105,72,97,103,143,90,111,96,2834,41
70,51,67,4,43,25,100,73,89,140,159,58,125,109,100,104,167,78,121,82,120,145,163,2,102,27,19,92,119,899,41
190,115,139,5,96,5,78,9,29,144,219,46,185,161,110,115,249,15,111,20,109,114,205,37,115,42,96,105,174,1079,41
85,17,23,61,158,35,5,55,106,123,191,69,92,86,175,236,198,152,310,213,582,617,740,137,142,172,90,145,95,1750,41
51,4,24,57,106,49,20,109,109,113,160,120,144,124,85,142,109,28,134,85,98,147,204,114,134,163,35,144,55,1009,41
87,113,103,118,119,110,132,98,618,731,705,307,410,420,69,187,172,67,186,185,66,176,185,84,216,194,56,154,188,2147,41
58,4,86,43,4,56,5,56,102,106,160,66,152,70,110,153,196,90,94,133,48,104,52,98,103,154,77,133,82,903,41
86,64,57,15,54,4,102,80,28,92,114,77,134,141,86,101,143,90,144,105,121,125,175,10,112,14,27,107,129,901,41
128,128,14,31,102,88,98,28,58,186,186,108,122,236,410,441,424,151,253,182,117,205,219,112,210,200,53,81,151,1626,41
93,83,75,24,32,3,12,4,152,235,245,409,484,492,129,153,204,50,82,74,112,115,144,80,92,83,173,177,185,1431,41
68,107,125,134,161,86,48,56,460,567,528,347,472,454,442,576,567,88,249,222,232,318,393,83,131,169,57,113,105,2494,41
65,81,56,74,83,84,81,95,91,172,156,93,149,174,83,157,139,62,145,136,66,150,149,77,158,161,57,152,138,1148,42
90,70,14,15,13,30,8,101,94,164,184,39,53,109,76,91,90,72,85,87,65,95,78,56,64,86,78,179,86,821,42
75,70,12,94,37,33,15,9,82,152,157,41,53,111,38,132,50,1,38,95,141,174,178,12,27,45,65,74,80,725,42
125,27,14,91,11,18,79,10,2,29,127,269,283,296,3,94,17,2,13,93,53,71,64,11,90,29,78,88,157,793,42
14,21,13,91,14,14,106,9,356,377,370,54,67,75,3,94,16,15,29,106,64,78,78,3,109,17,2,11,108,779,42
79,25,86,36,89,13,20,21,118,143,197,312,398,337,72,108,158,1,90,37,2,15,91,173,193,186,2,23,22,1049,42
78,69,87,80,96,91,68,85,106,175,184,93,180,162,74,154,161,82,178,162,65,156,161,97,165,188,69,154,137,1240,42
84,82,97,107,82,81,82,70,117,199,201,83,180,165,50,157,147,67,149,174,79,160,161,93,175,174,92,162,174,1266,42
93,90,11,96,13,81,9,39,23,113,116,225,236,315,28,124,39,178,191,274,2,83,15,2,11,83,218,257,227,1108,42
102,38,18,58,22,22,7,29,241,279,343,86,104,124,48,106,66,230,252,288,249,271,271,62,69,84,105,134,112,1317,42
86,85,35,29,72,35,15,67,139,224,225,39,74,124,45,74,80,2,74,31,2,37,74,78,93,113,2,69,17,731,42
97,20,15,115,17,37,68,259,136,156,233,77,92,97,2,117,17,6,23,121,127,164,144,31,99,68,118,377,186,1125,42
91,108,19,14,34,30,16,10,104,212,195,104,123,212,64,78,83,78,112,92,258,288,292,18,34,48,74,84,90,1022,42
77,50,14,26,13,85,11,7,72,122,149,281,295,331,15,41,29,48,61,74,1,86,14,24,35,109,197,204,208,921,42
50,53,19,39,14,97,11,8,88,141,138,68,87,121,37,76,56,78,92,117,18,115,32,2,13,99,26,34,37,608,42
89,18,14,71,24,70,16,34,149,167,238,53,67,71,108,179,122,62,86,133,193,263,217,60,76,130,51,85,67,1012,42
58,41,73,69,78,98,85,14,109,150,167,130,203,171,83,152,156,2,80,71,3,101,81,2,87,100,14,28,99,859,42
102,14,15,33,120,73,86,81,3,17,105,120,135,134,2,35,17,140,260,173,29,102,149,76,162,149,15,96,101,909,42
61,96,100,26,53,57,13,67,69,165,130,2,102,98,340,366,440,45,98,71,23,80,76,76,89,133,52,119,65,1080,42
92,71,94,82,72,59,13,110,166,237,258,102,196,173,80,162,174,305,377,387,40,99,112,74,87,133,27,137,40,1387,42
78,79,56,13,28,13,93,66,107,186,185,95,151,174,236,249,292,79,107,92,65,78,93,57,150,70,93,159,186,1158,42
86,13,18,48,84,21,79,10,31,44,117,182,200,195,24,72,42,115,199,163,88,109,172,16,95,37,84,94,163,899,42
79,62,57,23,21,14,76,9,206,268,285,34,91,96,48,71,105,83,104,106,64,78,85,17,93,31,68,77,144,861,42
91,102,13,14,81,14,19,107,198,300,289,2,15,104,44,58,57,24,105,38,20,34,101,47,66,61,18,125,37,794,42
73,81,80,108,99,109,96,94,107,188,180,81,161,162,55,163,135,66,165,174,50,159,149,79,175,188,78,172,174,1256,42
70,15,74,33,97,16,61,12,174,189,244,211,285,226,86,119,160,17,114,50,2,18,99,166,227,182,2,14,63,1036,42
79,91,27,13,28,17,15,7,132,223,211,45,72,136,92,105,119,67,95,80,72,89,100,62,77,79,40,47,55,787,42
78,121,73,14,24,96,80,69,30,151,108,75,148,196,18,32,91,69,93,83,29,125,53,5,85,101,141,210,221,922,42
62,15,139,76,95,98,17,14,35,50,97,29,168,44,3,79,142,26,121,102,2,100,97,15,32,113,143,157,160,769,42
70,94,82,13,36,28,76,9,117,211,187,30,112,124,66,79,148,39,75,52,102,130,138,2,78,30,77,86,153,841,42
104,97,119,122,121,121,110,119,109,206,213,66,185,163,76,198,195,52,173,174,65,186,186,74,184,195,87,206,197,1442,43
116,108,66,104,98,85,127,96,372,480,488,652,718,760,262,366,328,183,281,287,275,360,373,138,265,223,120,216,247,2802,43
127,161,119,101,104,54,99,103,73,234,200,97,216,258,86,187,205,85,189,186,123,177,227,109,208,163,98,201,197,1539,43
115,89,118,117,137,109,104,123,114,203,229,96,214,185,56,173,174,79,216,196,78,187,215,100,204,209,89,212,193,1524,43
106,121,128,82,108,113,108,132,106,227,212,243,371,364,167,249,295,324,432,406,217,330,325,186,294,299,210,342,318,2351,43
122,123,132,128,123,86,132,98,90,213,212,72,204,195,76,204,208,129,252,257,164,250,287,95,227,181,199,297,331,1769,43
127,126,87,161,102,148,277,77,106,232,233,99,186,225,47,208,134,140,242,301,60,208,162,57,334,205,105,182,382,1719,43
122,121,204,135,96,108,107,129,119,240,241,140,344,261,248,383,452,323,419,458,182,290,278,159,266,267,243,372,350,2436,43
118,132,117,108,110,119,114,100,124,256,242,114,231,246,106,214,223,130,240,238,147,266,257,158,272,277,194,294,308,1891,43
112,121,141,99,108,76,58,109,91,212,203,64,205,185,86,185,227,74,182,173,78,154,186,182,240,258,114,223,172,1513,43
120,120,129,129,102,107,114,102,143,263,263,53,182,173,88,217,217,75,177,204,64,171,166,96,210,203,63,165,177,1505,43
105,102,119,110,143,152,116,74,113,215,218,91,210,193,97,207,216,44,187,154,42,194,185,280,396,432,90,164,206,1678,43
108,114,163,119,114,111,119,131,102,216,210,25,188,139,95,214,258,76,190,195,83,194,197,95,214,206,65,196,184,1520,43
154,108,151,148,129,132,155,124,29,137,183,87,238,195,34,182,185,27,156,175,55,187,184,42,197,174,62,186,217,1437,43
84,97,97,101,151,114,94,79,108,205,192,76,173,173,77,178,174,52,203,153,88,202,239,80,174,194,102,181,196,1400,43
129,117,123,120,116,124,149,130,146,263,275,139,262,256,166,286,289,292,408,412,358,482,474,192,341,316,211,341,360,2512,43
95,117,116,122,124,137,141,140,164,281,259,130,246,247,213,335,329,309,433,431,205,342,329,150,291,287,84,224,225,2247,43
93,104,110,112,116,48,77,86,111,215,204,78,188,182,64,176,174,93,209,205,110,158,226,149,226,197,116,202,193,1467,43
136,142,85,132,120,130,126,133,163,305,299,125,210,267,109,241,194,116,236,248,115,245,235,149,275,279,142,275,268,1923,43
117,140,103,108,110,109,102,117,99,239,216,99,202,239,90,198,193,89,199,197,75,184,185,122,224,231,296,413,398,1776,43
126,126,119,224,101,134,124,107,41,167,167,69,188,195,58,282,177,50,151,274,128,262,229,32,156,166,577,684,701,2016,43
126,130,109,99,115,124,102,120,87,217,213,108,217,238,84,183,193,66,181,165,70,194,185,81,183,205,83,203,185,1504,43
123,91,141,115,122,143,119,110,87,178,210,72,213,163,98,213,239,79,201,194,41,184,163,85,204,228,75,185,194,1501,43
84,114,124,119,110,107,121,116,318,432,402,101,225,215,380,499,504,108,218,227,86,193,196,76,197,183,54,170,175,2018,43
126,108,108,109,121,88,120,142,115,223,241,118,226,226,85,194,193,97,218,206,84,172,205,119,239,207,84,226,204,1624,43
163,136,137,119,128,133,121,142,146,282,309,326,463,462,148,267,285,128,256,247,97,230,225,115,236,248,135,277,256,2174,43
81,99,120,121,120,95,122,121,126,225,207,85,205,184,86,207,206,115,235,236,293,388,413,87,209,182,64,185,186,1735,43
95,136,97,110,119,126,108,140,103,239,198,111,208,247,64,174,161,264,383,374,114,240,233,81,189,207,86,226,194,1754,43
108,75,130,141,130,138,166,77,104,179,212,68,198,143,55,196,185,44,174,185,76,214,206,6,172,144,19,96,185,1337,43
107,122,97,113,136,125,123,135,106,228,213,95,192,217,66,179,163,402,538,515,50,175,186,60,183,185,62,197,185,1799,43
87,110,78,79,112,88,71,95,107,217,194,108,186,218,72,151,150,105,217,184,138,226,250,137,208,225,113,208,184,1500,44
75,87,45,88,104,45,70,104,124,211,199,105,150,192,130,218,175,87,191,175,121,166,225,130,200,175,80,184,150,1395,44
74,115,120,89,239,63,104,114,91,206,165,294,414,409,72,161,192,111,350,200,103,166,342,146,250,209,363,477,467,2098,44
69,99,109,97,88,71,110,88,158,257,227,110,219,209,107,204,216,86,174,183,171,242,259,96,206,167,116,204,226,1575,44
84,114,130,54,80,99,71,71,121,235,205,103,233,217,87,141,217,163,243,217,188,287,268,100,171,199,123,194,194,1588,44
103,78,103,137,105,85,54,85,141,219,244,122,225,200,131,268,234,139,244,276,171,256,276,164,218,249,380,465,434,1998,44
136,89,96,123,61,130,86,88,61,150,197,112,208,201,78,201,174,120,181,243,80,210,141,80,166,210,88,176,174,1428,44
94,78,57,129,105,62,113,80,122,200,216,125,182,203,148,277,205,97,202,226,146,208,251,104,217,166,113,193,226,1573,44
69,72,94,96,79,97,71,133,344,416,413,123,217,195,163,259,257,331,410,427,111,208,190,113,184,210,95,228,166,1991,44
116,113,95,121,96,130,86,129,100,213,216,71,166,184,105,226,200,104,200,225,172,302,268,270,356,400,157,286,243,1865,44
110,105,62,111,61,81,95,112,81,186,191,130,192,235,96,207,158,156,217,267,139,220,200,86,181,167,105,217,200,1530,44
115,113,68,105,86,96,103,97,93,206,208,97,165,210,105,210,173,398,484,503,71,167,157,356,459,452,87,184,190,1990,44
118,135,74,105,104,137,132,85,66,201,184,98,172,233,284,389,358,55,159,160,113,250,217,70,202,207,78,163,210,1654,44
68,70,103,104,115,79,91,59,137,207,205,148,251,218,130,234,233,54,169,158,127,206,242,646,737,725,94,153,185,2025,44
77,85,85,102,87,97,132,53,128,213,205,149,234,234,191,293,276,150,237,252,127,224,214,61,193,158,118,171,250,1642,44
118,112,86,63,50,79,82,80,91,203,209,97,183,209,122,185,208,96,146,159,334,413,384,261,343,340,52,132,134,1723,44
111,117,87,97,96,113,220,71,1360,1477,1471,114,201,231,87,184,174,213,309,310,271,384,367,112,332,225,122,193,342,3191,44
92,113,71,105,89,57,96,63,274,387,366,103,174,216,130,235,201,119,208,224,292,349,381,164,260,221,171,234,267,1939,44
102,95,173,87,95,119,44,46,116,211,218,147,320,242,10,97,183,172,267,259,223,342,318,139,183,258,356,402,400,1924,44
86,45,63,104,89,120,105,84,89,134,175,147,210,192,86,190,149,397,486,501,62,182,151,1808,1913,1928,103,187,208,3388,44
112,95,95,78,99,87,99,84,132,227,244,130,225,225,123,201,218,122,221,200,126,213,225,991,1090,1078,50,134,149,2423,44
130,132,70,47,84,103,39,106,54,186,184,85,155,217,130,177,200,130,214,177,89,192,173,331,370,434,94,200,133,1624,44
106,90,103,70,96,71,84,184,80,170,186,78,181,168,64,134,167,148,244,218,45,116,141,87,171,158,409,593,493,1715,44
101,86,86,79,45,44,97,75,81,167,182,98,184,184,72,151,158,105,150,184,123,167,168,96,193,140,132,207,229,1320,44
105,94,95,61,54,92,70,121,116,210,221,89,184,183,123,184,218,122,176,183,149,241,203,139,209,231,80,201,150,1510,44
136,126,113,127,104,54,87,70,91,217,227,64,177,190,114,241,227,73,177,200,180,234,284,137,224,191,113,183,200,1589,44
114,112,104,88,88,60,64,122,163,275,277,55,159,167,153,241,257,155,243,243,647,707,735,448,512,508,119,241,183,2492,44
75,119,79,98,80,97,113,105,65,184,140,89,168,208,80,178,159,68,148,166,86,183,166,113,226,210,54,159,167,1321,44
115,136,97,122,99,153,88,109,273,409,388,264,361,400,69,191,166,53,152,175,128,281,227,238,326,391,97,206,185,2041,44
118,103,69,120,213,119,96,92,141,244,259,98,167,201,198,318,267,629,842,749,56,175,269,106,202,225,79,171,175,2237,44
68,38,39,67,12,7,24,36,39,77,107,67,106,105,6,73,45,112,124,179,60,67,72,75,99,82,21,57,45,671,45
67,22,28,74,46,39,7,28,66,88,133,87,115,109,5,79,33,107,153,181,1,40,47,61,68,100,38,66,45,676,45
100,122,47,45,120,33,79,4,219,341,319,114,161,236,6,51,53,99,219,144,29,62,149,18,97,51,79,83,158,1114,45
42,41,4,30,35,73,47,45,57,98,99,64,68,105,54,84,58,31,66,61,41,114,76,110,157,183,2,47,49,676,45
17,283,112,438,107,419,119,125,82,365,99,65,177,348,42,480,154,40,147,478,47,466,154,46,165,465,43,168,162,1985,45
51,85,303,103,90,266,177,126,93,178,144,44,347,129,58,161,361,66,156,169,71,337,161,55,232,321,3,129,180,1591,45
97,25,5,66,32,26,54,46,43,68,140,60,65,85,28,94,33,78,110,144,32,58,64,60,114,86,11,57,65,663,45
44,49,12,47,8,13,44,30,6,55,50,47,59,96,45,92,57,74,82,121,53,66,61,112,156,125,4,34,48,588,45
64,100,91,394,77,251,139,77,44,144,108,56,147,156,47,441,138,131,208,525,83,334,160,38,177,289,346,423,485,1938,45
53,67,102,109,100,84,88,101,103,170,156,100,202,167,66,175,168,87,187,196,75,159,175,90,178,174,94,195,182,1319,45
84,168,100,145,79,152,104,135,243,411,327,67,167,235,207,352,307,153,232,298,114,266,193,142,246,294,89,224,193,1982,45
43,13,77,60,36,25,5,25,468,481,511,18,95,31,25,85,102,39,75,99,33,58,69,89,94,114,50,75,55,1006,45
82,103,98,91,100,102,114,128,74,177,156,64,162,167,60,151,158,69,169,160,54,156,154,56,170,158,34,162,148,1229,45
6,61,34,19,19,21,55,63,31,92,37,33,67,94,150,169,184,60,79,79,67,88,86,125,180,146,45,108,100,789,45
14,71,52,54,9,48,54,44,5,76,19,11,63,82,35,89,87,50,59,104,52,100,61,41,95,89,29,73,83,569,45
11,109,31,24,60,48,41,70,107,216,118,46,77,155,54,78,85,75,135,99,13,61,73,12,53,60,58,128,99,759,45
7,74,19,5,6,6,36,17,2,76,9,41,60,115,40,45,59,70,76,75,72,78,78,19,55,25,76,93,112,490,45
13,70,61,40,18,7,72,61,44,114,57,38,99,108,119,159,180,18,36,58,125,132,143,91,163,98,77,138,149,854,45
41,83,47,75,4,26,4,12,4,87,45,30,77,113,4,79,51,38,42,113,31,57,35,75,79,101,189,201,193,663,45
113,103,101,114,115,105,89,43,42,145,155,32,133,135,33,147,134,45,160,159,21,126,136,136,225,241,9,52,98,1101,45
7,4,61,36,11,26,53,46,1,5,8,24,85,28,22,58,83,59,70,95,41,67,52,39,92,65,49,95,102,479,45
79,10,101,25,343,90,38,36,14,24,93,157,258,167,67,92,168,33,376,58,81,171,424,18,56,108,101,137,139,1193,45
5,60,53,31,65,53,20,44,45,105,50,37,90,97,149,180,202,35,100,66,3,56,68,93,113,146,113,157,133,806,45
38,106,83,55,24,67,60,9,65,171,103,102,185,208,2,57,85,76,100,131,26,93,50,32,92,99,110,119,170,855,45
47,5,10,76,28,10,91,73,71,76,118,86,96,91,32,108,42,32,60,108,38,48,66,54,145,64,24,97,115,677,45
128,3,50,44,88,53,55,89,49,52,177,44,94,47,68,112,118,23,111,67,2,55,90,2,57,55,23,112,78,721,45
41,20,7,6,22,41,19,38,52,72,93,73,80,93,62,68,69,87,109,93,13,54,35,127,146,168,20,58,39,628,45
6,110,6,5,64,40,49,72,2,112,8,7,13,117,92,97,98,59,123,64,85,125,149,6,55,46,37,109,86,640,45
52,26,4,94,76,58,77,56,30,56,82,98,102,124,30,124,34,13,89,107,33,91,109,12,89,70,24,80,101,683,45
13,41,50,41,73,28,54,83,2,43,15,87,137,128,32,73,82,58,131,99,42,70,115,41,95,69,30,113,84,675,45
50,79,75,78,66,60,65,79,99,178,149,77,152,156,75,153,150,86,152,164,102,162,168,98,163,158,88,167,153,1177,46
87,111,113,97,81,106,95,83,121,232,208,125,238,236,119,216,232,157,238,254,149,255,230,153,248,259,146,229,241,1743,46
25,73,87,88,88,88,79,87,98,171,123,77,164,150,78,166,165,74,162,162,88,176,176,84,163,172,120,207,199,1234,46
50,74,90,92,85,53,84,82,136,210,186,140,230,214,138,230,228,128,213,220,155,208,240,133,217,186,115,197,199,1555,46
63,66,73,75,75,88,74,65,176,242,239,186,259,252,199,274,272,229,304,304,209,297,284,218,292,306,198,263,272,1994,46
19,74,75,75,89,98,96,75,211,285,230,185,260,259,220,295,295,205,294,280,200,298,289,238,334,336,233,308,329,2093,46
56,82,96,77,74,73,86,98,135,217,191,142,238,224,134,211,230,184,258,261,179,252,253,166,252,239,143,241,229,1725,46
39,77,74,85,64,73,86,76,153,230,192,167,241,244,185,270,259,219,283,304,234,307,298,175,261,248,188,264,274,1895,46
36,66,62,65,55,65,81,74,121,187,157,101,163,167,100,165,162,119,174,184,120,185,175,118,199,183,109,183,190,1292,46
40,72,76,85,67,54,76,75,177,249,217,228,304,300,199,284,275,129,196,214,708,762,775,167,243,221,120,195,196,2273,46
31,76,75,91,90,89,77,73,99,175,130,86,161,162,100,191,175,70,160,161,86,175,176,96,173,185,92,165,169,1231,46
76,94,87,47,96,100,87,51,165,259,241,129,216,223,172,219,259,132,228,179,133,233,229,129,216,229,212,263,299,1710,46
47,80,75,73,52,49,60,87,163,243,210,127,202,207,159,232,234,185,237,258,182,231,234,177,237,226,145,232,205,1661,46
72,96,77,87,120,100,98,72,135,231,207,108,185,204,122,209,199,120,240,207,86,186,206,120,218,220,122,194,220,1535,46
35,67,64,75,84,78,83,61,239,306,274,238,302,305,242,317,306,243,327,318,239,317,323,243,326,321,256,317,339,2247,46
80,110,88,85,83,67,81,88,121,231,201,106,194,216,133,218,221,157,240,242,163,230,246,147,228,214,99,187,180,1608,46
47,100,85,86,116,100,107,86,140,240,187,110,195,210,133,219,218,142,258,228,146,246,262,187,294,287,175,261,282,1760,46
60,68,74,75,66,87,74,76,120,188,180,119,193,187,135,210,209,129,195,204,132,219,198,131,205,218,120,196,194,1466,46
39,74,72,60,88,76,84,77,230,304,269,198,270,272,225,285,297,207,295,267,218,294,306,252,336,328,213,290,297,2113,46
38,76,77,58,83,75,62,66,165,241,203,152,229,228,211,269,288,256,339,314,286,361,369,471,533,546,99,165,161,2175,46
82,103,97,96,91,99,112,119,119,222,201,111,208,214,99,195,196,108,199,204,109,208,200,106,218,205,131,250,243,1582,46
5,122,139,123,132,122,121,87,31,153,36,111,250,233,43,166,182,95,227,218,20,142,152,143,264,265,61,148,182,1355,46
74,90,106,87,87,112,80,87,132,222,206,117,223,207,90,177,196,131,218,218,122,234,209,91,171,203,132,219,212,1538,46
31,85,72,87,87,87,88,80,145,230,176,167,239,252,196,283,268,196,283,283,230,317,317,197,285,284,140,220,228,1888,46
50,87,103,75,63,60,74,66,109,196,159,108,211,195,301,376,404,222,285,297,200,260,263,166,240,226,132,198,206,1816,46
128,146,121,122,122,117,129,141,192,338,320,218,339,364,116,238,237,41,163,163,121,238,243,133,262,250,111,252,240,1958,46
36,28,46,71,77,75,67,75,148,176,184,116,162,144,109,180,155,103,180,174,110,185,187,108,175,183,99,174,166,1268,46
71,74,67,64,85,76,65,52,100,174,171,99,166,173,109,173,176,109,194,173,101,177,186,119,184,195,125,177,190,1316,46
82,111,112,100,99,97,71,87,143,254,225,117,229,228,131,231,243,128,227,228,142,239,241,136,207,233,133,220,204,1689,46
53,74,67,65,76,62,86,91,110,184,163,108,175,182,122,187,189,118,194,183,124,186,200,121,207,183,77,168,163,1354,46
54,112,94,109,119,95,101,120,591,703,645,497,591,609,330,439,424,357,476,466,230,325,349,389,490,484,315,435,416,3513,47
92,112,112,111,106,110,118,106,270,382,362,245,357,357,224,335,336,110,216,221,168,278,274,215,333,325,315,421,433,2414,47
15,75,122,121,96,107,138,101,143,218,158,778,900,853,191,312,313,84,180,205,72,179,168,322,460,429,242,343,380,2607,47
42,83,154,121,131,121,138,107,142,225,184,215,369,298,61,182,215,109,240,230,47,168,178,224,362,345,118,225,256,1813,47
123,120,107,134,96,108,100,83,118,238,241,191,298,311,537,671,644,239,335,373,315,423,411,212,312,320,312,395,412,2795,47
63,121,109,95,121,147,109,136,164,285,227,191,300,312,227,322,336,144,265,239,144,291,265,80,189,227,191,327,300,2042,47
77,119,131,83,108,146,120,108,93,212,170,86,217,205,132,215,263,168,276,251,215,361,323,258,378,404,203,311,323,2047,47
99,83,120,119,119,132,132,112,135,218,234,97,217,180,132,251,252,168,287,287,248,380,367,240,372,372,350,462,482,2286,47
99,118,56,134,96,109,96,97,83,201,182,89,145,207,130,264,186,130,226,264,144,253,240,154,250,263,61,158,157,1596,47
92,118,139,87,81,72,95,113,165,283,257,217,356,335,295,382,434,265,346,352,292,364,373,559,654,631,281,394,376,2871,47
95,144,120,107,108,130,58,96,180,324,275,69,189,213,228,335,348,37,145,144,156,286,264,194,252,324,133,229,191,1855,47
82,94,107,86,96,84,69,73,391,485,473,158,265,252,214,300,321,203,299,289,300,384,396,545,614,629,337,410,406,2839,47
77,140,106,84,84,84,94,69,188,328,265,125,231,265,203,287,309,268,352,352,301,385,385,994,1088,1078,716,785,810,3533,47
62,97,96,97,84,87,122,124,128,225,190,190,286,287,229,326,325,365,449,462,358,445,442,291,413,378,277,401,399,2607,47
88,108,107,107,120,118,112,85,153,261,241,248,355,356,205,312,312,168,288,275,215,333,335,244,356,362,318,403,430,2396,47
99,96,83,107,112,84,109,111,110,206,209,446,529,542,350,457,433,426,538,533,714,798,826,525,634,609,431,542,540,3803,47
103,121,108,120,107,121,134,102,20,141,123,503,611,624,36,156,144,120,227,240,96,217,203,202,336,323,16,118,150,1909,47
69,120,118,120,108,120,107,121,93,213,162,132,250,252,157,277,275,310,418,430,298,418,406,416,523,536,476,597,583,2765,47
96,64,107,108,144,119,131,150,288,352,384,61,168,125,95,203,202,84,228,192,229,348,373,24,155,143,225,375,356,1925,47
63,93,43,112,120,72,100,84,627,720,690,160,203,253,225,337,268,155,275,267,107,179,227,244,344,316,240,324,340,2445,47
13,98,106,109,110,108,109,96,640,738,653,98,204,196,47,156,153,413,523,522,412,520,522,474,583,582,227,323,336,3060,47
122,108,121,80,98,121,118,156,94,202,216,108,229,216,27,107,148,117,215,197,23,144,121,61,179,182,74,230,192,1428,47
101,65,106,107,98,107,61,111,184,249,285,134,240,199,168,275,274,95,193,202,84,191,182,191,252,298,344,455,405,1956,47
88,95,110,84,111,96,95,107,118,213,206,244,354,339,223,307,333,285,396,369,428,524,539,320,415,416,331,438,426,2735,47
74,108,108,108,118,108,109,136,395,503,469,144,252,252,167,275,275,237,355,345,192,300,310,179,288,287,304,440,413,2487,47
76,108,134,120,119,120,73,88,141,249,217,59,193,167,10,130,144,486,605,606,205,325,324,23,96,143,304,392,377,2066,47
85,138,157,122,116,121,110,118,78,216,163,22,179,160,81,203,238,15,131,137,145,266,261,33,143,154,1,119,111,1342,47
75,79,107,108,107,132,132,96,134,213,209,120,227,199,60,168,167,233,340,341,108,240,215,122,254,254,130,226,262,1743,47
52,95,109,96,109,95,129,132,232,327,284,191,300,286,272,368,381,290,399,386,168,263,277,108,237,203,63,195,192,2141,47
118,106,133,109,107,99,97,94,186,292,304,120,253,226,11,120,144,192,299,301,227,326,334,21,118,120,216,310,313,1836,47
86,52,51,59,51,52,60,43,183,235,269,246,297,298,189,248,240,231,282,290,205,257,256,205,265,257,147,190,207,1860,48
63,91,68,82,59,68,59,60,174,265,237,290,358,381,147,229,215,258,317,340,214,282,273,329,388,397,148,208,207,2110,48
79,60,59,51,60,52,52,55,158,218,237,214,273,274,172,223,231,206,266,257,163,215,223,229,281,281,156,211,208,1766,48
65,59,51,74,52,60,59,42,206,265,271,218,269,277,169,243,220,224,276,298,197,257,249,188,247,248,165,207,224,1829,48
55,68,61,52,62,59,60,42,172,240,227,214,275,282,162,214,223,492,554,544,148,207,210,206,266,265,122,164,182,1975,48
87,76,68,84,77,85,77,76,124,200,211,205,273,281,139,223,207,214,291,298,187,272,264,229,306,314,155,231,232,1883,48
87,76,51,51,35,60,68,43,175,251,262,231,282,307,172,223,223,247,282,298,180,240,215,180,248,240,131,174,199,1787,48
69,68,90,68,69,68,76,51,158,226,227,206,296,274,133,201,223,263,332,331,155,223,224,155,231,223,123,174,199,1752,48
59,59,68,113,44,60,67,43,178,237,237,247,315,306,147,260,215,226,270,339,171,231,215,239,306,299,156,199,223,1877,48
58,78,76,61,60,35,65,35,172,250,230,170,246,248,155,216,231,212,272,273,214,249,274,221,286,256,126,161,191,1738,48
80,116,53,49,60,59,66,52,141,257,221,181,234,297,196,245,249,241,301,290,172,231,232,197,263,256,158,210,224,1821,48
77,74,52,60,35,35,51,52,146,220,223,179,231,253,147,207,199,213,248,273,180,215,215,180,231,215,123,175,174,1604,48
83,62,77,85,67,76,29,51,156,218,239,214,291,276,146,231,223,189,256,274,156,232,223,208,237,284,142,193,171,1741,48
85,34,76,43,43,35,34,43,193,227,278,263,339,297,172,215,248,213,256,256,214,249,257,197,231,232,156,199,190,1801,48
62,43,60,59,66,53,42,27,200,243,262,238,298,281,172,231,232,247,313,306,174,227,240,254,296,307,181,208,223,1878,48
66,43,59,51,59,42,51,43,184,227,250,172,231,215,164,215,223,197,256,248,165,207,224,214,265,256,156,199,207,1666,48
78,75,23,76,101,76,76,85,167,242,245,271,294,346,177,253,200,1404,1505,1480,272,348,373,1115,1191,1191,155,240,231,4151,48
78,68,59,68,59,59,52,61,143,211,221,209,268,277,135,203,194,214,273,282,157,216,216,163,215,222,139,200,191,1664,48
90,54,52,56,43,67,63,59,218,272,308,232,284,286,180,236,232,225,268,281,173,240,216,164,227,231,128,187,191,1804,48
167,84,67,95,67,83,67,68,217,301,384,455,522,539,198,293,265,285,352,380,198,281,265,174,241,257,122,190,189,2347,48
102,75,77,81,68,67,50,43,152,227,254,172,249,247,147,228,224,208,276,289,156,223,224,223,273,290,164,207,214,1785,48
95,67,75,60,43,43,59,51,159,226,254,197,272,264,172,232,247,230,273,290,206,249,249,222,281,265,139,190,198,1818,48
76,76,63,61,52,49,63,43,151,227,227,205,268,281,144,205,207,187,239,248,191,240,243,180,243,229,145,188,208,1686,48
67,51,68,62,59,58,43,35,165,216,232,189,257,240,172,234,240,204,263,266,182,240,241,181,224,239,139,174,182,1675,48
86,50,60,59,68,34,51,34,192,242,278,239,299,289,205,264,265,239,307,298,205,239,273,239,290,273,156,190,207,1917,48
72,69,57,68,43,69,83,44,157,226,229,173,230,242,158,226,215,204,247,272,155,224,198,180,263,249,115,159,198,1647,48
69,43,43,35,26,43,34,43,209,252,278,330,373,373,196,231,239,355,381,390,213,256,239,305,339,348,165,208,199,2109,48
86,69,68,52,42,51,59,18,175,244,261,164,232,233,163,215,231,213,255,265,214,265,256,206,265,257,173,191,232,1753,48
54,76,51,52,51,51,43,52,182,258,236,180,231,256,165,217,216,171,222,223,164,215,215,155,198,206,123,175,166,1570,48
67,68,60,27,60,36,43,18,164,232,231,189,249,257,204,231,264,603,663,630,196,232,256,180,223,216,139,157,182,2054,48
184,38,99,20,101,76,59,111,115,153,299,116,215,154,44,64,143,52,153,72,1,77,102,15,74,91,9,120,68,1040,49
86,89,152,87,88,88,99,14,105,194,191,61,213,150,22,109,174,65,153,152,65,153,153,52,151,140,139,153,238,1212,49
58,62,91,101,52,71,3,73,19,81,77,31,122,93,7,108,98,2,54,103,63,134,115,37,40,108,42,115,45,712,49
81,123,91,87,77,88,51,122,122,245,203,27,118,150,73,160,164,74,151,161,65,153,142,122,173,210,86,208,137,1289,49
92,76,90,6,101,99,100,130,68,144,160,314,404,390,154,160,244,86,187,92,51,150,152,75,175,174,63,193,163,1505,49
86,88,99,42,78,88,110,4,84,172,170,63,162,151,109,151,208,75,153,117,64,152,142,74,184,162,181,185,291,1245,49
107,99,99,89,164,106,99,110,54,153,161,63,162,162,54,143,153,62,226,151,2,108,166,43,142,149,65,175,164,1216,49
9,88,120,126,122,120,120,119,219,307,228,66,186,154,73,199,193,25,147,151,87,207,209,74,194,194,54,173,174,1422,49
111,35,90,121,99,144,110,109,126,161,237,53,143,88,51,172,141,54,153,175,63,207,162,30,140,174,41,150,151,1237,49
94,110,121,31,120,121,110,141,61,171,155,41,162,151,154,185,275,53,173,84,32,153,152,54,164,175,73,214,183,1316,49
107,92,145,94,110,100,98,34,54,146,161,69,214,161,2,96,147,65,175,159,53,153,163,63,161,163,119,153,217,1205,49
80,134,67,77,109,77,89,119,116,250,196,48,115,182,86,163,153,52,161,129,87,164,196,270,359,347,51,170,140,1462,49
95,110,163,86,122,99,110,5,62,172,157,63,226,173,2,88,165,52,174,138,31,130,153,54,164,153,145,150,255,1199,49
104,109,99,141,100,99,89,130,65,174,169,87,186,196,95,236,194,88,188,229,61,160,161,64,153,163,63,193,152,1394,49
76,145,7,27,5,68,41,75,40,185,116,83,90,228,38,65,45,81,86,108,38,106,43,2,43,70,11,86,52,737,49
68,100,67,5,76,77,121,100,72,172,140,73,140,173,158,163,225,63,139,68,66,143,142,53,174,130,31,131,152,1130,49
72,43,87,88,110,121,111,121,130,173,202,87,174,130,58,146,145,71,181,159,53,174,163,41,152,162,43,164,154,1236,49
74,66,62,3,27,148,4,32,32,98,106,53,115,119,35,38,97,73,100,76,89,237,116,62,66,210,94,126,98,854,49
100,77,89,100,86,121,121,109,84,161,184,51,140,128,42,142,131,118,204,218,55,176,141,41,162,162,44,153,165,1238,49
79,88,88,97,48,111,98,109,62,150,141,84,172,172,66,163,154,124,172,221,65,176,113,52,150,163,66,175,164,1237,49
10,2,33,28,72,46,78,14,73,75,83,89,122,91,24,52,57,31,103,59,36,82,108,21,99,67,72,86,150,629,49
72,9,80,51,68,19,46,14,21,30,93,83,163,92,29,80,109,36,104,87,45,64,113,53,99,72,49,63,95,675,49
49,91,99,58,132,24,100,55,150,241,199,5,104,96,21,79,120,22,154,80,2,26,134,2,102,26,1,56,101,811,49
24,86,76,94,48,49,26,16,61,147,85,23,99,109,14,108,90,21,69,115,13,62,61,303,329,352,56,72,82,910,49
154,108,100,111,156,125,109,100,5,113,159,85,185,193,75,186,175,61,217,172,40,165,196,82,191,207,53,153,162,1364,49
93,74,32,3,46,11,68,53,1,75,94,59,91,133,61,64,93,65,111,68,66,77,112,15,83,26,223,276,291,870,49
79,89,99,31,89,100,88,147,62,151,141,62,161,151,123,154,222,72,161,103,64,164,153,63,151,163,53,200,141,1221,49
111,102,85,83,41,39,57,57,2,104,113,7,92,109,97,180,182,99,140,182,8,47,49,79,136,118,20,77,77,887,49
78,4,225,100,100,49,100,145,195,199,273,37,262,41,48,148,273,62,162,162,124,173,224,53,153,102,257,402,357,1577,49
74,166,58,89,98,112,128,110,77,243,151,1,59,167,55,144,113,63,161,152,54,166,152,51,179,163,35,145,163,1171,49
63,77,76,83,23,78,90,78,175,252,238,784,860,861,342,425,418,450,473,533,261,339,284,229,319,307,176,254,266,2985,50
8,66,69,67,80,76,66,89,209,275,217,473,542,539,330,397,399,196,276,263,177,253,257,243,309,319,242,331,308,2391,50
64,82,93,86,77,77,90,92,206,288,270,197,290,279,150,236,243,200,277,286,197,274,274,189,279,266,152,244,242,1952,50
64,118,78,68,65,68,127,69,165,283,229,167,245,285,187,255,265,178,243,246,186,254,251,200,327,268,190,259,317,1930,50
46,79,75,69,74,90,87,79,295,374,341,198,273,277,331,400,406,199,273,268,231,321,305,255,342,345,209,288,296,2317,50
48,91,90,78,109,91,65,68,208,299,256,187,277,278,218,296,308,220,329,298,177,268,286,199,264,290,296,364,361,2145,50
31,92,73,69,80,78,42,75,295,387,326,151,224,243,202,271,275,373,453,442,197,275,277,257,299,335,187,262,229,2202,50
35,26,78,89,106,81,89,77,492,518,527,351,429,377,374,463,452,287,393,376,167,248,273,196,285,277,212,289,301,2660,50
51,116,100,85,78,68,65,67,228,344,279,173,273,289,222,307,322,164,242,249,222,290,300,229,294,297,232,299,297,2100,50
7,76,68,90,42,79,68,79,303,379,310,1272,1340,1348,306,396,374,255,297,345,154,233,196,197,265,276,196,275,264,3192,50
37,88,77,89,79,66,49,78,672,760,709,179,256,267,198,287,275,173,252,262,233,299,312,226,275,292,199,277,248,2443,50
47,62,92,37,76,69,79,68,236,298,283,209,301,271,302,339,394,167,243,204,176,245,252,228,307,297,219,287,298,2067,50
43,96,78,90,54,66,66,68,282,378,325,136,214,232,153,243,231,211,265,301,186,252,240,211,277,277,219,287,285,1959,50
43,78,76,85,78,67,69,90,195,273,238,157,233,235,219,304,295,225,303,310,220,287,298,174,243,241,241,331,310,2017,50
60,79,67,68,80,55,78,79,214,293,274,207,274,286,232,300,299,186,266,254,196,251,276,178,256,233,152,231,230,1931,50
41,67,92,79,18,85,88,76,792,859,833,260,352,327,208,287,300,257,275,336,190,275,208,211,299,296,221,297,309,2685,50
58,123,67,67,80,78,93,77,235,358,293,214,281,337,519,586,586,262,342,329,208,286,288,210,303,288,228,305,321,2519,50
43,67,101,79,87,68,62,80,299,366,342,548,649,615,285,364,386,200,287,279,231,299,318,211,273,279,177,257,239,2538,50
54,90,89,79,65,54,81,66,319,409,373,220,309,310,174,253,263,210,275,289,222,276,287,162,243,216,188,254,269,2073,50
40,88,66,57,79,88,79,66,286,374,326,299,365,387,263,320,329,199,278,256,207,295,286,198,277,286,252,318,331,2267,50
37,104,80,119,68,78,69,73,282,386,319,161,241,265,186,305,266,135,203,254,209,287,277,252,321,330,229,302,298,2082,50
49,80,77,30,81,67,81,78,285,365,334,231,308,311,223,253,300,174,255,204,187,254,268,240,321,307,175,253,256,2058,50
32,55,66,77,82,78,88,66,586,641,618,275,341,330,221,298,287,230,312,307,240,318,322,187,275,265,176,242,264,2459,50
37,84,65,68,77,91,69,21,511,595,548,420,485,504,285,353,350,198,275,266,209,300,286,206,275,297,269,290,338,2610,50
61,111,68,68,50,67,67,57,1207,1318,1268,186,254,297,208,276,276,1548,1598,1616,144,211,194,186,253,253,286,343,353,4314,50
50,26,90,70,68,76,38,81,351,377,401,183,273,209,197,267,287,208,276,278,199,275,267,194,232,270,174,255,212,2005,50
33,79,77,66,113,77,100,69,217,296,250,164,241,243,177,243,254,209,322,275,242,319,355,232,332,309,151,220,251,2006,50
27,98,80,78,77,67,89,82,176,274,203,144,224,242,208,286,288,165,242,243,165,232,242,161,250,228,177,259,266,1794,50
15,79,100,88,115,63,134,76,251,330,266,200,300,279,186,274,286,266,381,354,218,281,333,252,386,315,166,242,300,2209,50
5,84,80,78,77,79,76,89,653,737,658,341,421,425,274,352,354,220,297,298,198,277,275,220,296,299,176,265,252,2650,50
39,27,84,68,20,30,30,44,36,63,75,17,101,44,72,140,156,115,135,183,28,58,48,37,67,67,185,229,215,832,51
52,52,72,64,51,43,61,45,133,185,185,370,442,422,102,166,174,277,328,341,122,165,173,122,183,165,127,172,188,1693,51
76,76,69,77,79,63,84,84,97,173,173,106,175,182,105,182,174,263,342,340,278,341,357,93,177,156,91,175,175,1641,51
44,20,75,39,44,53,78,58,42,62,86,32,107,52,198,237,273,13,57,52,28,81,72,2,80,55,2,60,80,728,51
83,38,63,74,86,86,46,21,27,65,110,485,548,523,161,235,224,2,88,76,2,88,88,14,60,100,53,74,99,1241,51
52,65,57,5,62,85,59,12,30,95,82,1,58,66,10,15,67,44,106,49,14,99,76,17,76,102,37,49,96,550,51
66,33,48,72,49,108,40,24,95,128,161,197,245,230,19,91,67,9,58,81,11,119,60,2,42,110,91,115,131,864,51
43,53,43,62,61,70,69,52,118,171,161,129,172,182,138,200,181,146,207,208,112,182,173,89,158,159,120,172,189,1305,51
28,73,75,66,53,57,64,66,73,146,101,346,421,419,112,178,187,100,153,166,112,169,165,118,182,175,85,151,149,1428,51
68,82,46,5,36,69,38,47,2,84,70,55,101,137,62,67,108,44,80,49,14,83,50,14,52,83,28,75,66,610,51
57,71,58,51,73,50,61,76,119,190,176,122,180,193,140,191,198,113,186,164,122,172,195,120,181,170,669,745,730,1902,51
13,72,88,79,68,68,59,103,106,178,119,100,188,172,95,174,183,104,172,183,81,149,149,142,201,210,4593,4696,4652,5771,51
36,20,83,69,44,53,52,75,174,194,210,140,223,160,123,192,206,120,164,189,130,183,174,174,226,227,293,368,345,1586,51
80,69,85,80,65,58,49,36,13,82,93,12,97,81,246,326,331,3,68,83,13,71,78,168,217,226,29,65,78,1006,51
54,62,58,61,55,81,43,59,265,327,319,141,199,203,147,208,205,121,176,182,136,217,191,134,177,215,359,418,402,1776,51
63,55,61,59,88,61,62,61,128,183,191,128,189,183,130,189,191,121,209,180,113,174,201,129,191,190,128,189,190,1387,51
72,62,62,32,40,65,63,71,120,182,192,112,174,174,365,397,427,150,190,182,130,195,170,117,180,182,128,199,191,1589,51
41,48,85,53,52,74,71,59,150,198,191,241,326,289,103,156,188,296,348,349,97,171,149,99,170,173,112,171,183,1581,51
70,74,86,77,61,86,95,48,183,257,253,140,226,214,112,189,198,139,200,216,468,554,529,63,158,149,106,154,201,1808,51
46,60,160,101,60,61,86,53,197,257,243,198,358,258,2,103,162,56,116,157,16,77,76,136,222,197,130,183,216,1362,51
46,14,60,45,73,94,13,13,37,51,83,36,96,50,15,60,75,29,102,74,70,164,143,61,74,155,21,34,34,627,51
78,62,53,70,58,51,69,60,82,144,160,140,193,202,292,362,345,134,192,204,112,163,170,131,200,182,120,180,189,1512,51
9,61,69,83,70,54,61,59,122,183,131,446,515,507,103,186,172,126,196,209,127,181,197,103,164,157,130,189,191,1623,51
74,52,61,88,55,53,52,44,81,133,155,15,76,67,47,135,108,159,214,247,37,90,92,22,74,75,22,66,74,862,51
38,46,62,53,85,45,51,66,158,204,196,121,183,167,137,190,199,395,480,448,128,173,213,130,181,175,131,197,182,1646,51
17,71,64,68,72,87,95,85,127,198,144,309,373,380,112,180,176,113,185,181,267,354,339,113,208,200,87,172,182,1687,51
65,67,49,76,94,51,80,64,366,433,431,134,183,201,138,214,187,98,192,174,123,174,217,147,227,198,295,359,375,1847,51
66,108,62,78,87,57,49,51,2542,2650,2608,318,380,426,119,197,181,103,190,181,96,153,183,121,170,178,121,172,170,3978,51
36,69,62,79,60,52,43,39,197,266,233,338,400,407,144,223,206,156,216,235,131,183,191,146,189,198,141,180,184,1693,51
41,64,76,69,60,68,57,55,302,366,343,95,171,159,105,174,181,279,339,348,91,159,151,100,157,168,101,156,158,1563,51
95,152,120,119,97,97,87,97,113,265,208,105,225,257,114,233,234,106,203,225,105,202,202,137,224,234,115,212,202,1659,52
128,132,99,96,78,87,87,89,98,230,226,115,214,247,124,220,223,148,226,244,125,212,203,149,236,236,123,212,210,1678,52
135,119,109,141,120,216,108,107,76,195,211,83,192,202,126,267,235,93,213,234,116,332,236,93,201,309,117,224,225,1759,52
82,140,88,100,110,86,109,85,126,266,208,360,448,500,124,224,212,158,268,258,162,248,272,138,247,224,135,220,244,2003,52
103,105,118,130,118,97,127,109,160,265,263,116,234,221,104,234,222,138,256,268,117,214,235,115,242,212,98,207,225,1755,52
98,118,97,97,108,88,98,76,114,232,212,115,212,233,85,182,182,138,246,235,137,225,245,136,234,224,126,202,224,1631,52
94,119,108,110,131,97,98,120,93,212,187,103,211,222,105,215,213,125,256,235,136,233,267,129,227,226,113,233,211,1681,52
168,120,145,123,131,92,67,45,192,312,360,40,185,160,3,126,148,72,203,195,35,127,166,96,163,188,79,124,146,1408,52
128,118,148,116,73,57,29,143,58,176,186,25,173,143,40,156,188,16,89,132,63,120,136,108,137,165,40,183,69,1162,52
93,118,147,119,141,163,130,130,112,230,205,58,205,176,83,202,230,95,236,214,104,267,245,74,204,237,93,223,223,1660,52
115,118,135,108,75,108,108,97,100,218,215,352,487,470,119,227,254,138,213,246,137,245,212,107,215,215,339,436,447,2156,52
100,120,130,109,98,74,108,86,123,243,223,114,244,234,83,192,213,372,470,481,139,213,237,116,224,190,128,214,236,1900,52
96,130,141,123,100,41,108,117,165,295,261,73,214,203,104,227,245,144,244,267,170,211,270,382,490,423,139,256,247,2033,52
141,108,130,98,130,108,118,117,311,419,452,106,236,214,104,202,234,127,257,225,83,191,213,127,245,235,116,233,234,1924,52
52,119,130,104,99,119,105,135,13,132,65,51,181,170,24,128,154,125,224,229,42,161,141,33,138,152,63,198,168,1214,52
118,108,118,120,109,119,119,152,115,223,233,137,255,245,96,216,214,70,179,190,117,236,226,114,233,233,96,248,215,1708,52
62,131,110,143,96,75,115,75,390,521,452,159,269,290,170,313,280,158,254,301,162,237,258,163,278,238,152,227,267,2161,52
72,98,108,134,134,86,43,116,168,266,240,104,212,202,180,314,288,337,471,471,110,196,244,159,202,245,159,275,202,2008,52
98,121,117,121,69,130,98,165,26,147,124,75,192,196,104,225,221,25,94,146,73,203,142,31,129,161,94,259,192,1347,52
29,109,124,97,107,107,87,116,286,395,315,122,246,231,542,639,666,106,213,203,95,202,202,116,203,223,117,233,204,2160,52
84,120,142,109,121,108,142,119,253,373,337,73,215,193,17,126,159,105,226,214,61,169,182,84,226,192,307,426,449,1845,52
97,119,116,119,96,133,108,85,36,155,133,351,467,470,55,174,171,11,107,130,117,250,213,58,166,191,42,127,150,1543,52
86,120,120,141,142,89,107,114,91,211,177,40,160,160,53,194,173,40,182,181,113,202,255,223,330,312,106,220,213,1585,52
126,111,107,108,119,118,120,53,343,454,469,156,263,267,148,256,255,126,245,234,138,256,257,114,234,232,138,191,258,2025,52
131,108,134,141,109,119,131,139,57,165,188,115,249,223,15,156,149,73,182,214,94,213,203,223,354,342,104,243,235,1693,52
141,140,139,119,133,119,152,143,47,187,188,64,203,204,41,160,180,42,175,161,70,189,203,20,172,139,51,194,203,1421,52
107,142,119,142,103,152,118,108,101,243,208,30,149,172,104,246,223,57,160,199,84,236,187,51,169,203,127,235,245,1545,52
149,146,132,89,121,141,97,135,17,163,166,82,214,228,81,170,213,29,150,118,190,331,311,20,117,161,96,231,193,1525,52
161,151,153,138,142,152,118,109,48,199,209,62,215,213,83,221,236,64,206,202,83,235,225,125,243,277,256,365,374,1845,52
131,153,154,153,154,164,108,120,34,187,165,28,182,181,92,245,246,82,236,235,39,203,193,82,190,246,62,182,170,1556,52
47,29,112,17,29,34,65,42,33,62,80,99,211,128,2,19,114,42,71,59,37,71,66,15,80,49,28,70,93,631,53
42,54,79,42,66,69,92,58,214,268,256,79,158,133,54,96,133,271,337,313,1,70,67,2,94,71,9,67,101,1132,53
32,12,18,14,70,17,40,29,75,87,107,47,65,59,113,127,131,1,71,15,8,25,78,49,89,66,110,139,150,635,53
99,21,3,82,15,22,73,4,33,54,132,58,61,79,16,98,19,2,17,84,52,74,67,4,77,26,68,72,141,552,53
6,7,49,10,4,38,22,21,38,45,44,5,54,12,8,18,57,86,90,96,15,53,19,14,36,52,61,82,83,384,53
13,6,4,37,7,72,47,2,86,92,99,85,89,91,3,40,7,102,109,139,42,114,49,129,176,201,140,142,187,775,53
106,62,30,63,42,75,33,64,33,95,139,26,56,88,5,68,35,30,72,93,3,78,45,163,196,238,32,96,65,767,53
83,42,42,14,53,37,8,55,10,52,93,2,44,44,66,80,108,8,61,22,35,72,88,97,105,134,25,80,33,577,53
57,50,79,77,31,73,60,19,180,230,237,3,82,53,2,79,81,91,122,168,16,89,47,14,74,87,13,32,73,765,53
16,49,7,17,40,40,35,63,28,77,44,22,29,71,33,50,40,182,222,199,27,67,67,26,61,66,168,231,203,753,53
36,19,47,31,84,29,67,40,70,89,106,31,78,50,130,161,177,76,160,107,102,131,186,68,135,97,2,42,69,832,53
246,48,97,53,12,7,26,72,218,266,464,87,184,135,27,80,124,34,46,87,59,66,71,3,29,10,62,134,88,1051,53
28,91,48,45,64,109,6,55,66,157,94,16,64,107,24,69,72,2,66,47,39,148,103,2,8,111,27,82,33,622,53
8,6,37,11,6,7,14,18,92,98,100,22,59,28,16,27,53,199,205,210,2,9,8,233,247,240,69,87,83,740,53
81,71,61,112,95,104,144,88,116,187,197,268,329,339,107,219,168,245,340,357,114,218,209,92,236,196,43,131,187,1741,53
91,91,44,88,80,109,52,4,27,118,118,69,113,160,33,121,77,2,82,90,35,144,115,31,83,140,29,33,81,785,53
18,20,61,53,53,71,45,56,23,43,41,1,62,21,78,131,139,16,69,69,2,73,55,33,78,104,25,81,70,555,53
13,7,166,55,36,45,37,5,59,66,72,187,353,194,71,126,237,108,144,163,97,142,133,77,114,122,160,165,197,1123,53
4,3,49,37,85,40,74,56,3,6,7,54,103,57,13,50,62,15,100,52,13,53,98,3,77,43,25,81,99,474,53
61,49,79,64,38,51,21,57,30,79,91,17,96,66,142,206,221,12,50,76,29,80,67,33,54,84,29,86,50,712,53
21,59,31,82,56,27,68,10,69,128,90,108,139,167,18,100,49,3,59,85,176,203,232,23,91,50,33,43,101,784,53
56,29,8,39,18,59,34,26,42,71,98,44,52,73,80,119,88,5,23,44,43,102,61,26,60,85,48,74,82,557,53
13,47,86,61,47,75,44,52,211,258,224,4,90,51,153,214,239,21,68,82,3,78,50,18,62,93,89,141,133,924,53
10,28,56,13,42,55,25,54,87,115,97,39,95,67,76,89,132,22,64,35,40,95,82,28,53,83,42,96,67,617,53
19,36,66,41,60,77,56,77,6,42,25,27,93,63,36,77,102,19,79,60,16,93,76,3,59,80,16,93,72,555,53
38,65,52,7,58,15,47,27,25,90,63,7,59,72,203,210,255,27,85,34,55,70,113,21,68,36,43,70,90,690,53
12,5,32,66,19,60,38,54,130,135,142,8,40,13,21,87,53,16,35,82,47,107,66,6,44,66,29,83,67,543,53
35,79,4,78,12,63,55,34,47,126,82,65,69,144,14,92,18,40,52,118,5,68,17,44,99,107,16,50,71,591,53
6,59,72,84,43,57,49,26,56,115,62,2,74,61,33,117,105,2,45,86,15,72,58,29,78,86,26,52,75,559,53
81,28,69,69,66,63,62,60,3,31,84,18,87,46,17,86,86,3,69,72,2,65,68,21,83,84,14,74,76,576,53
10,75,12,51,8,3,13,33,30,105,40,107,119,182,54,105,66,104,112,155,86,89,94,115,128,118,86,119,99,787,54
61,68,58,95,81,86,93,83,109,177,170,118,176,186,94,189,152,106,187,201,93,179,174,104,197,190,83,166,176,1332,54
51,61,58,82,83,74,83,116,125,186,176,141,199,202,107,189,165,115,198,197,80,154,163,105,188,179,435,551,518,1716,54
70,120,16,123,20,136,40,84,27,147,97,64,80,184,46,169,62,35,55,158,46,182,66,2,42,138,47,131,87,876,54
75,95,83,71,69,61,55,83,69,164,144,128,211,223,105,176,188,177,246,248,128,189,197,132,187,193,117,200,172,1448,54
69,58,119,118,108,83,107,71,142,200,211,105,224,163,48,166,167,80,188,198,82,165,190,92,199,175,106,177,213,1388,54
30,70,83,106,117,121,118,117,126,196,156,117,200,187,82,188,165,60,177,166,58,179,175,79,197,200,59,176,177,1343,54
59,128,84,106,118,121,110,44,82,210,141,94,178,222,106,212,190,82,200,188,108,229,226,78,188,199,146,190,256,1466,54
22,55,71,72,77,69,58,33,147,202,169,130,201,185,117,189,188,114,191,186,125,194,202,131,189,200,157,190,215,1378,54
106,117,97,72,77,119,130,145,83,200,189,83,180,200,128,200,225,148,225,220,82,201,159,72,202,191,59,204,189,1518,54
45,72,98,94,95,95,81,105,106,178,151,106,204,178,76,170,174,93,188,187,82,177,177,96,177,191,82,187,163,1326,54
40,47,62,78,61,30,16,25,138,185,178,578,640,625,2,80,64,70,131,148,50,80,111,107,123,137,65,90,81,1369,54
25,65,83,72,70,71,78,70,117,182,142,229,312,294,115,187,198,223,293,295,105,176,175,240,318,311,107,177,185,1670,54
17,95,85,82,94,45,38,67,19,114,36,46,131,141,1,83,86,47,141,129,2,47,96,93,131,138,14,81,52,745,54
64,106,73,84,47,49,77,34,59,165,123,10,83,116,58,142,131,22,69,106,118,167,165,176,253,225,149,183,226,1126,54
22,84,60,68,71,55,69,40,116,200,138,128,188,212,119,187,179,117,188,185,143,198,214,130,199,185,161,201,230,1383,54
6,3,69,26,3,47,14,29,33,36,39,2,71,5,45,71,114,45,48,71,45,92,48,36,50,83,38,67,52,441,54
34,91,70,107,108,108,105,107,128,219,162,99,169,190,117,224,187,92,200,199,116,224,224,83,188,191,82,189,187,1447,54
4,3,2,70,94,93,5,3,87,90,91,1,3,4,127,197,129,49,143,119,37,130,131,17,22,110,68,71,73,660,54
104,60,72,61,83,38,83,85,129,189,233,11,83,71,93,154,165,24,107,85,77,115,160,24,107,62,45,130,128,989,54
6,3,48,4,21,73,40,77,30,33,36,167,215,170,47,51,95,74,95,78,17,90,38,89,129,162,2,79,42,698,54
4,3,122,21,12,2,69,15,42,45,46,32,154,35,59,80,181,94,106,115,34,36,46,22,91,24,39,54,108,570,54
40,105,98,111,105,97,97,98,115,220,155,82,180,187,92,203,190,69,174,180,84,181,189,92,189,189,81,179,178,1366,54
6,12,4,120,91,81,19,26,211,223,217,144,148,156,103,223,107,2,93,122,35,116,126,13,32,94,180,206,199,1047,54
8,29,48,68,70,24,11,53,36,65,44,201,249,230,72,140,120,147,217,215,100,124,170,40,51,64,40,93,51,947,54
5,30,61,5,9,97,86,12,93,123,98,46,107,76,14,19,75,79,88,84,44,141,53,99,185,196,59,71,145,739,54
78,72,37,3,3,13,2,45,72,144,150,9,46,81,159,162,196,29,32,32,124,137,127,46,48,59,24,69,26,716,54
4,4,72,108,48,85,141,66,118,122,122,69,141,73,2,110,74,67,115,175,36,121,84,18,159,103,41,107,182,879,54
39,84,96,21,115,81,120,5,140,224,179,22,118,106,1,22,97,3,118,24,23,104,138,35,155,116,20,25,140,805,54
63,117,83,92,70,83,118,117,81,198,144,84,167,201,119,211,202,119,189,211,104,187,174,307,425,390,94,211,212,1651,54
80,99,94,84,85,66,61,59,17,116,97,18,112,117,3,87,97,22,107,106,3,69,88,43,104,109,22,81,83,756,55
27,69,96,57,61,66,83,84,23,92,50,22,118,91,3,60,99,29,90,86,18,84,79,20,103,86,21,105,104,679,55
58,121,46,73,55,53,24,38,9,130,67,2,48,123,18,91,64,2,57,75,56,109,111,22,46,75,77,115,101,654,55
42,85,70,70,73,86,60,106,3,88,45,34,104,119,25,95,95,19,92,89,22,108,95,19,79,105,44,150,104,758,55
40,89,77,61,64,41,61,56,24,113,64,10,87,99,4,65,81,45,109,106,14,55,78,56,117,97,2,58,63,644,55
32,7,59,63,58,73,72,72,481,488,513,3,62,10,31,94,90,32,90,95,34,107,92,21,93,94,22,94,94,1060,55
59,68,61,72,72,85,52,70,13,81,72,35,96,103,33,105,94,114,186,186,25,110,97,14,66,99,22,92,74,795,55
20,71,62,53,33,55,41,45,210,281,230,32,94,103,18,71,80,73,106,126,2,57,35,66,107,121,20,65,61,801,55
49,87,57,60,67,36,62,38,20,107,69,33,90,120,23,83,80,32,99,92,27,63,94,45,107,81,20,58,82,656,55
80,93,79,75,67,71,62,73,22,115,102,27,106,120,18,93,97,33,100,108,16,87,83,32,94,103,33,106,95,781,55
51,58,31,62,49,61,75,80,27,85,78,74,105,132,23,85,54,41,90,103,20,81,69,32,107,93,2,82,77,686,55
71,81,49,61,49,45,50,54,2,83,73,33,82,114,32,93,81,44,93,105,27,72,76,54,104,99,16,70,66,668,55
38,90,80,74,64,91,62,76,3,93,41,23,103,113,21,95,101,31,95,105,29,120,93,3,65,94,9,85,71,694,55
77,65,78,73,67,50,52,13,15,80,92,15,93,80,22,95,100,2,69,75,33,83,100,41,93,91,33,46,85,636,55
45,61,60,43,77,62,79,72,125,186,170,21,81,82,54,97,114,2,79,45,45,107,122,2,81,64,32,104,111,780,55
38,101,61,84,37,72,17,54,2,103,40,22,83,123,9,93,70,45,82,129,21,93,58,77,94,149,16,70,33,656,55
60,77,70,76,73,66,62,54,1,78,61,23,93,100,12,88,82,28,101,104,2,68,75,47,109,113,1,55,63,652,55
47,86,76,53,61,48,49,61,44,130,91,28,104,114,16,69,92,33,94,86,33,81,94,45,94,93,21,82,70,701,55
56,72,74,67,61,62,62,65,33,105,89,19,93,91,2,69,76,45,106,112,8,70,69,43,105,105,15,80,77,684,55
32,83,73,61,49,60,63,71,23,106,55,10,83,93,33,94,106,32,81,93,21,81,70,33,96,93,22,93,85,666,55
37,84,75,81,68,61,61,61,22,106,59,15,90,99,20,101,95,18,86,99,21,82,89,33,94,94,22,83,83,679,55
16,84,57,75,49,61,48,36,44,128,60,33,90,117,22,97,79,18,67,93,45,106,94,21,69,82,58,94,106,667,55
48,111,78,49,42,41,53,23,3,114,51,16,94,127,21,70,99,53,95,102,27,68,69,56,109,97,32,55,85,653,55
28,79,61,84,55,60,61,67,25,104,53,33,94,112,20,104,81,26,81,110,23,83,78,44,105,104,19,86,80,685,55
41,61,41,51,65,53,50,69,32,93,73,55,96,116,16,67,57,44,109,95,2,55,67,57,107,110,2,71,52,639,55
28,73,58,73,61,72,33,75,18,91,46,36,94,109,21,94,79,31,92,104,21,93,82,78,111,150,2,77,35,680,55
33,73,61,63,63,63,49,56,33,106,66,32,93,105,32,95,93,20,83,83,27,90,90,33,82,96,52,108,101,690,55
4,50,74,61,77,43,61,32,29,79,33,43,117,93,20,81,94,34,111,95,19,62,96,47,108,90,36,68,97,630,55
15,67,78,72,73,52,61,42,49,116,64,32,110,99,4,76,82,32,105,104,18,70,91,44,105,96,16,58,77,655,55
8,78,44,60,59,73,61,61,17,95,25,70,114,148,23,83,67,45,104,105,21,94,80,20,81,93,33,94,94,673,55
38,62,59,62,78,4,77,68,21,83,59,59,118,121,125,187,184,5,83,67,20,24,98,134,211,138,150,218,227,962,56
80,64,17,15,6,28,33,54,1,65,81,48,65,112,39,54,56,92,98,107,38,66,44,62,95,90,19,73,52,596,56
83,37,59,16,52,14,6,25,26,63,109,59,118,96,224,240,283,64,116,80,31,45,83,78,84,92,39,64,45,813,56
80,59,31,36,43,55,83,42,37,96,117,1,32,60,52,88,83,135,178,171,15,70,58,2,85,57,2,44,85,673,56
57,36,39,126,69,73,54,60,30,66,87,46,85,82,18,144,57,4,73,130,109,182,178,108,162,181,112,172,166,941,56
68,83,85,51,3,111,99,27,1,84,69,24,109,107,2,53,87,39,42,90,63,174,66,83,182,194,62,89,161,801,56
78,45,38,109,63,49,36,11,9,54,87,28,66,73,20,129,58,12,75,121,42,91,105,3,39,52,32,43,68,575,56
12,30,103,93,66,20,29,25,97,127,109,17,120,47,80,173,183,106,172,199,67,87,133,57,86,77,29,54,58,831,56
25,34,70,84,63,9,69,32,63,97,88,16,86,50,12,96,82,15,78,99,88,97,151,6,75,15,64,96,133,650,56
26,87,117,4,37,19,40,58,26,113,52,69,186,156,4,8,121,25,62,29,92,111,129,29,69,48,43,101,83,676,56
88,50,51,35,4,16,63,41,27,77,115,49,100,99,3,38,54,82,86,117,30,46,34,77,140,93,2,43,65,618,56
81,51,110,36,75,22,119,110,25,76,106,2,112,53,4,40,114,45,120,81,76,98,151,63,182,85,50,160,169,869,56
37,35,5,117,34,52,52,79,115,150,152,275,280,310,51,168,56,23,57,140,121,173,155,131,183,183,114,193,166,1241,56
6,19,47,61,24,17,36,77,93,112,99,31,78,50,36,97,83,76,100,137,99,116,123,61,97,78,74,151,110,757,56
85,47,28,26,19,16,29,19,23,70,108,58,86,105,19,45,47,108,127,134,20,36,39,78,107,94,67,86,96,642,56
94,60,72,45,28,29,36,43,6,66,100,28,100,88,29,74,101,69,97,114,89,118,117,50,86,79,101,144,137,779,56
70,73,30,16,7,48,30,68,14,87,84,57,87,130,29,45,59,90,97,106,17,65,24,65,95,113,8,76,38,622,56
77,51,6,28,22,28,51,38,2,53,79,90,96,141,19,47,25,163,185,191,4,32,26,96,147,124,80,118,131,755,56
59,80,52,32,24,34,47,39,49,129,108,36,88,116,97,129,149,184,208,216,94,128,118,16,63,50,35,74,82,878,56
24,54,53,88,78,23,30,26,26,80,50,23,76,77,30,118,83,51,129,139,66,89,144,143,173,166,70,96,100,785,56
66,57,36,88,137,56,67,67,25,82,91,28,64,85,33,121,69,62,199,150,44,100,181,128,195,184,141,208,208,1035,56
74,62,51,59,8,21,26,30,14,76,88,37,88,99,116,175,167,127,135,186,2,23,10,48,74,69,57,87,83,732,56
67,25,39,99,22,81,14,5,47,72,114,25,64,50,32,131,71,45,67,144,45,126,67,41,55,122,113,118,127,700,56
46,62,51,86,40,58,59,55,10,72,56,256,307,318,130,216,181,95,135,181,127,185,167,125,184,183,139,194,198,1339,56
76,25,17,45,26,75,9,63,298,323,374,78,95,103,42,87,59,29,55,74,57,132,83,75,84,150,2,65,11,917,56
59,56,49,38,12,9,54,3,20,76,79,38,87,94,27,65,76,83,95,121,81,90,93,62,116,71,115,118,169,706,56
26,23,55,63,79,75,52,59,49,72,75,43,98,66,44,107,99,76,155,139,31,106,110,4,56,79,67,126,119,746,56
17,53,19,99,187,109,43,56,13,66,30,56,75,109,30,129,49,30,217,129,87,196,274,20,63,129,20,76,63,839,56
95,46,24,8,45,49,113,38,9,55,104,94,118,140,27,35,51,139,184,147,56,105,101,19,132,68,16,54,129,778,56
103,49,35,102,36,87,5,48,7,56,110,31,66,80,30,132,65,103,139,205,65,152,101,83,88,170,12,60,17,796,56
80,96,99,79,67,79,67,84,74,170,154,135,234,231,69,148,168,105,172,184,103,182,170,82,149,161,109,193,176,1328,57
86,108,96,119,101,89,138,97,95,203,181,73,169,181,106,225,202,51,152,170,90,179,191,49,187,138,55,152,193,1353,57
94,74,152,134,84,110,114,96,115,189,209,107,259,181,13,147,165,94,178,228,85,195,169,97,211,207,85,181,199,1454,57
109,119,87,123,135,115,77,73,41,160,150,76,163,195,69,192,156,58,193,181,219,334,354,74,151,189,95,168,172,1470,57
101,43,77,32,93,91,115,77,22,65,123,20,97,63,53,85,130,134,227,166,7,98,100,48,163,139,21,98,136,934,57
108,88,93,84,24,24,79,4,1,89,109,17,110,105,1,85,94,77,101,161,45,69,69,84,163,108,48,52,127,777,57
108,97,115,89,113,113,108,131,98,195,206,245,360,342,76,165,191,126,239,215,505,618,618,86,194,199,64,195,172,2074,57
104,95,83,108,96,102,87,54,61,156,165,86,169,181,74,182,157,65,161,173,83,185,179,97,184,199,109,163,196,1304,57
49,83,95,74,244,131,105,112,138,221,187,96,191,179,140,214,235,334,578,408,135,266,379,231,336,362,75,187,180,2042,57
96,101,66,104,116,109,76,96,62,163,158,89,155,190,132,236,198,85,201,189,404,513,520,104,180,213,70,166,146,1710,57
87,105,86,97,116,97,98,61,393,498,480,85,171,190,84,181,170,53,169,150,63,160,179,73,171,170,119,180,217,1617,57
47,91,35,79,28,29,5,56,1,92,48,22,57,113,32,111,67,23,51,102,49,78,77,64,69,93,66,122,71,627,57
49,99,130,151,149,105,86,108,138,237,187,49,179,148,274,425,404,23,172,174,9,114,158,85,171,190,107,215,193,1562,57
77,107,90,86,97,90,68,82,68,175,145,78,168,185,86,172,176,81,178,167,31,121,128,2,70,92,30,112,98,1073,57
115,102,85,120,118,152,101,103,90,192,205,85,170,187,97,217,182,48,166,168,41,193,159,188,289,340,80,183,181,1525,57
56,106,87,99,88,92,103,127,91,197,147,74,161,180,116,215,203,95,183,194,70,162,158,77,180,169,67,194,170,1348,57
72,75,93,68,97,78,55,15,23,98,95,1,94,76,4,72,97,1,98,69,2,80,99,23,78,101,40,55,95,647,57
73,78,93,107,94,80,88,99,104,182,177,115,208,193,47,154,140,307,401,414,96,176,190,49,137,129,91,190,179,1521,57
113,97,99,122,98,110,110,108,67,164,180,86,185,183,68,190,167,92,190,214,39,149,137,93,203,203,49,157,159,1351,57
101,108,111,122,118,130,120,120,72,180,173,71,182,179,61,183,172,89,207,211,43,173,161,52,172,182,62,182,182,1380,57
75,104,109,107,87,131,100,125,105,209,180,63,172,167,104,211,213,52,139,159,265,396,352,69,169,200,93,218,193,1589,57
108,109,101,117,75,122,108,77,63,172,171,89,190,198,73,190,174,95,170,212,85,207,160,60,168,182,104,181,212,1386,57
76,293,118,98,116,138,73,91,81,374,157,92,210,385,51,149,169,43,159,141,64,202,180,67,140,205,72,163,145,1473,57
82,48,11,108,74,72,48,14,48,96,130,47,58,95,670,778,681,75,149,183,65,137,139,94,142,166,55,69,103,1511,57
69,29,138,106,130,263,68,142,161,190,230,119,257,148,97,203,235,40,170,146,62,325,192,78,146,341,25,167,93,1527,57
115,102,107,72,98,97,79,135,70,172,185,70,177,172,120,192,227,92,190,164,87,184,185,127,206,224,47,182,126,1418,57
125,111,112,108,114,107,113,129,61,172,186,114,226,225,460,568,572,88,202,196,63,170,177,138,251,245,79,208,192,1922,57
120,108,89,103,108,150,108,106,270,378,390,87,176,195,90,193,179,79,187,182,298,448,406,61,169,211,83,189,191,1860,57
119,86,83,109,81,99,82,32,58,144,177,89,172,175,65,174,148,110,191,219,70,169,151,92,174,191,378,410,460,1553,57
74,144,102,96,108,120,97,99,117,261,191,47,149,191,63,159,165,70,178,166,50,170,158,76,173,196,104,203,201,1367,57
4,22,3,6,19,10,4,18,104,126,108,45,48,67,156,162,159,2,21,8,126,136,145,94,98,104,50,68,54,663,58
5,27,4,5,46,5,4,68,75,102,80,46,50,73,174,179,178,3,49,8,123,128,169,97,101,102,7,75,11,689,58
26,13,14,11,7,28,8,13,137,150,163,151,165,164,176,187,190,202,209,213,158,186,165,195,203,223,168,181,176,1307,58
20,12,30,8,23,10,37,9,91,103,111,31,61,43,154,162,184,8,31,16,123,133,146,16,53,26,112,121,149,684,58
32,15,24,7,37,16,15,5,76,91,108,48,72,63,178,185,202,7,44,14,124,140,161,110,125,126,71,76,86,765,58
62,32,55,5,11,14,6,5,39,71,101,1,56,33,177,182,232,13,24,18,121,135,132,99,105,113,66,71,72,706,58
5,12,5,11,5,20,39,15,109,121,114,75,80,87,184,195,189,3,8,14,182,202,187,3,42,23,126,141,165,794,58
15,5,16,5,71,8,6,51,107,112,122,17,33,22,176,181,192,1,72,6,104,112,175,112,118,120,22,73,28,716,58
49,6,4,8,8,16,30,4,58,64,107,50,54,56,149,157,153,62,70,70,124,140,132,85,115,101,67,71,97,720,58
5,6,3,5,4,6,90,7,165,171,170,2,5,8,153,158,156,11,15,16,142,148,146,9,99,15,75,82,165,683,58
20,6,23,8,14,14,6,20,98,104,118,56,79,62,180,188,203,4,18,12,165,179,179,136,142,150,39,59,45,789,58
5,5,12,4,32,87,20,2,95,100,100,59,71,64,152,156,164,13,45,17,256,343,288,109,129,196,41,43,61,892,58
5,4,42,5,55,11,6,5,132,136,137,7,49,11,135,140,177,4,59,9,101,112,156,126,132,137,29,34,35,667,58
6,19,7,7,103,11,18,4,112,131,118,44,51,63,196,203,203,4,107,11,85,96,188,101,119,112,55,59,73,772,58
4,10,60,5,50,5,30,5,137,147,141,2,62,12,164,169,224,8,58,13,138,143,188,70,100,75,83,88,113,771,58
23,4,5,9,34,15,5,14,131,135,154,58,63,62,172,181,177,34,68,43,135,150,169,137,142,152,33,47,38,809,58
5,24,13,23,27,34,8,4,150,174,155,5,18,29,173,196,186,90,117,113,73,107,100,155,163,189,21,25,29,805,58
35,9,42,8,8,35,11,48,152,161,187,5,47,14,151,159,193,62,70,70,31,66,39,165,176,200,4,52,15,766,58
5,28,31,16,5,11,15,6,108,136,113,4,35,32,176,192,207,81,86,97,99,110,104,164,179,175,70,76,85,819,58
14,27,58,5,38,15,38,73,90,117,104,2,60,29,190,195,248,12,50,17,133,148,171,86,124,101,2,75,40,783,58
10,5,9,6,13,7,5,20,150,155,160,19,28,24,182,188,191,6,19,12,151,158,164,40,45,47,137,157,142,760,58
5,8,15,16,61,8,23,16,132,140,137,114,129,122,136,152,151,1,62,17,162,170,223,20,43,28,187,203,210,904,58
5,14,3,6,13,16,12,7,93,107,98,61,64,75,164,170,167,24,37,30,194,210,207,3,15,19,171,178,183,786,58
5,13,35,24,75,25,13,6,110,123,115,15,50,28,200,224,235,4,79,28,73,98,148,127,140,152,74,80,87,799,58
5,4,47,5,3,5,3,4,99,103,104,23,70,27,166,171,213,18,21,23,163,168,166,65,68,70,114,118,117,724,58
28,21,41,6,24,29,71,11,64,85,92,2,43,23,161,167,202,9,33,15,124,153,148,1,72,30,89,100,160,681,58
4,13,5,5,35,16,25,13,107,120,111,87,92,100,146,151,151,23,58,28,139,155,174,59,84,75,88,101,113,765,58
17,5,48,6,42,5,12,4,99,104,116,23,71,28,150,156,198,29,71,35,158,163,200,162,174,167,164,168,176,924,58
10,17,5,6,3,13,16,10,114,131,124,59,64,76,190,196,195,2,5,8,158,171,161,101,117,114,86,96,102,790,58
33,7,24,12,24,5,13,6,145,152,178,126,150,133,165,177,189,139,163,151,151,156,175,208,221,213,164,170,177,1222,58
42,82,42,78,72,77,63,75,61,143,103,184,226,266,272,350,314,183,255,261,177,254,249,90,153,167,159,234,222,1657,59
42,55,63,65,86,81,64,80,99,154,141,91,154,146,94,159,157,76,162,141,74,155,160,87,151,168,98,178,162,1155,59
68,94,64,45,10,84,17,82,103,197,171,87,151,181,158,203,222,288,298,333,90,174,100,137,154,221,89,171,106,1416,59
30,90,79,94,96,89,66,53,98,188,128,28,107,118,59,153,138,66,162,160,5,94,101,21,87,110,87,140,153,961,59
62,82,62,63,53,52,28,72,62,144,124,136,198,218,91,154,153,329,382,392,100,152,153,246,274,298,90,162,118,1528,59
52,77,46,72,66,104,63,52,77,154,129,436,482,513,91,163,137,98,164,170,86,190,152,93,156,197,109,161,172,1522,59
43,83,112,48,72,106,66,82,15,98,58,176,288,259,154,202,266,119,191,167,552,658,624,3,69,109,90,172,156,1721,59
50,102,79,101,54,74,36,90,67,169,117,92,171,194,44,145,123,116,170,217,52,126,106,89,125,163,89,179,125,1135,59
48,83,72,73,64,66,9,88,52,135,100,70,142,153,89,162,161,232,296,305,100,166,164,130,139,196,62,150,71,1238,59
66,94,85,89,75,58,56,63,71,165,137,92,177,186,62,151,147,100,175,189,120,178,195,382,438,440,100,163,156,1513,59
59,102,79,101,71,100,71,108,86,188,145,87,166,189,54,155,133,89,160,190,88,188,159,54,125,154,63,171,134,1212,59
59,129,73,87,82,22,93,72,117,246,176,92,165,221,152,239,225,85,167,172,100,122,182,106,199,128,88,160,181,1357,59
62,83,75,73,89,88,5,76,90,173,152,69,144,152,86,159,161,69,158,142,104,192,193,136,141,224,75,151,80,1180,59
56,72,62,63,63,66,76,73,97,169,153,93,155,165,97,160,159,107,170,170,111,177,174,83,159,149,85,158,161,1204,59
36,85,53,73,45,67,92,77,88,173,124,101,154,186,18,91,71,60,105,133,55,122,100,262,354,329,109,186,201,1221,59
73,54,74,53,50,234,92,103,108,162,181,97,171,151,92,145,166,87,137,140,85,319,135,401,493,635,61,164,153,1664,59
14,84,53,69,71,79,70,64,87,171,101,72,125,156,87,156,140,95,166,164,63,142,134,74,144,153,90,154,160,1072,59
63,36,64,74,69,55,58,71,183,219,246,109,173,145,105,179,169,90,159,164,111,166,180,123,181,178,88,159,146,1299,59
56,89,57,90,90,45,32,62,118,207,174,125,182,214,400,490,457,296,386,386,109,154,199,185,217,230,90,152,122,1844,59
199,68,62,20,73,60,63,82,94,162,293,100,162,168,314,334,376,89,162,109,90,150,163,92,155,152,90,172,153,1496,59
37,46,55,49,52,34,65,61,87,133,124,123,178,169,188,237,243,63,115,112,212,246,264,52,117,86,25,86,90,1149,59
10,68,67,71,62,64,46,62,112,180,122,284,351,352,138,209,205,96,158,167,90,154,152,107,153,171,259,321,305,1536,59
49,61,74,62,79,89,87,54,98,159,147,70,144,131,90,152,164,91,170,153,46,135,125,64,151,153,221,275,308,1235,59
56,74,113,99,97,104,73,97,42,116,98,134,247,208,1,100,114,100,197,199,25,129,122,68,141,172,82,179,155,1165,59
65,75,82,90,96,60,76,64,2,77,67,291,373,366,34,124,116,101,197,191,120,180,216,77,153,137,125,189,201,1358,59
48,16,64,64,61,91,72,56,143,159,191,99,163,115,91,155,155,99,160,163,70,161,131,53,125,144,98,154,170,1125,59
52,65,52,65,66,59,65,54,85,150,137,97,149,162,102,167,154,63,129,128,96,155,162,150,215,209,97,151,162,1168,59
37,91,42,80,73,52,52,90,53,144,90,112,154,203,106,186,148,82,155,162,99,151,172,102,154,154,98,188,150,1169,59
57,59,104,46,43,55,62,62,89,148,146,101,205,160,210,256,314,115,158,161,111,166,154,181,243,236,90,152,152,1385,59
80,73,89,67,55,5,50,47,90,163,170,52,141,125,78,145,167,90,145,157,137,142,192,89,139,94,92,139,142,1094,59
55,19,63,90,60,20,49,52,406,425,461,122,185,141,126,216,189,77,137,167,143,163,203,68,117,88,64,116,113,1414,60
57,68,81,51,61,69,88,14,106,174,163,98,179,166,85,136,166,99,160,150,79,148,140,74,162,143,99,113,187,1129,60
233,8,53,62,65,100,55,67,1,9,234,94,147,102,106,168,159,81,146,143,75,175,140,54,109,154,88,155,143,1142,60
108,27,78,23,69,27,70,45,45,72,153,30,108,57,46,69,124,37,106,60,22,49,91,56,126,83,2,47,72,685,60
99,117,75,128,85,50,12,71,23,140,122,90,165,207,107,235,182,93,178,221,106,156,191,65,77,115,113,184,125,1234,60
40,70,66,21,61,71,45,24,123,193,163,97,163,167,160,181,226,73,134,94,147,218,208,128,173,199,124,148,169,1250,60
92,27,34,178,37,67,40,20,99,126,191,57,91,84,47,225,81,28,65,206,73,140,110,55,95,122,135,155,175,989,60
7,86,94,100,61,115,25,42,85,171,92,181,275,267,89,189,183,39,100,139,335,450,396,153,178,268,400,442,425,1812,60
46,62,66,230,86,85,199,69,139,201,185,116,182,178,91,321,157,96,182,326,97,182,183,241,440,326,80,149,279,1703,60
82,77,130,92,83,85,103,45,82,159,164,73,203,150,28,120,158,66,149,158,73,158,156,80,183,165,126,171,229,1225,60
89,14,4,134,31,27,103,109,130,144,219,91,95,105,33,167,37,16,47,150,168,195,199,12,115,39,21,130,124,982,60
42,45,8,55,68,56,85,87,73,118,115,287,295,332,13,68,21,105,173,160,286,342,354,268,353,324,81,168,166,1559,60
80,69,75,73,62,52,69,227,537,606,617,98,173,167,75,148,150,82,144,155,86,138,148,96,165,148,64,291,133,1745,60
47,45,43,62,58,121,44,51,131,176,178,129,172,174,116,178,159,105,163,167,110,231,168,48,92,169,113,164,157,1223,60
55,83,61,65,65,97,61,61,124,207,179,81,142,164,111,176,172,103,168,168,101,198,166,43,104,140,104,165,165,1215,60
40,13,70,76,118,69,45,53,244,257,284,163,233,176,91,167,161,170,288,246,178,247,296,248,293,317,136,189,181,1714,60
107,205,46,292,217,102,112,95,93,298,200,43,89,248,131,423,177,65,282,357,42,144,259,98,210,200,107,202,219,1755,60
70,52,68,124,60,63,7,57,106,158,176,115,183,167,88,212,156,347,407,471,130,193,190,163,170,226,124,181,131,1574,60
55,70,59,38,76,80,61,69,169,239,224,180,239,250,183,221,242,141,217,179,188,268,264,170,231,250,152,221,213,1691,60
172,71,168,96,120,169,100,125,48,119,220,81,249,152,68,164,236,165,285,261,91,260,211,106,206,275,172,297,272,1752,60
72,89,29,85,69,71,97,198,99,188,171,132,161,221,89,174,118,74,143,159,95,166,164,78,175,149,70,268,167,1347,60
64,28,51,76,71,124,77,60,149,177,213,95,146,123,98,174,149,88,159,164,91,215,162,13,90,137,96,156,173,1181,60
8,80,543,56,57,68,119,87,102,182,110,53,596,133,435,491,978,106,163,162,89,157,146,81,200,149,22,109,141,1906,60
46,51,28,63,81,53,99,69,139,190,185,131,159,182,125,188,153,99,180,162,99,152,180,435,534,488,59,128,158,1577,60
63,71,38,87,68,20,20,48,63,134,126,32,70,103,57,144,95,40,108,127,24,44,92,86,106,106,64,112,84,781,60
74,28,33,42,62,5,30,91,126,154,200,122,155,150,141,183,174,125,187,167,135,140,197,130,160,135,429,520,459,1573,60
70,60,6,70,4,77,57,71,148,208,218,28,34,88,85,155,91,21,25,91,46,123,50,134,191,211,352,423,409,1229,60
65,10,60,60,61,133,91,51,626,636,691,1,61,11,104,164,164,97,158,157,79,212,140,2,93,135,76,127,167,1516,60
40,69,19,115,90,79,58,111,126,195,166,133,152,202,122,237,141,80,170,195,86,165,176,85,143,164,102,213,160,1315,60
243,5,134,29,69,85,110,6,3,8,246,5,139,10,61,90,195,96,165,125,72,157,141,48,158,133,207,213,317,1173,60
86,130,99,90,72,43,155,105,126,256,212,18,117,148,21,111,120,28,100,118,62,105,134,80,235,123,34,139,189,1149,61
80,109,111,117,107,107,132,68,45,154,125,54,165,163,21,138,132,21,128,138,10,117,117,33,165,140,2,70,134,1017,61
81,123,122,122,122,90,16,5,3,126,84,44,166,167,4,126,126,20,142,142,2,92,124,104,120,194,111,116,127,969,61
96,95,92,114,68,77,137,85,47,142,143,63,155,158,2,116,94,24,92,138,39,116,107,93,230,170,3,88,140,1035,61
83,71,76,40,97,84,66,87,104,175,187,149,225,220,26,66,102,115,212,155,68,152,165,56,122,140,63,150,129,1185,61
4,119,94,107,10,5,108,120,58,177,62,21,115,140,10,117,104,52,62,159,117,122,127,107,215,112,21,141,129,953,61
89,84,74,75,62,53,35,22,2,86,91,74,148,158,29,104,103,56,118,131,40,93,102,103,138,156,76,98,111,874,61
34,3,60,110,97,32,3,61,82,85,116,100,160,103,14,124,74,29,126,139,54,86,151,86,89,118,90,151,93,855,61
32,3,109,29,89,90,35,5,2,5,34,138,247,141,141,170,250,27,116,56,2,92,91,68,103,158,70,75,105,840,61
82,127,108,96,98,86,6,110,104,231,186,82,190,209,20,116,128,55,153,151,67,153,165,64,70,150,91,201,97,1196,61
97,129,73,131,130,107,116,77,80,209,177,70,143,199,21,152,94,21,151,152,33,140,163,20,136,127,22,99,138,1127,61
21,84,99,123,118,95,107,88,103,187,124,115,214,199,3,126,102,22,140,145,34,129,152,33,140,128,56,144,163,1101,61
88,65,133,130,108,120,79,5,47,112,135,56,189,121,8,138,141,57,165,187,21,141,129,56,135,176,83,88,162,1056,61
88,105,131,100,97,96,92,132,110,215,198,91,222,196,30,130,161,24,121,124,86,182,183,37,129,133,32,164,124,1251,61
67,153,113,125,79,60,4,114,139,292,206,17,130,170,26,151,139,3,82,128,457,517,536,90,94,150,103,217,107,1550,61
6,153,121,95,83,96,39,2,179,332,185,79,200,232,32,127,153,70,153,165,33,129,116,372,411,468,89,91,128,1449,61
80,106,107,57,33,108,99,58,114,220,194,45,152,151,64,121,171,69,102,126,79,187,112,33,132,141,31,89,130,1083,61
4,114,100,111,116,133,74,74,141,255,145,2,102,116,16,127,116,26,142,137,24,157,140,2,76,135,46,120,120,983,61
35,52,37,121,56,96,107,94,140,192,175,87,124,139,115,236,152,36,92,157,93,189,149,288,395,384,24,118,131,1381,61
136,112,76,106,68,84,5,3,75,187,211,1,77,113,1,107,77,2,70,108,33,117,101,76,81,160,102,105,107,880,61
120,122,83,83,109,67,128,97,65,187,185,102,185,224,80,163,163,81,190,164,2,69,111,79,207,146,71,168,199,1289,61
84,83,106,101,95,121,119,107,138,221,222,143,249,226,2,103,108,68,163,169,21,142,116,20,139,141,9,116,128,1217,61
51,129,141,110,151,113,87,55,92,221,143,22,163,151,20,130,161,2,153,112,2,115,153,33,120,146,70,125,157,1078,61
71,151,117,94,49,65,107,107,107,258,178,131,248,282,23,117,140,91,140,185,139,204,188,87,194,152,92,199,199,1431,61
57,96,119,132,99,112,90,121,103,199,160,115,234,211,23,155,142,3,102,135,33,145,132,34,124,146,22,143,112,1159,61
81,121,107,121,118,86,98,47,32,153,113,19,126,140,34,155,141,21,139,142,19,105,137,44,142,130,74,121,172,1022,61
80,106,117,124,96,106,86,76,142,248,222,117,234,223,44,168,161,99,195,223,117,223,213,79,165,185,63,139,149,1452,61
34,118,100,112,108,95,85,48,69,187,103,19,119,137,27,139,127,58,166,170,92,187,200,91,176,186,142,190,227,1198,61
83,161,94,107,119,89,144,87,26,187,109,2,96,163,20,127,114,33,152,140,16,105,135,33,177,122,4,91,148,1018,61
69,109,84,118,107,103,70,50,34,143,103,78,162,187,24,142,108,21,128,139,14,117,121,92,162,195,57,107,127,1030,61
37,51,41,3,75,104,122,66,23,74,60,257,298,308,44,47,85,412,487,415,12,116,87,287,409,391,2,68,124,1536,62
73,35,109,70,109,91,99,92,23,58,96,228,337,263,22,92,131,228,337,298,2,93,111,254,353,345,23,115,122,1458,62
75,51,69,128,156,49,84,95,2,53,77,209,278,260,36,164,105,277,433,405,6,55,162,612,696,661,3,98,87,1852,62
116,4,112,102,61,44,71,71,2,6,118,270,382,274,2,104,114,359,420,461,36,80,97,784,855,828,21,92,92,2055,62
90,57,142,44,76,64,104,82,13,70,103,209,351,266,1,45,143,262,338,306,52,116,128,174,278,238,23,105,127,1393,62
82,44,98,90,98,42,100,86,2,46,84,228,326,272,13,103,111,217,315,307,51,93,149,262,362,304,11,97,111,1424,62
102,94,144,20,94,106,82,48,18,112,120,444,588,538,11,31,155,103,197,123,139,245,233,607,689,713,32,80,114,2044,62
54,58,105,76,94,98,94,39,22,80,76,164,269,222,16,92,121,198,292,274,15,113,109,166,260,264,19,58,113,1218,62
44,154,82,70,108,76,104,71,92,246,136,149,231,303,81,151,163,352,460,422,2,78,110,294,398,370,2,73,106,1681,62
26,92,70,111,75,79,89,9,8,100,34,248,318,340,18,129,88,218,293,329,1,80,76,326,415,405,104,113,193,1474,62
41,94,75,8,67,125,95,54,23,117,64,217,292,311,71,79,146,399,466,407,46,171,113,248,343,373,2,56,97,1565,62
52,54,108,53,110,91,68,48,2,56,54,210,318,264,2,55,110,315,425,368,2,93,112,130,198,221,69,117,137,1314,62
37,54,82,82,70,118,71,129,2,56,39,197,279,251,58,140,140,294,364,376,33,151,103,226,297,344,80,209,151,1533,62
39,42,73,89,83,60,89,83,43,85,82,305,378,347,2,91,75,381,464,470,44,104,127,440,529,500,25,108,114,1798,62
77,28,95,89,117,71,85,18,41,69,118,220,315,248,24,113,119,141,258,230,11,82,128,447,532,518,41,59,126,1505,62
29,94,83,124,71,94,64,105,43,137,72,197,280,291,3,127,86,127,198,251,81,175,152,240,304,334,33,138,97,1388,62
63,39,94,103,122,24,79,47,27,66,90,238,332,277,10,113,104,521,643,624,5,29,127,352,431,376,34,81,113,1758,62
30,32,83,94,94,38,48,54,16,48,46,268,351,300,10,104,93,242,336,336,31,69,125,291,339,329,2,56,50,1333,62
36,90,105,92,8,58,113,68,14,104,50,280,385,370,2,94,107,333,341,425,116,174,124,774,887,832,2,70,115,2091,62
80,43,91,61,139,21,71,48,1,44,81,207,298,250,1,62,92,351,490,412,3,24,142,370,441,391,9,57,80,1496,62
56,61,110,104,104,106,100,95,43,104,99,220,330,281,1,105,111,160,264,264,21,127,125,154,254,260,46,141,146,1381,62
45,46,110,51,87,74,84,3,23,69,68,268,378,314,28,79,138,391,478,442,41,115,128,338,422,412,23,26,107,1612,62
10,54,107,82,105,90,72,17,1,55,11,209,316,263,20,102,127,292,397,374,17,107,122,291,363,381,41,58,113,1408,62
4,3,43,33,94,70,99,72,40,43,44,294,337,297,34,67,77,138,232,171,57,127,151,296,395,366,10,82,109,1287,62
93,26,94,59,53,4,37,71,6,32,99,232,326,258,30,89,124,363,416,422,67,71,120,367,404,371,45,116,82,1547,62
29,69,73,77,105,44,84,11,56,125,85,197,270,266,84,161,157,273,378,350,2,46,107,341,425,385,47,58,131,1492,62
51,15,106,78,69,34,118,83,64,79,115,149,255,164,2,80,108,252,321,330,48,82,117,184,302,218,10,93,128,1263,62
60,69,44,95,81,118,110,102,12,81,72,325,369,394,6,101,50,198,279,293,34,152,115,423,533,541,2,104,112,1679,62
4,69,75,103,85,111,107,81,34,103,38,243,318,312,12,115,87,226,311,329,19,130,104,311,418,422,10,91,117,1490,62
70,82,21,66,88,19,80,45,9,91,79,296,317,378,24,90,45,210,298,276,50,69,138,319,399,338,35,80,115,1414,62
59,90,267,88,78,83,99,78,120,210,179,84,351,174,51,139,318,89,167,177,83,166,161,64,163,147,75,153,174,1408,63
51,84,90,77,78,79,67,77,124,208,175,86,176,170,98,175,188,98,176,175,88,167,166,96,163,175,109,186,176,1302,63
57,98,105,79,78,139,97,98,77,175,134,54,159,152,48,127,153,77,155,156,75,214,153,7,104,146,338,436,435,1427,63
74,88,80,78,89,90,99,90,102,190,176,96,176,184,96,174,176,87,176,165,97,187,186,76,175,166,76,166,175,1318,63
50,88,63,78,88,90,89,81,102,190,152,120,183,208,111,189,174,86,174,164,76,166,164,86,175,176,87,168,176,1295,63
82,80,69,28,4,67,86,61,132,212,214,205,274,285,26,54,95,96,100,124,52,119,56,2,88,69,48,109,134,1038,63
101,77,77,89,111,100,77,76,64,141,165,78,155,155,86,175,163,66,177,155,327,427,438,66,143,166,86,162,163,1481,63
48,65,77,101,73,76,90,77,166,231,214,165,242,230,822,923,899,2963,3036,3064,121,197,194,96,186,172,99,176,189,5039,63
39,45,67,68,89,88,78,61,143,188,182,107,174,152,88,156,155,415,504,483,64,152,153,76,154,164,83,144,161,1511,63
85,21,155,16,92,165,78,78,22,43,107,66,221,87,58,74,213,87,179,103,21,186,113,75,153,240,75,153,153,1094,63
49,91,100,69,55,68,89,111,66,157,115,73,173,164,45,114,145,107,162,176,87,155,142,74,163,142,625,736,714,1709,63
58,90,111,66,79,91,79,245,64,154,122,64,175,154,53,119,164,77,156,143,941,1032,1020,228,307,319,53,298,132,2299,63
44,80,236,77,79,66,77,79,94,174,138,63,299,143,50,127,286,67,146,144,85,151,164,77,154,143,75,154,152,1249,63
20,46,142,75,64,11,81,47,317,363,337,2,144,48,1,76,143,59,123,134,135,146,199,37,118,48,39,86,120,1076,63
15,101,88,89,48,101,89,76,72,173,87,96,184,197,66,155,154,149,197,238,66,167,114,73,162,174,90,166,179,1219,63
74,109,109,101,104,123,102,98,222,331,296,220,329,329,218,319,327,206,310,307,523,646,627,259,361,382,155,253,257,2623,63
64,76,90,66,70,55,76,90,101,177,165,74,164,150,67,133,157,85,155,151,86,141,156,87,163,142,67,157,143,1154,63
4,89,102,110,78,80,81,91,76,165,80,52,154,141,42,152,144,67,145,177,52,132,130,76,157,156,69,160,150,1069,63
22,76,100,112,78,66,99,77,147,223,169,107,207,183,42,154,142,87,165,199,87,153,165,86,185,152,78,155,177,1264,63
36,80,77,78,103,92,79,86,512,592,548,88,165,168,64,142,141,54,157,132,46,138,149,340,419,432,77,163,156,1812,63
43,23,69,50,78,63,2,46,64,87,107,31,100,54,59,109,128,9,87,59,21,84,99,80,82,143,64,110,66,702,63
63,78,75,76,78,78,89,71,114,192,177,95,170,173,101,177,176,76,154,152,88,166,166,86,175,164,93,164,182,1261,63
59,76,75,80,89,76,66,104,176,252,235,131,206,207,120,200,195,108,197,188,110,186,199,130,196,206,100,204,166,1500,63
106,97,137,61,5,70,3,79,1,98,107,2,139,99,16,77,153,86,91,147,62,132,67,60,63,130,42,121,45,827,63
78,89,101,77,107,113,112,105,56,145,134,54,155,143,98,175,199,98,205,175,58,171,165,74,186,187,73,178,185,1293,63
36,97,96,98,87,99,102,87,190,287,226,164,260,261,157,255,253,174,261,272,166,265,253,151,253,250,155,242,257,1859,63
65,113,101,80,77,89,68,77,50,163,115,40,141,153,41,121,142,88,165,168,1085,1174,1162,86,154,175,196,273,264,2256,63
5,76,78,79,80,79,78,79,90,166,95,64,142,140,77,156,155,63,143,142,64,143,144,63,141,142,65,144,143,1040,63
51,74,108,67,65,79,71,79,535,609,586,67,175,141,26,93,134,90,155,157,74,153,139,63,134,142,72,151,143,1521,63
33,101,114,89,73,78,89,67,97,198,130,29,143,130,43,132,157,67,140,156,67,145,140,63,152,141,66,133,155,1076,63
63,74,74,54,77,54,46,64,112,186,175,350,424,424,155,209,229,93,170,147,141,195,218,124,170,178,144,208,190,1625,64
46,59,65,73,77,93,76,81,112,171,158,222,287,281,71,144,136,61,138,134,95,188,172,69,145,162,92,173,168,1292,64
101,93,40,76,6,4,79,128,158,251,259,105,145,198,40,116,80,280,286,356,1,5,7,2,81,6,51,179,130,1164,64
51,107,83,106,108,105,85,105,677,784,728,92,175,199,147,253,230,90,198,196,80,185,188,321,406,426,112,217,197,2269,64
68,61,82,105,115,104,5,15,116,177,184,96,178,157,84,189,166,81,196,186,94,198,209,135,140,239,140,155,145,1301,64
82,12,3,87,111,54,87,8,312,324,394,100,103,112,41,128,44,58,169,145,55,109,166,71,158,125,237,245,324,1318,64
59,103,108,98,67,86,110,86,279,382,338,85,193,188,101,199,209,152,219,250,124,210,191,109,219,195,99,185,209,1666,64
90,74,95,84,86,85,86,21,105,179,195,46,141,120,31,115,126,61,147,145,32,117,118,35,121,120,22,43,108,953,64
59,66,63,65,66,66,87,48,117,183,176,264,327,330,94,159,157,91,157,156,110,176,176,112,199,178,118,166,205,1426,64
33,84,108,111,65,119,123,97,341,425,374,114,222,198,142,253,250,118,183,229,1156,1275,1221,93,216,212,82,179,205,2786,64
16,5,78,60,51,15,4,71,148,153,164,114,192,119,58,118,136,57,108,117,196,211,247,86,90,101,13,84,17,972,64
62,75,54,76,66,76,61,12,112,187,174,114,168,189,112,188,166,111,177,187,123,199,189,522,583,598,144,156,205,1720,64
79,31,64,65,65,63,85,46,126,157,205,299,363,330,124,189,188,122,187,187,896,959,961,580,665,643,111,157,196,2756,64
31,100,78,49,46,97,74,65,177,277,208,87,165,187,170,219,248,138,184,187,341,438,387,113,187,210,122,187,196,1688,64
9,31,47,6,7,84,104,116,758,789,767,191,238,222,305,311,352,54,61,60,120,204,127,107,211,191,81,197,185,2020,64
79,40,65,74,75,76,56,85,138,178,217,323,388,363,131,205,196,113,188,187,113,189,188,140,196,216,105,190,161,1613,64
104,92,108,98,68,74,108,76,94,186,198,92,200,184,111,209,219,109,177,207,134,208,202,123,231,197,100,176,208,1491,64
72,63,85,87,37,68,72,119,116,179,188,101,186,164,92,179,177,101,138,188,66,134,103,11,83,79,47,166,119,1137,64
74,33,24,66,67,5,59,6,174,207,248,620,644,653,163,229,187,113,180,179,787,792,854,55,114,60,287,293,346,2533,64
73,63,89,79,62,95,119,157,127,190,200,103,192,166,118,197,207,123,185,202,383,478,445,937,1056,1032,352,509,471,2880,64
84,53,52,69,65,86,73,84,110,163,194,116,168,169,305,374,357,112,177,181,113,199,178,114,187,200,145,229,218,1581,64
68,76,54,53,7,6,5,106,331,407,399,163,217,239,133,186,187,115,122,168,388,394,395,182,187,188,172,278,177,1859,64
71,32,75,60,87,46,97,82,158,190,229,123,198,155,147,207,222,352,439,412,339,385,426,581,678,627,581,663,678,2831,64
85,83,73,62,55,66,71,96,90,173,175,104,177,187,105,167,178,124,179,186,109,175,164,121,192,187,88,184,159,1332,64
37,76,35,66,109,85,95,34,103,179,140,122,157,198,111,177,146,101,210,167,47,132,156,105,200,190,476,510,571,1602,64
77,34,77,41,86,62,85,96,100,134,177,102,179,136,102,143,179,156,242,197,93,155,179,115,200,177,69,165,154,1295,64
28,7,50,42,85,11,41,43,1031,1038,1059,753,803,760,1479,1521,1529,1101,1186,1143,187,198,272,811,852,822,842,885,883,6511,64
53,86,54,54,86,85,66,72,82,168,135,93,147,179,143,197,197,102,188,156,103,188,189,102,168,187,122,194,188,1303,64
51,84,29,20,33,5,33,4,1677,1761,1728,702,731,786,347,367,376,165,198,185,72,77,105,101,134,106,49,53,82,3372,64
94,76,42,76,42,84,95,71,466,542,560,111,153,187,156,232,198,122,164,198,115,199,157,91,186,175,148,219,243,1789,64
73,80,87,100,69,23,49,60,132,212,205,137,224,217,197,297,284,1071,1140,1171,221,244,290,475,524,498,416,476,465,3190,65
51,50,68,29,73,54,62,54,184,234,235,110,178,160,181,210,249,101,174,130,136,190,209,134,196,188,149,203,211,1436,65
66,33,70,62,57,60,53,77,123,156,189,81,151,114,378,440,448,358,415,420,2264,2324,2321,185,238,245,232,309,285,4099,65
56,44,57,58,65,66,68,56,183,227,239,297,354,341,588,646,645,249,314,307,530,596,595,208,276,274,212,268,280,2737,65
52,84,79,102,70,25,72,78,148,232,200,91,170,175,96,198,175,124,194,226,188,213,258,125,197,150,118,196,190,1452,65
31,69,63,56,54,53,70,63,150,219,181,112,175,181,131,187,194,181,235,237,144,197,198,182,252,235,134,197,204,1493,65
43,50,35,41,95,69,59,63,196,246,239,3477,3512,3527,184,225,219,150,245,191,363,432,458,502,561,571,134,197,193,5461,65
76,47,74,73,69,81,74,61,170,217,246,141,215,188,132,205,206,136,205,209,126,207,195,129,203,210,126,187,200,1515,65
73,5,75,74,69,50,89,70,310,315,383,44,119,49,111,185,186,144,213,218,164,214,233,90,179,140,126,196,215,1494,65
64,75,62,40,71,48,24,51,185,260,249,364,426,439,371,411,433,785,856,825,462,510,533,165,189,213,153,204,177,2920,65
60,99,78,89,80,62,84,72,189,288,249,102,180,201,152,241,230,144,224,233,257,319,337,104,188,166,85,157,169,1657,65
61,60,59,31,62,41,59,74,129,189,190,137,196,197,185,216,244,143,205,174,184,225,246,221,280,262,139,213,198,1585,65
67,72,18,44,15,67,51,145,114,186,181,162,180,234,152,196,170,137,152,181,443,510,458,183,234,250,89,234,140,1759,65
18,60,5,62,70,49,105,64,373,433,391,198,203,258,110,172,115,118,188,180,138,187,208,106,211,155,102,166,207,1578,65
65,70,85,71,53,55,50,92,94,164,159,109,194,179,102,173,187,122,175,193,119,174,172,136,186,191,138,230,188,1361,65
57,9,83,80,68,87,74,54,260,269,317,76,159,85,131,211,214,136,204,216,116,203,184,127,201,214,149,203,223,1507,65
5,70,68,35,53,48,78,41,140,210,145,183,251,253,184,219,252,140,193,175,147,195,200,141,219,189,162,203,240,1495,65
53,4,71,68,78,51,96,107,233,237,286,147,218,151,348,416,419,122,200,190,154,205,232,143,239,194,91,198,187,1766,65
30,75,83,61,39,39,89,48,181,256,211,95,178,170,114,175,197,138,177,199,139,178,178,108,197,147,130,178,219,1369,65
153,7,65,19,71,85,113,71,113,120,266,116,181,123,396,415,461,121,192,140,135,220,206,102,215,187,80,151,193,1647,65
66,78,79,40,57,70,69,80,136,214,202,146,225,224,184,224,263,370,427,410,127,197,184,414,483,484,127,207,196,2043,65
18,59,36,56,69,59,61,60,185,244,203,417,453,476,285,341,321,672,741,728,184,243,253,404,465,463,2449,2509,2510,5014,65
55,59,82,43,62,85,95,87,151,210,206,153,235,212,180,223,262,145,207,188,149,234,211,129,224,214,115,202,210,1590,65
57,78,15,27,40,84,10,14,182,260,239,150,165,228,179,206,194,187,227,214,135,219,175,148,158,232,187,201,197,1493,65
56,72,42,72,81,82,68,66,151,223,207,148,190,220,130,202,172,153,234,225,118,200,199,132,200,214,131,197,199,1502,65
131,156,38,56,126,108,48,58,2,158,133,45,83,201,67,123,105,25,151,81,18,126,144,50,98,158,135,193,183,1063,65
55,63,89,76,77,69,55,97,189,252,244,117,206,180,118,194,207,129,206,205,128,197,205,150,205,219,144,241,199,1556,65
30,82,103,136,87,49,166,109,178,260,208,105,208,187,39,175,142,26,113,162,36,85,123,17,183,66,44,153,210,1207,65
5,64,22,68,70,68,144,62,95,159,100,191,213,255,190,258,212,110,180,178,138,206,208,140,284,208,46,108,190,1413,65
6,57,109,81,87,62,62,67,433,490,439,142,251,199,257,338,366,129,216,210,112,174,199,146,208,208,404,471,466,2154,65
80,83,48,106,96,96,90,92,129,212,209,162,210,245,190,296,238,164,260,270,94,190,190,191,281,287,2072,2164,2162,3693,66
80,70,114,71,83,79,81,62,141,211,221,178,292,248,131,202,245,141,224,212,131,210,214,398,479,477,145,207,226,1905,66
107,110,84,98,33,86,12,28,22,132,129,13,97,123,1,99,85,34,67,132,48,134,81,1,13,87,73,101,85,750,66
118,124,109,112,81,116,87,111,2,126,120,14,123,138,36,148,145,1,82,113,71,187,152,1,88,117,49,160,136,1032,66
96,97,90,112,50,96,68,96,48,145,144,19,109,116,38,150,128,0,50,112,71,167,121,13,81,109,25,121,93,919,66
95,96,97,120,110,122,97,125,23,119,118,37,134,133,16,136,113,38,148,158,13,135,123,13,110,135,24,149,121,1026,66
80,95,124,126,96,99,81,94,48,143,128,161,285,256,35,161,159,11,107,137,26,125,122,82,163,181,12,106,93,1170,66
129,113,91,83,95,80,106,68,52,165,181,1,92,114,37,120,128,28,123,111,17,97,112,27,133,107,26,94,132,953,66
120,124,94,108,97,110,83,101,36,160,156,15,109,139,49,157,143,49,146,157,58,168,155,37,120,147,49,150,132,1130,66
95,84,95,125,97,97,122,84,45,129,140,62,157,146,25,150,120,12,109,137,49,146,146,47,169,144,1,85,123,1040,66
83,54,98,94,113,79,97,83,93,147,176,73,171,127,25,119,123,60,173,154,1,80,114,48,145,127,2725,2808,2822,3726,66
124,110,125,111,110,124,94,99,10,120,134,24,149,134,13,124,138,50,160,161,12,136,122,1,95,125,49,148,143,1056,66
55,72,68,40,68,53,53,104,104,176,159,148,216,220,119,159,187,87,155,127,110,163,178,108,161,161,2466,2570,2519,3655,66
81,124,94,96,97,110,83,123,37,161,118,15,109,139,49,145,143,25,122,121,37,147,134,12,95,122,26,149,109,1009,66
95,111,111,109,109,124,109,95,47,158,142,25,136,136,12,121,123,36,145,145,36,160,145,13,122,137,26,121,135,1058,66
108,126,93,96,110,95,54,83,13,139,121,14,107,140,26,122,119,36,146,132,26,121,136,37,91,132,50,133,104,967,66
95,94,110,97,96,92,82,70,13,107,108,49,159,143,13,110,123,72,168,169,18,110,114,60,142,152,59,129,141,1020,66
108,103,94,99,110,97,94,123,48,151,156,11,105,114,58,157,152,11,121,110,50,147,160,2,96,99,60,183,154,1068,66
134,122,140,138,140,96,114,95,80,202,214,49,189,171,117,255,257,26,166,164,1,97,141,67,181,163,6,101,120,1325,66
105,105,97,96,141,105,81,68,0,105,105,35,132,140,39,135,136,47,188,143,11,116,152,12,93,117,49,117,130,991,66
125,106,111,111,125,94,98,110,1,107,126,37,148,143,25,136,136,13,138,124,1,95,126,36,134,130,12,122,110,1005,66
93,118,99,94,97,123,82,107,25,143,118,19,118,137,0,94,99,47,144,141,13,136,110,12,94,135,26,133,108,955,66
124,92,98,108,110,109,97,80,1,93,125,36,134,128,0,108,98,62,172,170,12,121,122,49,146,158,0,80,97,978,66
106,137,95,124,68,141,51,111,25,162,131,1,96,138,73,197,168,72,140,196,59,200,127,1,52,142,36,147,87,1100,66
107,107,96,67,96,82,123,110,15,122,122,37,133,144,65,132,161,37,133,104,84,166,180,49,172,131,37,147,160,1112,66
96,79,110,97,97,110,96,109,76,155,172,38,148,117,38,135,148,70,167,167,36,146,133,27,123,137,36,145,132,1115,66
108,137,97,113,65,82,96,68,25,162,133,26,123,163,141,254,238,1,66,114,118,200,183,51,147,133,62,130,158,1190,66
109,123,110,85,97,97,98,114,25,148,134,38,148,161,83,168,193,38,135,123,49,146,146,38,136,135,48,162,146,1152,66
106,96,109,110,98,110,95,125,49,145,155,37,146,133,37,147,146,24,122,134,49,159,147,38,133,148,49,174,144,1132,66
109,110,108,111,107,82,27,84,11,121,120,25,133,135,26,137,134,25,132,136,72,154,179,115,142,197,61,145,88,1073,66
77,64,20,58,30,18,37,69,177,241,254,114,134,178,15,73,35,147,177,205,7,25,37,111,148,129,48,117,85,992,67
75,17,54,61,97,42,95,21,178,195,253,68,122,85,46,107,100,21,118,82,14,56,111,60,155,102,4,25,99,853,67
83,100,46,35,44,54,31,83,54,154,137,14,60,114,81,116,127,41,85,76,76,130,120,64,95,118,88,171,119,894,67
91,28,41,68,125,51,96,41,111,139,202,40,81,68,101,169,142,2,127,70,12,63,137,63,159,114,63,104,159,933,67
91,112,44,70,18,22,25,86,16,128,107,41,85,153,39,109,83,57,75,127,84,106,102,105,130,127,51,137,76,861,67
42,16,67,108,45,71,42,73,63,79,105,102,169,118,2,110,69,43,88,151,91,162,136,41,83,112,74,147,116,880,67
74,16,88,91,17,56,32,22,101,117,175,34,122,50,2,93,90,40,57,131,65,121,82,84,116,140,32,54,64,754,67
82,121,85,96,27,60,133,86,23,144,105,17,102,138,39,135,124,18,45,114,113,173,140,2,135,62,18,104,151,920,67
100,62,83,53,102,70,22,47,367,429,467,2,85,64,42,95,125,14,116,67,92,162,194,40,62,110,83,130,105,1179,67
72,91,66,97,50,36,35,79,24,115,96,27,93,118,33,130,99,17,67,114,82,118,132,67,102,103,48,127,83,824,67
62,28,42,79,37,34,16,61,75,103,137,56,98,84,43,122,85,23,60,102,106,140,143,76,92,110,43,104,59,781,67
90,78,17,65,15,58,105,16,66,144,156,40,57,118,85,150,102,112,127,177,13,71,28,34,139,92,31,47,136,825,67
111,54,54,37,193,33,16,37,7,61,118,74,128,128,40,77,94,81,274,118,2,35,195,33,49,66,87,124,103,859,67
19,50,109,49,86,17,77,25,161,211,180,3,112,53,32,81,141,66,152,115,5,22,91,89,166,106,35,60,112,823,67
60,67,53,118,52,157,69,40,20,87,80,58,111,125,25,143,78,2,54,120,46,203,98,3,72,160,58,98,127,828,67
67,78,15,17,126,69,82,20,90,168,157,66,81,144,103,120,118,2,128,19,58,127,184,67,149,136,28,48,110,888,67
108,111,60,78,38,35,20,28,3,114,111,17,77,128,29,107,89,24,62,102,117,152,155,44,64,79,83,111,103,795,67
69,43,63,104,19,60,17,33,67,110,136,30,93,73,4,108,67,24,43,128,64,124,83,42,59,102,109,142,126,748,67
60,90,16,21,61,34,17,102,60,150,120,32,48,122,86,107,102,47,108,68,51,85,112,107,124,141,27,129,44,811,67
109,52,19,29,85,81,114,25,103,155,212,25,44,77,109,138,128,40,125,69,32,113,117,14,128,95,60,85,174,897,67
18,51,63,119,50,112,19,38,20,71,38,118,181,169,2,121,65,3,53,122,34,146,84,20,39,132,102,140,121,769,67
133,36,68,97,23,17,29,19,46,82,179,2,70,38,40,137,108,21,44,118,129,146,152,51,80,68,107,126,136,818,67
73,81,16,20,44,58,18,60,66,147,139,36,52,117,95,115,111,57,101,77,74,132,118,85,103,143,25,85,43,808,67
114,74,27,49,114,18,44,58,147,221,261,88,115,162,18,67,45,40,154,89,21,39,135,169,213,187,41,99,85,1022,67
61,88,88,15,70,20,17,33,132,220,193,24,112,112,29,44,117,86,156,101,33,53,103,106,123,126,77,110,94,879,67
80,78,20,28,77,76,118,56,75,153,155,28,48,106,111,139,131,57,134,85,24,100,101,2,120,78,51,107,169,881,67
160,90,17,79,92,29,80,19,115,205,275,46,63,136,92,171,109,49,141,128,2,31,94,88,168,117,4,23,84,962,67
39,58,80,56,141,42,15,46,5,63,44,267,347,325,27,83,107,57,198,113,2,44,143,42,57,84,79,125,94,956,67
41,102,80,191,20,67,23,35,41,143,82,25,105,127,37,228,117,5,25,196,47,114,67,153,176,220,87,122,110,954,67
127,93,17,18,33,88,69,15,2,95,129,32,49,125,101,119,118,84,117,102,34,122,67,45,114,133,35,50,104,793,67
86,104,85,96,83,95,137,106,95,199,181,177,262,281,83,179,168,151,234,247,96,191,179,82,219,177,159,265,296,1635,68
67,141,82,114,121,73,59,103,27,168,94,2,84,143,14,128,96,9,130,123,258,331,379,71,130,144,226,329,285,1367,68
92,120,72,61,74,83,76,93,34,154,126,80,152,200,118,179,190,234,308,295,81,164,155,58,134,141,115,208,191,1391,68
82,110,86,95,97,48,60,109,46,156,128,34,120,144,43,138,129,70,167,165,69,117,166,94,154,142,81,190,141,1124,68
85,120,94,116,92,97,86,84,82,202,167,23,117,143,15,131,109,26,118,142,22,119,114,34,120,131,21,105,107,997,68
78,112,140,119,132,108,66,108,259,371,337,199,339,311,130,249,270,92,224,211,106,214,238,148,214,256,69,177,135,1866,68
100,125,119,108,83,108,109,106,49,174,149,15,134,140,71,179,190,81,164,189,72,180,155,67,176,175,72,178,181,1285,68
105,118,67,49,81,95,84,119,168,286,273,383,450,501,106,155,173,71,152,120,213,308,294,83,167,178,104,223,188,1846,68
73,107,119,83,84,64,132,88,57,164,130,35,154,142,71,154,190,71,155,154,18,82,102,117,249,181,35,123,167,1154,68
30,108,92,68,120,82,72,80,146,254,176,98,190,206,144,212,236,83,203,151,46,128,166,71,143,153,35,115,107,1275,68
103,83,84,110,77,84,78,107,5,88,108,7,91,90,37,147,121,2,79,112,59,143,136,2,80,86,50,157,128,888,68
88,118,104,101,119,104,89,137,422,540,510,1168,1272,1286,165,266,269,122,241,223,1461,1565,1580,306,395,410,3432,3569,3521,7936,68
75,112,95,83,107,108,70,91,118,230,193,89,184,201,178,261,273,220,327,303,157,265,264,153,223,261,108,199,178,1764,68
14,37,62,85,85,73,75,86,195,232,209,72,134,109,251,336,313,354,439,439,212,285,297,80,155,153,233,319,308,1914,68
77,55,99,83,96,95,96,115,62,117,139,32,131,87,188,271,287,49,145,132,69,164,165,246,342,341,61,176,157,1423,68
72,109,116,83,51,72,63,98,70,179,142,22,138,131,14,97,130,24,75,107,42,114,93,24,87,96,32,130,95,892,68
101,91,76,132,94,72,66,47,114,205,215,34,110,125,205,337,281,93,187,225,307,379,401,77,143,149,70,117,136,1579,68
79,107,84,60,72,68,71,94,367,474,446,71,155,178,234,294,318,71,143,131,193,261,265,83,154,151,177,271,248,1831,68
68,106,96,105,97,83,107,113,31,137,99,36,132,142,202,307,298,57,154,162,426,509,523,213,320,296,58,171,165,1798,68
106,132,96,71,95,96,61,118,152,284,258,69,165,201,81,152,177,108,203,179,45,141,140,189,250,285,117,235,178,1536,68
120,106,161,108,96,117,96,64,23,129,143,36,197,142,63,171,224,71,167,179,12,129,108,35,131,152,42,106,138,1150,68
78,118,87,84,59,27,106,104,61,179,139,66,153,184,79,163,166,96,155,180,641,668,700,189,295,216,599,703,705,2394,68
90,52,107,63,117,118,106,137,161,213,251,70,177,122,153,216,260,80,197,143,108,226,225,96,202,214,71,208,177,1529,68
43,78,99,92,59,95,82,95,159,237,202,34,133,112,119,211,218,12,71,104,71,166,130,12,94,107,47,142,129,1097,68
68,77,86,111,91,103,106,105,172,249,240,279,365,356,83,194,169,243,334,354,788,891,879,346,452,449,304,409,410,2962,68
52,109,106,80,115,94,142,91,156,265,208,535,641,644,146,226,252,665,780,745,173,267,288,355,497,449,316,407,458,3135,68
77,132,83,93,83,86,79,97,143,275,220,20,103,152,61,154,144,24,107,117,58,144,141,10,89,96,37,134,116,1083,68
81,98,48,106,95,131,97,82,165,263,246,127,175,225,83,189,131,81,176,187,259,390,354,79,176,210,177,259,274,1709,68
74,97,95,145,60,84,94,66,219,316,293,96,191,193,215,360,310,101,161,246,130,214,190,167,261,251,123,189,217,1766,68
36,21,65,32,73,3,73,28,47,68,83,93,158,114,11,43,76,83,156,115,43,46,116,96,169,99,41,69,114,745,68
43,104,96,64,122,112,113,122,122,226,165,146,242,250,155,219,251,116,238,180,111,223,233,120,233,232,85,207,198,1631,69
98,90,96,69,95,96,105,122,120,210,218,100,196,190,102,171,198,138,233,207,121,217,216,92,197,188,76,198,181,1520,69
43,130,3,123,132,138,139,132,43,173,86,101,104,231,32,155,35,14,146,137,16,154,148,17,156,155,7,139,146,1070,69
64,107,79,99,121,105,123,109,110,217,174,143,222,250,146,245,225,116,237,215,111,216,232,136,259,241,110,219,233,1679,69
88,95,115,94,112,95,109,129,92,187,180,103,218,198,136,230,251,112,224,206,120,215,232,120,229,215,82,211,191,1602,69
134,96,131,107,139,111,112,113,13,109,147,34,165,130,3,110,134,60,199,167,53,164,192,0,112,111,85,198,197,1191,69
84,78,104,79,78,103,75,88,125,203,209,120,224,198,102,181,206,154,232,233,139,242,217,148,223,251,103,191,178,1580,69
56,102,53,86,98,82,95,70,98,200,154,139,192,241,120,206,173,138,236,224,99,181,197,186,281,268,129,199,224,1551,69
26,96,130,87,86,90,104,121,111,207,137,86,216,182,76,163,206,121,207,208,137,227,223,160,264,250,103,224,207,1534,69
57,121,22,52,108,86,78,87,129,250,186,206,228,327,143,195,165,165,273,217,133,219,241,145,223,231,120,207,198,1652,69
72,81,87,81,96,122,103,114,108,189,180,108,195,189,137,218,224,134,230,215,93,215,189,87,190,209,119,233,222,1542,69
81,78,117,106,69,32,100,87,94,172,175,103,220,181,63,169,180,171,240,277,192,224,261,158,258,190,103,190,203,1554,69
98,121,114,113,73,142,3,131,10,131,108,21,135,142,33,146,147,82,155,195,34,176,107,134,137,276,22,153,25,1131,69
109,86,88,36,104,98,96,155,108,194,217,146,234,232,162,198,250,111,215,147,111,209,215,143,239,241,128,283,224,1681,69
137,104,73,77,122,107,104,104,90,194,227,133,206,237,163,240,236,137,259,214,120,227,242,117,221,224,119,223,223,1707,69
69,86,104,105,144,139,93,103,114,200,183,112,216,198,93,198,197,102,246,207,72,211,216,123,216,262,129,232,222,1588,69
80,115,3,114,114,101,127,122,25,140,105,125,128,240,25,139,28,14,128,128,55,156,169,1,128,102,24,146,151,1045,69
90,4,87,70,130,133,3,122,111,115,201,57,144,61,75,145,162,34,164,104,42,175,172,117,120,250,49,171,52,1124,69
71,96,79,104,105,123,121,95,117,213,188,137,216,233,110,214,189,120,225,224,109,232,214,77,198,200,103,198,224,1567,69
130,96,94,88,100,118,91,78,87,183,217,130,224,226,102,190,196,179,279,267,93,211,193,137,228,255,116,194,207,1639,69
54,84,120,108,96,121,124,118,44,128,98,36,156,120,33,141,153,47,143,155,25,146,121,22,146,143,41,159,165,1073,69
81,122,70,136,113,93,105,105,117,239,198,111,181,233,137,273,207,71,184,207,133,226,246,118,223,211,101,206,206,1613,69
37,98,92,93,129,131,130,113,35,133,72,78,170,176,92,185,184,24,153,117,34,165,163,41,171,172,25,138,155,1152,69
62,94,110,79,133,121,112,114,119,213,181,70,180,164,139,218,249,163,296,242,82,203,215,103,215,224,94,208,206,1595,69
15,87,112,96,122,96,103,53,84,171,99,103,215,190,120,216,232,77,199,173,101,197,223,129,232,225,94,147,197,1392,69
79,120,115,113,78,133,112,149,14,134,93,1,116,121,42,155,157,77,155,190,31,164,109,25,137,158,60,209,172,1149,69
7,10,108,133,70,111,123,113,79,89,86,112,220,122,1,134,109,33,103,166,121,232,191,34,157,145,50,163,173,1105,69
4,113,113,105,125,105,98,86,90,203,94,128,241,241,111,216,224,67,192,172,99,204,224,112,210,217,108,194,206,1464,69
12,3,79,112,75,108,64,97,88,91,100,57,136,60,45,157,124,1,76,113,86,194,161,44,108,152,76,173,140,947,69
95,88,107,105,87,70,86,61,117,205,212,110,217,198,83,188,190,84,171,189,146,216,233,137,223,207,138,199,224,1514,69
60,71,54,4,72,104,98,69,2,73,62,64,118,135,78,82,132,83,155,87,38,142,110,86,184,190,26,95,124,909,70
94,53,20,106,94,69,54,5,20,73,114,69,89,122,89,195,109,35,129,141,72,141,166,62,116,131,47,52,101,889,70
118,99,71,59,88,74,54,51,28,127,146,42,113,141,3,62,74,92,180,151,2,76,90,96,150,170,105,156,159,982,70
89,97,92,43,17,78,79,16,59,156,148,59,151,156,67,110,159,83,100,126,62,140,79,54,133,132,41,57,120,936,70
130,50,2,112,73,67,84,80,10,60,140,22,24,72,105,217,107,28,101,140,4,71,77,108,192,175,1,81,85,876,70
83,85,38,43,125,88,84,95,242,327,325,73,111,158,28,71,66,49,174,92,21,109,146,5,89,93,96,191,180,1155,70
119,77,80,89,76,93,79,7,25,102,144,50,130,127,29,118,109,2,78,91,15,108,91,75,154,168,22,29,101,838,70
66,77,56,6,15,64,4,69,34,111,100,2,58,79,85,91,141,61,76,67,52,116,67,78,82,142,19,88,23,688,70
80,46,3,94,93,70,72,76,42,88,122,126,129,172,15,109,18,4,97,98,29,99,122,47,119,117,3,79,75,800,70
119,92,129,90,76,39,5,109,87,179,206,23,152,115,38,128,167,25,101,115,75,114,151,76,81,115,85,194,90,1068,70
75,92,83,84,93,65,76,43,47,139,122,2,85,94,88,172,171,23,116,107,17,82,110,87,163,152,42,85,118,917,70
70,46,5,111,46,4,118,84,65,111,135,68,73,114,72,183,77,45,91,156,113,117,159,11,129,15,47,131,165,905,70
117,86,85,87,101,20,14,71,2,88,119,88,173,174,25,112,110,42,143,129,100,120,201,81,95,101,196,267,210,1115,70
69,36,52,50,5,95,85,61,52,88,121,12,64,48,79,129,131,52,57,102,70,165,75,2,87,97,41,102,126,761,70
63,84,92,61,4,109,89,5,22,106,85,16,108,100,74,135,166,30,34,91,104,213,108,14,103,123,52,57,141,819,70
53,94,77,22,4,60,63,62,2,96,55,2,79,96,57,79,134,69,73,91,105,165,109,2,65,62,160,222,223,832,70
122,22,55,88,78,64,10,14,8,30,130,50,105,72,91,179,146,2,80,90,23,87,101,94,104,158,78,92,88,799,70
110,109,108,25,3,117,114,51,13,122,123,26,134,135,70,95,178,91,94,116,73,190,76,47,161,164,2,53,116,959,70
62,70,21,79,101,45,7,54,33,103,95,41,62,111,75,154,96,81,182,160,87,132,188,75,82,120,45,99,52,876,70
105,60,56,39,3,120,87,77,61,121,166,28,84,88,94,133,150,55,58,94,77,197,80,46,133,166,44,121,131,952,70
87,86,48,6,3,56,24,101,14,100,101,31,79,117,104,110,152,45,48,51,220,276,223,29,53,85,183,284,207,1037,70
113,72,5,38,40,103,87,105,164,236,277,87,92,159,76,114,81,33,73,71,112,215,152,2,89,105,64,169,151,1101,70
32,87,99,79,31,39,8,102,74,161,106,61,160,148,65,144,164,65,96,144,75,114,106,65,73,104,61,163,69,943,70
58,94,38,10,88,103,66,70,70,164,128,63,101,157,52,62,90,56,144,66,16,119,104,2,68,105,65,135,131,851,70
107,103,92,111,79,51,5,138,13,116,120,5,97,108,73,184,165,2,81,113,167,218,246,35,40,86,95,233,100,1076,70
110,113,113,77,101,43,19,108,29,142,139,1,114,114,302,379,415,6,107,83,89,132,190,55,74,98,72,180,91,1238,70
71,60,79,13,7,102,59,19,22,82,93,12,91,72,74,87,153,83,90,96,61,163,68,24,83,126,62,81,121,748,70
77,54,20,109,102,123,85,84,105,159,182,61,81,115,72,181,92,47,149,156,48,171,150,29,114,152,29,113,114,1045,70
125,90,84,69,5,124,6,55,1,91,126,37,121,127,123,192,207,91,96,160,93,217,98,76,82,200,88,143,94,1067,70
65,88,88,120,154,84,101,86,52,140,117,68,156,156,55,175,143,36,190,156,4,88,158,166,267,250,110,196,211,1277,70
69,85,85,78,86,87,86,138,102,187,171,97,182,182,101,179,186,87,173,165,83,170,169,87,173,174,92,230,178,1363,71
101,67,132,96,103,103,94,111,118,185,219,105,237,172,45,141,177,78,181,174,75,178,178,87,181,190,93,204,187,1408,71
113,110,128,183,127,129,127,146,59,169,172,89,217,199,92,275,220,33,160,216,100,229,227,79,206,208,83,229,210,1598,71
83,146,83,111,89,138,84,114,32,178,115,24,107,170,40,151,123,48,137,159,3,141,92,15,99,153,88,202,172,1098,71
43,84,87,128,96,94,103,102,114,198,157,89,176,173,108,236,195,35,131,163,83,177,179,79,182,173,83,185,186,1328,71
95,141,97,112,65,132,102,121,28,169,123,2,99,143,30,142,127,16,81,128,48,180,113,2,104,134,17,138,119,1008,71
89,85,99,85,104,130,95,94,90,175,179,294,393,379,100,185,199,88,192,173,65,195,169,52,147,182,91,185,186,1561,71
70,123,46,116,36,155,60,148,86,209,156,35,81,158,72,188,118,36,72,152,47,202,83,12,72,167,32,180,92,1074,71
96,126,49,122,95,120,78,87,39,165,135,86,135,212,40,162,89,53,148,175,23,143,118,22,100,142,82,169,160,1118,71
59,175,134,73,120,85,135,101,33,208,92,156,290,331,3,76,137,61,181,134,4,89,124,48,183,133,15,116,150,1202,71
104,95,96,51,59,155,137,158,40,135,144,79,175,174,117,168,213,184,243,235,2,157,61,83,220,238,71,229,208,1431,71
139,112,150,72,162,106,181,112,38,150,177,26,176,138,18,90,168,57,219,129,34,140,196,4,185,110,2,114,183,1213,71
62,153,52,152,103,134,103,138,90,243,152,65,117,218,27,179,79,78,181,230,33,167,136,32,135,166,17,155,120,1239,71
75,147,114,88,88,149,83,165,42,189,117,29,143,176,2,90,116,48,136,136,2,151,90,3,86,152,35,200,118,1070,71
106,128,120,103,120,111,128,119,106,234,212,78,198,206,100,203,220,113,233,216,116,227,236,79,207,190,109,228,237,1636,71
200,31,116,88,154,131,135,98,4,35,204,49,165,80,8,96,124,56,210,144,25,156,179,2,137,133,24,122,159,1121,71
13,113,89,86,103,127,87,98,90,203,103,50,139,163,81,167,170,70,173,156,58,185,161,38,125,165,75,173,162,1178,71
103,86,85,44,87,70,79,87,76,162,179,63,148,149,118,162,203,342,429,386,107,177,194,95,174,165,115,202,194,1557,71
110,55,79,101,95,95,59,103,59,114,169,99,178,154,90,191,169,81,176,182,91,186,186,97,156,192,118,221,177,1332,71
82,77,77,88,98,86,79,61,86,163,168,97,174,174,109,197,186,94,192,182,69,155,167,124,203,210,98,159,177,1325,71
150,23,80,61,79,17,100,21,20,43,170,92,172,115,23,84,103,70,149,131,58,75,137,72,172,89,60,81,160,926,71
59,159,122,147,103,145,102,145,66,225,125,41,163,200,2,149,124,48,151,195,39,184,142,31,133,176,30,175,132,1239,71
91,154,103,139,103,144,100,155,60,214,151,39,142,193,25,164,128,2,105,141,57,201,160,24,124,168,40,195,140,1236,71
75,43,53,76,94,112,77,78,103,146,178,121,174,164,118,194,171,89,183,165,91,203,185,54,131,166,99,177,176,1283,71
53,129,97,132,96,163,94,154,83,212,136,19,116,148,42,174,139,32,128,164,23,186,119,47,141,210,48,202,142,1212,71
48,98,87,123,51,164,82,171,81,179,129,12,99,110,37,160,124,39,90,162,47,211,98,2,84,166,4,175,86,1046,71
37,138,79,137,58,130,49,138,126,264,163,28,107,166,40,177,119,40,98,177,49,179,107,33,82,163,74,212,123,1156,71
59,79,118,162,95,142,135,124,104,183,163,128,246,207,41,203,159,30,125,192,19,161,114,38,173,180,3,127,138,1277,71
186,62,158,56,114,41,113,76,17,79,203,42,200,104,4,60,162,31,145,87,49,90,163,57,170,98,40,116,153,1046,71
78,85,104,94,96,135,78,59,249,334,327,74,178,159,71,165,175,84,180,178,78,213,174,109,187,244,112,171,190,1506,71
71,87,120,78,91,82,35,76,3,90,74,25,145,112,4,82,124,3,94,81,35,117,126,45,80,127,16,92,51,771,72
59,90,75,82,58,106,56,80,42,132,101,32,107,122,4,86,79,33,91,115,25,131,83,3,59,109,52,132,108,797,72
74,117,92,82,92,165,105,110,3,120,77,4,96,121,2,84,94,1,93,83,53,218,145,4,109,169,63,173,168,967,72
136,53,104,68,53,116,73,9,1,54,137,127,231,180,24,92,128,43,96,111,18,134,71,5,78,121,45,54,118,875,72
42,63,107,23,5,29,118,97,146,209,188,80,187,143,51,74,158,55,60,78,116,145,121,140,258,169,3,100,121,1075,72
79,120,91,115,146,44,36,5,94,214,173,6,97,126,48,163,139,127,273,242,1,45,147,235,271,279,87,92,123,1234,72
4,85,79,107,69,80,53,67,320,405,324,3,82,88,26,133,105,1,70,108,25,105,94,28,81,108,23,90,76,970,72
110,51,113,127,77,27,14,97,53,104,163,23,136,74,25,152,138,4,81,131,54,81,131,64,78,91,90,187,104,929,72
31,97,93,69,30,98,3,110,13,110,44,4,97,101,42,111,135,34,64,103,53,151,83,79,82,177,1,111,4,757,72
123,79,92,96,81,71,77,63,1,80,124,11,103,90,65,161,157,5,86,101,34,105,115,53,130,124,3,66,80,854,72
49,33,70,36,93,100,95,93,40,73,89,79,149,112,54,90,124,43,136,79,3,103,96,6,101,106,41,134,136,835,72
66,60,76,91,78,67,65,56,37,97,103,35,111,95,3,94,79,40,118,131,1,68,79,29,94,96,33,89,98,737,72
4,55,47,23,117,77,63,117,649,704,653,93,140,148,45,68,92,61,178,84,37,114,154,34,97,111,19,136,82,1441,72
83,95,92,45,68,69,67,73,35,130,118,4,96,99,152,197,244,41,109,86,39,108,107,30,97,99,38,111,105,931,72
74,159,64,116,43,5,101,69,449,608,523,1,65,160,1,117,65,42,85,158,55,60,98,109,210,114,41,110,142,1329,72
57,113,76,37,3,154,58,82,5,118,62,3,79,116,48,85,124,64,67,101,23,177,26,4,62,158,2,84,60,729,72
4,98,100,114,87,26,46,34,29,127,33,4,104,102,2,116,102,5,92,119,170,196,257,192,238,218,57,91,103,968,72
85,98,69,103,66,83,81,67,27,125,112,33,102,131,14,117,83,4,70,107,24,107,90,5,86,88,35,102,116,794,72
55,113,113,76,71,54,51,117,4,117,59,9,122,122,3,79,116,51,122,127,1,55,72,43,94,97,85,202,136,846,72
12,30,77,104,26,73,33,39,67,97,79,254,331,284,309,413,386,17,43,121,82,155,108,47,80,120,43,82,76,1213,72
128,65,93,92,60,17,80,36,3,68,131,32,125,97,3,95,96,50,110,142,66,83,126,45,125,62,47,83,127,817,72
93,124,67,89,49,115,59,99,4,128,97,1,68,125,10,99,77,45,94,134,25,140,74,5,64,120,29,128,88,814,72
134,67,112,97,101,64,84,139,4,71,138,35,147,102,3,100,115,34,135,131,1,65,102,31,115,95,65,204,149,971,72
79,95,62,102,103,97,85,112,2,97,81,49,111,144,1,103,63,238,341,340,30,127,133,3,88,100,1,113,86,1059,72
84,44,47,82,44,100,110,87,156,200,240,67,114,111,97,179,144,53,97,135,3,103,47,37,147,137,172,259,282,1183,72
152,116,66,76,6,51,24,54,1,117,153,1,67,117,78,154,144,46,52,122,76,127,82,51,75,102,57,111,81,855,72
61,110,115,74,71,86,102,60,3,113,64,6,121,116,1,75,116,22,93,96,40,126,111,28,130,114,8,68,110,787,72
101,109,91,46,82,89,80,70,2,111,103,11,102,120,44,90,135,26,108,72,9,98,91,5,85,94,39,109,119,804,72
82,105,56,75,36,109,115,64,36,141,118,4,60,109,62,137,118,61,97,136,24,133,60,1,116,110,6,70,121,836,72
33,140,70,47,161,43,129,129,134,274,167,41,111,181,40,87,110,23,184,70,1,44,162,72,201,115,6,135,135,1069,72
96,97,97,118,141,83,105,82,241,338,337,249,346,346,246,364,343,306,447,424,841,924,982,893,998,976,376,458,481,3971,73
98,108,96,119,116,119,119,141,188,296,286,178,274,286,202,321,298,213,329,332,232,351,348,222,341,341,233,374,352,2384,73
126,96,107,108,129,119,83,118,258,354,384,223,330,319,266,374,373,265,394,373,256,375,385,361,444,480,385,503,468,2900,73
91,107,98,108,87,128,110,74,253,360,344,256,354,363,294,402,392,345,432,453,306,434,393,287,397,415,522,596,632,3066,73
112,108,107,98,130,129,150,97,266,374,378,306,413,414,317,415,424,305,435,403,286,415,416,296,446,425,713,810,863,3420,73
130,87,97,95,76,76,87,109,108,195,238,135,232,222,138,233,235,127,203,222,169,245,245,135,222,211,117,226,204,1686,73
95,117,130,108,107,130,108,84,244,361,339,257,387,374,304,412,434,326,433,434,336,466,443,304,412,434,647,731,755,3297,73
79,97,87,118,107,106,75,74,263,360,342,305,392,402,266,384,353,355,462,473,565,671,672,652,727,758,724,798,799,3873,73
126,106,86,108,98,97,87,89,130,236,256,135,221,241,139,247,225,113,211,221,138,235,236,114,201,211,137,226,224,1703,73
108,98,108,108,97,107,98,87,218,316,326,201,309,299,188,296,296,190,287,298,190,297,287,191,289,298,156,243,254,2145,73
109,97,108,121,118,11,131,107,262,359,371,222,330,319,251,372,359,234,352,355,424,435,542,325,456,336,383,490,514,2903,73
57,107,109,118,141,112,100,97,198,305,255,266,375,373,256,374,365,276,417,394,382,494,523,550,650,662,485,582,585,3254,73
81,123,97,107,70,118,97,108,176,299,257,130,227,253,126,233,223,185,255,292,169,287,239,147,244,265,170,278,267,1904,73
151,120,118,118,129,118,101,143,225,345,376,232,350,352,285,403,403,285,414,403,317,435,446,1323,1424,1441,609,752,710,4274,73
120,118,118,119,117,142,141,84,224,342,344,246,364,364,285,404,403,276,393,395,307,449,424,291,432,433,693,777,834,3281,73
113,76,108,97,96,86,86,106,177,253,290,146,254,222,327,424,435,128,224,225,126,212,222,127,213,213,116,222,202,1915,73
87,87,75,107,119,98,87,96,198,285,285,157,232,244,138,245,213,136,255,243,626,724,745,115,202,213,125,221,212,2251,73
104,108,85,97,118,141,119,96,230,338,334,245,330,353,277,374,362,276,394,373,266,407,384,313,432,454,495,591,614,2970,73
90,98,87,44,107,108,75,65,145,243,235,113,200,211,158,202,245,158,265,202,127,235,234,328,403,436,148,213,223,1851,73
80,107,86,90,75,96,98,108,157,264,237,125,211,232,134,224,220,147,222,237,128,224,203,125,223,221,116,224,214,1672,73
95,98,107,108,97,108,104,118,355,453,450,232,339,330,306,414,413,395,492,503,364,472,461,1524,1628,1632,365,483,469,4376,73
98,98,96,94,109,97,99,98,145,243,243,136,232,234,152,246,248,135,244,229,137,234,246,93,192,190,124,222,223,1711,73
129,134,108,125,142,131,118,108,203,337,332,240,348,374,292,417,400,313,455,438,313,444,455,423,541,554,286,394,404,3065,73
66,98,88,129,88,119,97,77,210,308,276,253,341,351,255,384,343,304,392,433,274,393,362,295,392,414,553,630,650,2906,73
126,76,96,97,109,113,105,79,270,346,396,244,340,320,306,403,402,374,483,471,395,508,504,460,565,573,963,1042,1068,3813,73
85,106,97,118,98,118,140,97,167,273,252,105,202,211,117,235,214,146,244,264,138,256,236,82,222,200,85,182,225,1699,73
84,108,98,63,119,118,106,108,230,338,314,266,364,374,295,358,393,326,445,389,365,483,484,587,693,705,474,582,580,3347,73
132,108,131,119,150,141,18,96,247,355,379,246,377,354,263,382,394,266,416,385,265,406,415,382,400,523,718,814,736,3282,73
95,118,107,128,141,140,116,130,191,309,286,243,350,361,271,399,378,292,433,420,364,504,505,764,880,904,668,798,784,3768,73
110,93,118,132,146,118,104,118,205,298,315,220,338,313,276,408,394,312,458,444,378,496,524,608,712,726,504,622,608,3442,73
70,95,136,100,111,97,99,106,95,190,165,109,245,204,44,144,180,80,191,180,83,180,194,82,181,179,116,222,215,1423,74
114,123,86,76,73,75,88,62,106,229,220,285,371,408,92,168,178,108,181,184,87,162,160,85,173,160,94,156,182,1554,74
49,108,86,101,87,105,107,129,177,285,226,74,160,182,104,205,190,266,353,367,104,209,191,76,183,181,75,204,182,1648,74
117,137,111,143,83,57,66,88,67,204,184,272,383,409,68,211,179,68,151,211,112,169,195,104,170,161,81,169,147,1574,74
94,107,77,134,314,129,101,77,127,234,221,117,194,224,94,228,171,38,352,172,37,166,351,52,153,181,92,169,193,1590,74
125,88,85,119,131,75,75,94,44,132,169,96,181,184,86,205,171,59,190,178,62,137,193,140,215,215,95,189,170,1374,74
100,135,129,131,111,114,77,135,82,217,182,70,199,205,73,204,202,92,203,223,121,235,232,124,201,238,301,436,378,1795,74
106,121,85,120,266,151,87,88,83,204,189,61,146,182,266,386,351,42,308,162,73,224,339,94,181,245,236,324,323,1879,74
127,109,87,78,88,117,176,71,77,186,204,63,150,172,83,161,170,80,168,158,51,168,139,42,218,159,81,152,257,1330,74
117,144,77,96,93,100,71,108,274,418,391,95,172,239,79,175,156,91,184,187,62,162,155,91,162,191,91,199,162,1589,74
42,73,32,88,88,87,86,109,129,202,171,107,139,180,94,182,126,94,182,182,525,612,613,123,209,210,63,172,149,1740,74
110,98,129,84,79,154,120,130,93,191,203,65,194,163,96,180,225,143,222,227,41,195,120,234,354,388,63,193,183,1639,74
88,108,108,97,91,182,142,78,106,214,194,84,192,192,73,170,181,95,186,192,70,252,161,84,226,266,30,108,172,1436,74
105,85,133,118,119,131,120,116,97,182,202,84,217,169,29,147,162,222,341,340,426,557,545,18,138,149,266,382,386,2069,74
76,92,85,122,91,44,96,77,126,218,202,91,176,183,372,494,457,488,579,610,207,251,298,106,202,150,96,173,192,2169,74
108,64,60,66,91,135,121,95,102,166,210,126,186,190,101,167,161,74,165,140,92,227,183,227,348,362,92,187,213,1554,74
83,80,107,87,130,226,346,130,92,172,175,90,197,170,64,151,171,62,192,149,30,256,160,30,376,256,593,723,939,2150,74
55,131,90,63,291,108,86,76,126,257,181,29,119,160,105,168,195,97,388,160,91,199,382,62,148,170,95,171,181,1505,74
81,116,121,124,109,141,121,115,109,225,190,87,208,203,81,205,202,34,143,158,75,216,184,50,171,191,75,190,196,1439,74
110,97,121,107,110,101,150,38,84,181,194,84,205,181,60,167,181,55,165,162,38,139,148,82,232,183,87,125,237,1324,74
125,118,121,97,77,96,108,97,63,181,188,63,184,181,242,339,363,95,172,192,73,169,150,75,183,171,62,159,170,1512,74
80,103,85,134,216,85,116,129,289,392,369,78,163,181,76,210,161,38,254,172,563,648,779,85,201,170,75,204,191,2152,74
80,133,77,42,101,98,87,160,119,252,199,69,146,202,104,146,181,118,219,160,198,296,299,72,159,170,108,268,195,1566,74
96,73,140,106,129,24,85,33,456,529,552,184,324,257,51,157,191,74,203,180,256,280,385,93,178,117,130,163,215,1930,74
90,108,77,108,74,108,61,74,93,201,183,266,343,374,73,181,150,84,158,192,310,418,384,105,166,213,143,217,204,1774,74
129,144,87,76,100,118,78,55,64,208,193,69,156,213,94,170,181,94,194,170,63,181,163,71,149,189,116,171,194,1358,74
73,86,104,90,74,143,109,88,108,194,181,82,186,168,67,157,171,72,146,162,96,239,170,56,165,199,96,184,205,1344,74
103,107,88,106,99,88,98,101,82,189,185,87,175,194,49,155,137,63,162,169,49,137,148,63,161,151,63,164,161,1246,74
99,105,73,77,145,107,87,79,75,180,174,98,171,203,96,173,169,114,259,191,48,155,193,321,408,428,104,183,191,1628,74
96,109,270,88,239,96,364,202,84,193,180,404,674,513,61,149,331,71,310,159,52,148,291,86,450,182,74,276,438,2296,74
160,124,113,131,60,111,98,115,37,161,197,50,163,174,124,255,237,107,167,238,91,202,151,41,139,152,103,218,201,1465,75
115,99,82,85,148,126,106,97,83,182,198,121,203,220,91,176,173,491,639,576,79,205,227,842,948,968,77,174,183,2642,75
128,123,114,122,96,114,97,69,42,165,170,69,183,192,79,201,193,78,174,200,51,165,147,60,157,174,114,183,211,1356,75
118,183,102,150,77,142,148,127,60,243,178,2,104,185,43,193,145,325,402,475,89,231,166,32,180,174,254,381,402,1852,75
84,157,105,127,86,142,93,93,79,236,163,44,149,201,147,274,252,78,164,205,108,250,194,16,109,158,114,207,207,1473,75
119,132,133,152,122,123,84,105,434,566,553,51,184,183,124,276,257,41,163,193,70,193,192,90,174,213,78,183,162,1858,75
108,60,88,76,161,95,124,95,143,203,251,159,247,219,96,172,184,315,476,391,233,328,394,78,202,173,4,99,128,1835,75
147,73,131,105,151,105,112,86,2,75,149,142,273,215,23,128,154,104,255,209,24,129,175,80,192,185,5,91,117,1290,75
170,56,187,45,106,69,125,6,2,58,172,52,239,108,2,47,189,653,759,698,15,84,121,68,193,137,77,83,202,1633,75
101,131,68,154,90,123,95,68,97,228,198,124,192,255,233,387,301,96,186,250,201,324,291,180,275,303,469,537,564,2230,75
58,126,68,169,96,78,65,151,211,337,269,77,145,203,78,247,146,86,182,255,131,209,227,2,67,80,133,284,198,1529,75
142,154,165,77,131,101,143,114,2,156,144,27,192,181,2,79,167,160,291,237,45,146,176,34,177,135,3,117,146,1300,75
155,142,168,141,110,86,95,95,216,358,371,216,384,358,141,282,309,252,362,393,64,150,174,736,831,822,187,282,282,2804,75
107,60,76,102,130,87,68,87,98,158,205,114,190,174,118,220,194,234,364,336,80,167,210,114,182,201,124,211,192,1599,75
111,77,51,68,50,68,70,49,96,173,207,206,257,283,104,172,155,244,294,312,169,237,219,188,258,256,149,198,219,1700,75
109,104,96,77,49,116,116,89,70,174,179,115,211,219,88,165,184,299,348,376,104,220,153,204,320,320,82,171,198,1718,75
84,122,123,135,123,68,94,51,205,327,289,381,504,503,169,304,292,111,234,246,169,237,292,170,264,238,462,513,556,2467,75
110,58,177,85,104,104,176,12,52,110,162,12,189,70,2,87,179,142,246,227,33,137,137,19,195,123,2,14,178,1088,75
109,74,132,4,116,99,171,70,16,90,125,56,188,130,59,63,191,153,269,157,18,117,134,13,184,112,2,72,173,1092,75
167,121,77,88,76,78,112,67,47,168,214,90,167,211,87,175,164,224,300,312,107,185,183,123,235,201,71,138,183,1535,75
175,78,130,17,115,122,139,65,1,79,176,2,132,80,50,67,180,157,272,174,32,154,147,2,141,124,15,80,154,1100,75
99,123,95,132,109,98,95,31,52,175,151,169,264,292,88,220,183,133,242,265,74,172,183,386,481,484,200,231,295,1884,75
73,48,86,76,115,66,68,82,164,212,237,114,200,162,116,192,202,215,330,291,68,134,183,116,184,182,109,191,177,1516,75
236,76,112,59,86,126,78,80,49,125,285,327,439,403,60,119,172,243,329,302,114,240,200,687,765,813,86,166,164,2419,75
138,139,104,141,147,166,121,115,423,562,561,126,230,265,88,229,192,78,225,219,38,204,185,25,146,191,89,204,210,1938,75
91,77,55,91,49,87,85,113,97,174,188,147,202,224,88,179,143,604,653,695,95,182,144,124,209,211,79,192,164,1882,75
120,116,113,105,114,111,133,113,65,181,185,89,202,205,69,174,182,337,451,442,129,240,243,45,178,156,142,255,275,1801,75
108,52,114,123,113,140,90,69,160,212,268,106,220,158,412,535,526,163,276,286,140,280,253,235,325,375,93,162,183,2118,75
108,104,142,67,61,86,82,60,98,202,206,298,440,402,224,291,366,444,505,511,131,217,192,388,470,474,1836,1896,1918,4129,75
108,105,87,86,86,88,72,86,353,458,461,407,494,512,95,181,182,235,321,321,69,157,155,225,297,313,84,170,156,2186,75
115,96,108,124,25,109,98,95,55,151,170,85,193,181,72,196,180,136,161,260,663,772,688,101,199,210,108,203,206,1990,76
98,86,104,116,108,124,112,83,118,204,216,84,188,170,86,202,190,103,211,219,84,208,192,90,202,214,116,199,228,1512,76
47,151,88,123,96,121,94,60,75,226,122,88,176,239,93,216,181,100,196,223,139,260,235,100,194,221,157,217,251,1532,76
6,113,96,6,123,130,94,91,100,213,106,157,253,270,211,217,307,98,221,104,981,1111,1104,93,187,223,124,215,218,2423,76
108,58,134,130,128,97,101,135,151,209,259,61,195,119,69,199,203,81,209,211,103,200,231,111,212,208,105,240,206,1572,76
80,9,96,120,115,112,100,111,262,271,342,285,381,294,110,230,206,73,188,193,115,227,230,91,191,203,134,245,234,1813,76
113,110,61,134,98,117,105,110,113,223,226,141,202,251,161,295,222,61,159,195,101,218,199,100,205,217,100,210,205,1625,76
93,124,57,129,136,115,131,95,40,164,133,183,240,307,70,199,127,323,459,452,95,210,231,103,234,218,136,231,267,1830,76
125,100,102,76,90,105,109,190,97,197,222,88,190,188,135,211,237,80,170,156,96,201,186,100,209,205,86,276,195,1579,76
179,104,103,96,110,97,132,96,1,105,180,106,209,210,126,222,229,101,211,197,93,190,203,139,271,236,90,186,222,1573,76
55,89,83,87,100,112,147,123,119,208,174,100,183,189,136,223,219,126,226,213,88,200,188,93,240,205,31,154,178,1489,76
85,106,102,91,113,91,109,106,82,188,167,341,443,447,87,178,189,98,211,189,92,183,205,115,224,206,83,189,192,1701,76
98,145,83,95,106,98,91,99,123,268,221,73,156,218,116,211,199,94,200,189,76,174,182,88,179,186,101,200,192,1486,76
115,167,126,124,128,120,116,116,85,252,200,34,160,201,717,841,843,97,225,221,266,386,394,85,201,205,89,205,205,2385,76
82,113,85,124,98,98,94,82,89,202,171,83,168,196,100,224,185,78,176,202,85,183,183,115,209,213,111,193,205,1437,76
125,83,108,92,108,150,108,119,115,198,240,103,211,186,111,203,219,100,208,192,85,235,193,67,175,217,84,203,192,1558,76
90,98,100,107,108,14,110,100,112,210,202,161,261,259,97,204,197,111,219,218,267,281,375,65,175,79,117,217,227,1657,76
64,80,93,99,115,94,98,133,72,152,136,124,217,204,85,184,178,111,226,210,103,197,218,111,209,205,83,216,181,1465,76
86,95,111,106,109,115,132,98,111,206,197,82,193,177,86,192,197,97,206,203,90,205,199,103,235,218,69,167,201,1490,76
156,91,102,103,35,87,91,69,53,144,209,96,198,187,94,197,196,137,172,240,331,418,366,115,206,202,173,242,264,1733,76
100,85,122,124,183,86,97,73,120,205,220,108,230,193,127,251,249,95,278,219,47,133,230,96,193,182,122,195,219,1585,76
72,78,111,87,43,88,103,138,100,178,172,89,200,167,79,166,190,143,186,230,117,205,160,93,196,181,89,227,192,1430,76
86,111,91,105,112,101,95,52,116,227,202,88,179,199,101,206,192,100,212,205,328,429,440,108,203,209,521,573,616,2115,76
175,127,108,108,106,131,117,88,2,129,177,662,770,789,102,210,210,86,192,194,64,195,170,86,203,217,98,186,215,2060,76
54,15,91,85,103,105,128,108,172,187,226,109,200,124,111,196,202,88,191,173,90,195,193,74,202,179,77,185,205,1410,76
6,120,141,135,117,134,134,105,120,240,126,124,265,244,88,223,229,85,202,220,87,221,204,98,232,232,558,663,692,2052,76
99,104,95,95,86,85,128,120,100,204,199,102,197,206,109,204,204,106,192,201,101,186,187,116,244,201,101,221,229,1547,76
51,109,98,131,104,97,73,94,103,212,154,84,182,193,94,225,192,71,175,202,92,189,196,112,185,209,99,193,172,1412,76
7,7,7,7,177,53,52,99,1,8,8,1,8,8,2,9,9,2,179,9,78,131,255,148,200,201,149,248,201,790,76
125,143,106,44,191,90,119,111,87,230,212,88,194,231,184,228,290,32,223,76,15,105,206,120,239,210,77,188,196,1532,76
131,140,105,106,85,105,108,80,109,249,240,93,198,233,74,180,179,66,151,172,62,167,147,65,173,170,82,162,190,1411,77
153,138,128,119,114,99,5,78,3,141,156,7,135,145,2,121,130,6,120,125,51,150,165,131,136,230,31,109,36,1065,77
133,135,130,142,107,119,120,116,1,136,134,2,132,137,4,146,134,1,108,143,18,137,125,2,122,121,30,146,150,1060,77
112,115,75,157,96,93,76,92,70,185,182,96,171,211,91,248,166,90,186,247,158,251,254,81,157,174,70,162,146,1472,77
150,153,122,114,79,116,114,136,58,211,208,48,170,201,62,176,184,128,207,242,61,177,140,76,190,192,58,194,172,1475,77
88,149,96,106,118,120,88,122,21,170,109,16,112,165,3,109,99,3,121,109,3,123,121,5,93,125,26,148,114,964,77
169,134,97,120,155,140,96,111,16,150,185,2,99,136,32,152,129,10,165,130,44,184,199,5,101,145,78,189,174,1209,77
92,8,132,129,7,131,103,135,130,138,222,16,148,24,7,136,139,109,116,238,4,135,11,1,104,132,47,182,150,1051,77
43,113,119,120,119,103,81,110,51,164,94,20,139,133,3,123,122,2,121,122,23,126,142,1,82,104,31,141,112,939,77
106,156,144,109,118,103,103,91,54,210,160,36,180,192,19,128,163,6,124,115,8,111,126,81,184,184,70,161,173,1204,77
81,83,105,106,140,102,99,94,41,124,122,5,110,88,3,109,108,11,151,117,2,104,142,3,102,105,11,105,110,886,77
140,104,103,113,109,97,88,112,3,107,143,51,154,155,2,115,105,2,111,115,3,100,112,3,91,100,2,114,90,932,77
69,121,110,119,137,115,132,150,77,198,146,69,179,190,64,183,174,43,180,162,56,171,193,69,201,184,78,228,210,1409,77
184,90,7,134,111,121,142,117,97,187,281,202,209,292,13,147,20,3,114,137,1,122,112,51,193,172,39,156,181,1312,77
66,4,102,103,79,111,92,75,177,181,243,6,108,10,18,121,120,2,81,105,52,163,131,81,173,192,63,138,155,1031,77
134,122,105,104,108,107,79,220,2,124,136,2,107,124,54,158,159,12,120,116,10,117,118,2,81,109,17,237,96,1078,77
57,62,109,96,7,109,78,129,42,104,99,9,118,71,20,116,129,103,110,199,22,131,29,34,112,143,15,144,93,892,77
123,152,104,138,92,119,109,113,2,154,125,4,108,156,6,144,110,1,93,139,23,142,115,1,110,120,92,205,201,1079,77
137,14,8,26,137,135,76,116,51,65,188,83,91,97,109,135,117,18,155,44,2,137,139,2,78,137,14,130,90,928,77
103,136,125,84,103,101,95,105,50,186,153,56,181,192,96,180,221,126,229,210,40,141,143,74,169,175,77,182,172,1371,77
111,64,116,124,84,108,105,94,79,143,190,82,198,146,4,128,120,22,106,146,8,116,92,45,150,153,43,137,148,1089,77
108,75,135,15,88,102,122,96,55,130,163,2,137,77,1,16,136,17,105,32,3,105,91,63,185,165,69,165,191,951,77
135,119,145,84,81,126,57,61,2,121,137,2,147,121,2,86,147,35,116,119,41,167,122,1,58,127,54,115,111,945,77
106,97,105,91,61,95,74,112,67,164,173,102,207,199,71,162,176,193,254,284,282,377,343,116,190,211,96,208,170,1668,77
139,174,95,142,78,116,103,109,42,216,181,3,98,177,5,147,100,8,86,150,89,205,167,69,172,185,69,178,172,1241,77
147,104,125,107,139,117,103,104,7,111,154,31,156,135,24,131,149,14,153,121,4,121,143,24,127,141,23,127,126,1073,77
153,105,110,125,109,147,116,122,2,107,155,2,112,107,3,128,113,6,115,131,34,181,143,72,188,219,69,191,185,1175,77
58,89,132,88,112,77,147,10,115,204,173,63,195,152,22,110,154,4,116,92,2,79,114,8,155,85,4,14,151,931,77
124,125,170,117,117,109,79,13,364,489,488,57,227,182,3,120,173,2,119,119,53,162,170,3,82,112,109,122,188,1445,77
104,85,102,84,75,91,102,83,63,148,167,107,209,192,80,164,182,79,154,163,64,155,139,52,154,143,82,165,184,1253,77
53,85,67,70,50,73,57,70,56,141,109,1,68,86,42,112,109,19,69,89,42,115,92,23,80,96,27,97,84,735,78
53,90,71,85,69,93,53,72,55,145,108,7,78,97,41,126,112,1,70,86,26,119,95,8,61,101,41,113,94,765,78
68,105,47,84,57,70,31,57,40,145,108,2,49,107,56,140,103,13,70,97,41,111,98,40,71,110,53,110,84,764,78
46,12,97,31,35,99,8,86,68,80,114,37,134,49,27,58,124,62,97,93,1,100,36,2,10,101,111,197,119,722,78
43,45,2,57,40,86,68,109,106,151,149,66,68,111,97,154,99,43,83,100,68,154,108,1,69,87,19,128,87,850,78
38,90,53,71,62,72,71,57,55,145,93,11,64,101,54,125,107,21,83,92,28,100,90,26,97,98,26,83,97,735,78
68,77,55,70,84,88,86,74,121,198,189,120,175,197,97,167,152,112,196,182,96,184,180,94,180,182,107,181,193,1349,78
39,101,84,85,58,54,70,70,127,228,166,91,175,192,41,126,125,139,197,224,125,179,183,111,181,165,111,181,181,1306,78
105,70,129,92,84,70,86,56,52,122,157,167,296,237,2,94,131,83,167,175,28,98,112,41,127,111,27,83,113,1092,78
64,58,29,101,54,69,57,86,69,127,133,43,72,101,52,153,81,2,56,103,66,135,120,27,84,96,55,141,112,832,78
70,98,112,84,100,85,83,86,94,192,164,70,182,168,110,194,222,110,210,194,81,166,181,125,208,210,97,183,180,1405,78
17,14,15,108,31,94,24,109,62,76,79,68,83,82,130,238,145,24,55,132,113,207,144,116,140,210,1,110,25,926,78
54,44,69,69,84,70,84,71,132,176,186,111,180,155,112,181,181,98,182,167,82,152,166,111,195,181,97,168,181,1288,78
71,83,71,54,56,51,72,56,121,204,192,97,168,180,126,180,197,112,168,166,116,167,172,124,196,175,124,180,196,1334,78
44,113,82,59,53,71,84,58,32,145,76,15,97,128,54,113,136,31,84,90,39,110,92,12,96,83,41,99,125,788,78
63,72,30,59,18,58,19,32,30,102,93,38,68,110,72,131,102,33,51,92,69,127,87,34,53,92,98,130,117,725,78
84,83,85,98,84,86,80,85,65,148,149,27,112,110,40,138,125,1,85,99,40,126,124,15,95,101,27,112,107,900,78
52,34,7,18,26,3,95,167,1,35,53,96,103,130,196,214,203,54,80,72,15,18,41,12,107,15,1,168,96,777,78
37,84,63,56,56,72,70,71,95,179,132,112,175,196,118,174,181,140,196,196,122,194,178,110,180,182,124,195,194,1330,78
10,145,85,56,97,53,92,72,132,277,142,24,109,169,54,110,139,28,125,84,46,99,143,33,125,86,39,111,131,966,78
26,56,70,54,85,86,55,70,134,190,160,112,182,168,126,180,196,124,209,178,96,182,181,125,180,211,124,194,179,1343,78
3,23,31,3,21,3,184,102,52,75,55,154,185,177,91,94,122,96,117,99,48,51,69,137,321,140,37,139,221,985,78
86,94,84,67,85,26,100,43,28,122,114,26,110,120,17,84,101,55,140,122,42,68,127,13,113,39,39,82,139,805,78
22,93,72,40,44,72,70,55,123,216,145,89,161,182,126,166,198,149,193,189,139,211,183,95,165,167,126,181,196,1315,78
24,89,63,38,71,71,72,47,124,213,148,1,64,90,74,112,137,27,98,65,26,97,97,27,99,98,21,68,93,775,78
120,70,148,95,95,64,125,44,27,97,147,26,174,96,10,105,158,31,126,126,34,98,129,1,126,65,37,81,162,927,78
26,41,14,28,32,42,55,41,121,162,147,140,154,181,152,180,166,138,170,166,108,150,140,126,181,168,112,153,167,1176,78
70,81,82,98,126,77,70,70,122,203,192,84,166,165,58,156,140,1,127,99,17,94,143,84,154,161,40,110,110,1080,78
31,107,69,2,68,155,29,44,95,202,126,28,97,135,68,70,137,15,83,17,13,168,81,26,55,181,118,162,147,868,78
26,75,70,71,94,85,83,69,137,212,163,121,191,196,125,196,195,111,205,182,84,169,178,111,194,196,112,181,195,1374,78
56,56,4,66,83,87,68,5,157,213,213,231,235,287,137,203,141,151,234,217,109,196,192,134,202,221,240,245,308,1584,79
42,4,96,84,50,53,68,56,301,305,343,180,276,184,218,302,314,210,260,294,225,278,275,193,261,246,174,230,242,1954,79
2,3,50,62,98,82,103,101,50,53,52,134,184,137,27,89,77,82,180,144,1,83,99,37,140,119,35,136,138,867,79
6,3,57,62,14,23,19,71,75,78,81,262,319,265,53,115,110,49,63,111,96,119,110,55,74,78,52,123,71,897,79
4,3,25,14,42,58,56,56,43,46,47,131,156,134,35,49,60,96,138,110,10,68,52,68,124,126,12,68,68,653,79
102,18,55,5,55,50,85,44,2,20,104,148,203,166,20,25,75,110,165,115,138,188,193,17,102,67,26,70,111,875,79
62,4,14,49,30,4,83,121,491,495,553,3,17,7,106,155,120,46,76,95,233,237,263,255,338,259,111,232,194,1612,79
49,76,58,32,81,98,4,85,190,266,239,185,243,261,213,245,271,180,261,212,190,288,271,306,310,404,60,145,64,1807,79
32,15,43,15,54,5,54,97,59,74,91,493,536,508,2,17,45,16,70,31,141,146,195,1,55,6,357,454,411,1384,79
76,14,29,27,3,33,69,136,3,17,79,205,234,219,28,55,57,53,56,80,39,72,42,118,187,151,43,179,112,876,79
8,27,7,29,9,65,8,69,43,70,51,118,125,145,2,31,9,27,36,56,54,119,63,65,73,130,96,165,104,627,79
56,24,31,63,89,88,95,106,4,28,60,91,122,115,59,122,90,40,129,103,32,120,121,15,110,103,2,108,97,795,79
41,67,69,4,81,84,74,188,159,226,200,149,218,216,242,246,311,98,179,102,124,208,205,120,194,204,119,307,193,1619,79
19,98,4,78,42,99,57,81,510,608,529,163,167,261,51,129,55,85,127,163,26,125,68,52,109,151,82,163,139,1447,79
40,24,18,84,42,57,70,2,20,44,60,33,51,57,164,248,182,321,363,405,116,173,158,67,137,124,107,109,177,1165,79
109,25,44,17,43,57,83,81,28,53,137,109,153,134,49,66,93,82,125,99,32,89,75,47,130,104,1,82,84,807,79
88,107,13,56,93,28,36,55,60,167,148,86,99,193,123,179,136,110,203,166,57,85,150,96,132,124,253,308,289,1261,79
86,22,56,56,55,65,69,66,72,94,158,24,80,46,509,565,565,123,178,179,1040,1105,1095,98,167,163,113,179,182,2454,79
45,3,48,70,63,72,41,5,216,219,261,55,103,58,268,338,316,550,613,620,115,187,178,189,230,261,181,186,222,1921,79
34,54,44,4,56,31,41,21,29,83,63,95,139,149,123,127,167,158,214,162,179,210,235,64,105,95,36,57,77,969,79
3,34,55,10,58,43,69,56,120,154,123,228,283,262,309,319,364,314,372,324,270,313,328,261,330,304,245,301,314,2075,79
73,68,26,8,42,145,17,53,53,121,126,35,61,103,287,295,313,39,81,47,90,235,132,1203,1220,1348,104,157,121,2243,79
17,27,58,4,95,98,84,94,162,189,179,69,127,96,874,878,932,117,212,121,139,237,234,51,135,149,3873,3967,3957,5762,79
81,69,170,33,56,71,84,80,138,207,219,107,277,176,63,96,233,119,175,152,108,179,164,107,191,178,111,191,195,1397,79
42,61,59,4,70,64,55,70,166,227,208,142,201,203,263,267,322,46,116,50,140,204,210,138,193,202,135,205,190,1455,79
3,18,52,42,69,20,84,41,45,63,48,2,54,20,54,96,106,54,123,96,193,213,262,7143,7227,7163,1108,1149,1192,8928,79
62,29,71,44,87,32,58,68,11,40,73,39,110,68,52,96,123,25,112,69,51,83,138,49,107,81,40,108,98,718,79
80,63,50,67,69,55,4,42,179,242,259,133,183,196,138,205,188,124,193,191,149,204,218,317,321,372,64,106,68,1534,79
9,90,84,40,69,57,90,82,165,255,174,87,171,177,153,193,237,150,219,190,124,181,193,147,237,204,104,186,194,1451,79
28,70,4,82,84,5,79,30,44,114,72,387,391,457,142,224,146,68,152,150,134,139,218,2954,3033,2959,51,81,130,4162,79
55,83,24,8,39,41,8,42,1,84,56,97,121,180,52,60,76,102,141,110,28,69,67,129,137,170,47,89,55,756,80
83,29,103,114,110,100,87,20,69,98,152,354,457,383,49,163,152,1,111,115,69,169,179,12,99,112,83,103,170,1283,80
70,114,141,57,81,71,60,71,189,303,259,210,351,324,994,1051,1135,355,436,412,141,212,222,68,128,139,54,125,114,2676,80
90,81,73,20,62,101,58,3,8,89,98,55,128,136,21,41,94,126,188,146,63,164,125,111,169,212,53,56,111,925,80
72,97,58,94,72,98,115,99,321,418,393,325,383,422,152,246,210,115,187,209,225,323,297,138,253,236,83,182,198,2064,80
137,97,99,100,70,100,69,71,618,715,755,328,427,425,535,635,634,923,993,1023,325,425,395,238,307,338,311,382,380,4021,80
91,55,86,20,74,55,25,42,34,89,125,128,214,183,62,82,148,97,171,117,29,84,103,82,107,137,46,88,71,926,80
52,100,85,85,73,19,71,114,148,248,200,84,169,184,181,266,266,153,226,238,166,185,239,93,164,112,181,295,252,1605,80
111,112,97,84,86,99,113,101,206,318,317,168,265,280,113,197,210,125,211,209,126,225,212,139,252,238,152,253,265,1832,80
73,72,101,72,58,3,18,2,35,107,108,41,142,113,10,82,111,83,141,155,39,42,97,127,145,130,64,66,82,798,80
86,72,72,84,85,99,74,81,50,122,136,83,155,155,13,97,85,113,198,197,53,152,138,84,158,183,29,110,103,1078,80
87,44,68,59,21,115,100,72,161,205,248,29,97,73,97,156,165,33,54,92,41,156,62,26,126,141,53,125,153,1006,80
133,95,42,11,58,25,58,86,10,105,143,70,112,165,46,57,88,96,154,107,43,68,101,591,649,616,127,213,185,1491,80
118,131,111,112,74,68,126,109,173,304,291,263,374,394,354,466,465,408,482,520,310,378,384,182,308,250,285,394,411,2824,80
55,44,101,68,72,59,88,70,30,74,85,92,193,136,15,83,116,84,156,152,38,97,110,67,155,126,27,97,115,910,80
88,100,29,25,99,72,54,58,5,105,93,54,83,154,73,98,102,98,197,123,97,169,196,1,55,73,111,169,165,964,80
104,87,85,99,112,59,29,103,427,514,531,94,179,181,41,140,126,155,267,254,111,170,223,39,68,98,177,280,206,1722,80
132,69,114,82,126,30,97,71,10,79,142,84,198,153,2,84,116,138,264,220,656,686,782,210,307,240,112,183,209,1933,80
117,113,118,88,87,115,86,59,233,346,350,263,381,376,234,322,352,349,436,437,476,591,563,518,604,633,311,370,397,3167,80
70,98,141,145,128,99,35,99,742,840,812,278,419,376,352,497,493,222,350,367,365,464,493,275,310,374,407,506,442,3456,80
102,114,99,97,143,143,113,99,239,353,341,210,309,324,167,264,266,370,513,467,162,305,305,140,253,283,193,292,306,2391,80
117,101,142,84,97,85,128,130,175,276,292,167,309,268,381,465,523,211,308,295,253,338,350,182,310,267,405,535,533,2658,80
74,76,115,57,86,72,87,82,34,110,108,22,137,98,97,154,212,40,126,97,41,113,127,110,197,182,1,83,88,994,80
124,112,114,112,99,71,122,67,160,272,284,168,282,280,210,322,324,280,379,392,196,267,295,21,143,92,28,95,150,1884,80
87,72,45,3,32,38,103,85,19,91,106,82,127,154,52,55,97,110,142,113,30,68,62,55,158,93,66,151,169,879,80
30,35,88,66,100,88,5,4,35,70,65,81,169,116,2,68,90,69,169,135,68,156,168,150,155,238,65,69,70,886,80
69,82,114,102,86,72,130,99,432,514,501,182,296,264,53,155,167,82,168,184,54,126,140,167,297,239,37,136,167,1761,80
113,100,67,97,99,101,96,128,248,348,361,155,222,255,127,224,194,29,128,126,82,183,181,57,153,158,141,269,237,1640,80
101,98,116,112,113,99,97,112,246,344,347,221,337,319,55,167,171,27,140,139,70,169,183,14,111,113,169,281,266,1650,80
130,115,57,86,111,71,114,112,270,385,400,323,380,438,478,564,535,355,466,441,742,813,853,210,324,281,154,266,268,3328,80
72,41,37,5,15,9,5,4,2,43,74,138,175,179,159,164,196,54,69,59,121,130,136,26,31,35,130,134,135,818,81
4,4,5,3,45,4,32,5,219,223,223,3,8,7,121,124,126,2,47,5,20,24,65,162,194,166,13,18,45,642,81
84,20,61,4,59,4,63,4,65,85,149,50,111,70,33,37,94,74,133,78,60,64,119,45,108,49,69,73,132,695,81
5,4,6,5,64,4,76,4,120,124,125,96,102,100,66,71,72,94,158,99,56,60,120,35,111,39,56,60,132,691,81
46,87,64,4,38,5,10,5,2,89,48,56,120,143,32,36,96,144,182,148,84,89,122,88,98,93,143,148,153,808,81
6,18,4,12,5,6,5,2,81,99,87,38,42,56,158,170,162,45,50,57,153,159,158,45,50,51,140,142,145,718,81
97,86,83,71,29,65,44,62,36,122,133,2,85,88,29,100,112,44,73,115,58,123,87,2,46,67,73,135,117,781,81
34,23,4,23,6,3,4,4,186,209,220,61,65,84,135,158,139,33,39,56,139,142,145,74,78,77,117,121,121,846,81
109,73,106,103,110,111,111,88,86,159,195,103,209,176,72,175,178,118,228,221,122,233,232,158,269,269,84,172,195,1554,81
5,3,6,4,90,6,100,4,44,47,49,101,107,104,86,90,92,88,178,92,51,57,141,36,136,42,54,58,154,678,81
72,5,14,4,6,5,5,4,69,74,141,82,96,87,70,74,84,83,89,87,91,96,97,121,126,126,39,43,44,670,81
90,94,83,21,75,3,5,4,19,113,109,3,86,97,52,73,135,70,145,91,51,54,126,92,97,95,90,94,95,752,81
70,5,5,5,3,64,30,68,123,128,193,87,92,92,74,79,79,126,129,131,110,174,113,2,32,66,61,129,91,833,81
74,85,100,15,53,68,63,3,9,94,83,48,148,133,62,77,162,68,121,83,2,70,55,73,136,141,46,49,109,769,81
4,19,5,6,43,5,2,3,134,153,138,22,27,41,140,146,145,2,45,8,73,78,116,128,130,133,73,76,75,659,81
42,62,3,87,32,80,113,86,74,136,116,59,62,121,46,133,49,90,122,177,17,97,49,48,161,128,3446,3532,3559,4285,81
5,4,5,59,47,5,3,3,216,220,221,2,7,6,77,136,82,2,49,61,21,26,68,263,266,268,2,5,5,714,81
65,109,89,61,5,4,86,38,1,110,66,14,103,123,44,105,133,222,227,283,38,42,43,85,171,89,1,39,87,862,81
60,4,14,4,5,4,5,4,45,49,105,108,122,112,94,98,108,121,126,125,90,94,95,121,126,125,114,118,119,793,81
5,50,6,5,6,2,3,1,107,157,112,33,39,83,110,115,116,59,65,64,101,103,107,85,88,87,80,81,83,653,81
45,4,4,5,4,5,4,4,83,87,128,153,157,157,47,52,51,155,159,160,68,73,72,117,121,122,69,73,73,767,81
109,101,94,110,73,70,122,5,32,133,141,2,96,103,2,112,96,23,96,133,2,72,75,86,208,156,98,103,220,929,81
31,37,127,98,77,3,6,4,145,182,176,135,262,172,68,166,195,60,137,158,44,47,121,159,165,162,52,56,58,1046,81
55,87,63,3,5,4,4,5,2,89,57,43,106,130,57,60,120,122,127,125,67,71,72,133,137,137,42,47,46,692,81
55,4,5,4,6,4,4,2,142,146,197,24,29,28,138,142,143,80,86,84,93,97,99,63,67,67,124,126,128,748,81
136,6,3,4,4,5,2,3,16,22,152,232,235,238,3,7,6,144,148,148,37,42,41,116,118,121,98,101,100,809,81
5,3,45,5,3,5,4,43,51,54,56,2,47,5,73,78,118,127,130,132,48,53,51,93,97,98,2,45,6,509,81
118,133,95,75,97,63,27,81,2,135,120,2,97,135,48,123,143,2,99,77,48,111,145,67,94,130,19,100,46,877,81
61,98,81,4,5,4,87,15,41,139,102,38,119,136,32,36,113,169,174,173,47,51,52,79,166,83,22,37,109,783,81
5,4,112,74,11,4,109,5,86,90,91,96,208,100,107,181,219,137,148,211,57,61,68,133,242,137,128,133,237,1068,81
79,94,94,92,97,98,138,99,84,178,163,89,183,183,84,176,178,72,169,164,76,174,173,69,207,167,37,136,175,1302,82
111,105,4,62,4,47,5,77,39,144,150,63,67,168,64,126,68,36,40,98,90,137,94,67,72,114,124,201,129,898,82
111,80,54,68,96,94,100,98,55,135,166,103,157,183,105,173,159,90,186,158,79,173,175,64,164,158,66,164,166,1263,82
100,81,3,73,5,60,5,100,24,105,124,55,58,136,73,146,76,52,57,125,86,146,91,55,60,115,54,154,59,826,82
124,66,4,89,130,27,72,4,25,91,149,63,67,129,119,208,123,6,136,95,44,71,174,71,143,98,60,64,132,904,82
115,80,4,78,4,29,4,34,4,84,119,61,65,141,30,108,34,54,58,132,73,102,77,77,81,106,64,98,68,711,82
132,41,104,62,117,49,92,4,63,104,195,15,119,56,2,64,106,16,133,78,2,51,119,39,131,88,66,70,158,804,82
45,60,71,89,88,92,94,81,105,165,150,106,177,166,96,185,167,96,184,185,83,175,171,82,176,174,93,174,187,1281,82
106,100,67,99,85,69,119,97,97,197,203,102,169,202,114,213,181,77,162,176,89,158,174,96,215,165,66,163,185,1383,82
82,16,3,30,8,53,4,70,104,120,186,85,88,101,97,127,100,103,111,133,50,103,58,95,99,148,30,100,34,830,82
86,91,62,78,86,154,34,101,96,187,182,109,171,200,111,189,173,149,235,227,203,357,289,29,63,183,66,167,100,1455,82
68,70,87,87,95,99,86,105,109,179,177,98,185,168,79,166,166,97,192,184,93,192,188,77,163,176,89,194,175,1339,82
146,57,67,64,84,61,91,91,45,102,191,121,188,178,108,172,175,100,184,164,90,151,174,106,197,167,95,186,186,1326,82
92,56,8,9,5,55,55,90,62,118,154,43,51,99,102,111,110,89,94,98,54,109,59,45,100,100,25,115,80,790,82
88,64,66,67,77,63,70,33,95,159,183,156,222,220,124,191,190,165,242,232,137,200,214,133,203,196,120,153,190,1458,82
107,88,45,89,81,89,82,94,90,178,197,103,148,191,131,220,176,84,165,173,128,217,209,108,190,197,101,195,183,1420,82
69,62,69,68,70,82,71,54,105,167,174,123,192,185,98,166,167,112,182,180,89,171,159,273,344,355,132,186,203,1477,82
81,79,79,88,74,73,89,95,115,194,196,112,191,191,104,192,183,96,170,184,103,176,177,99,188,172,76,171,165,1363,82
71,111,84,114,88,80,99,116,82,193,153,71,155,182,74,188,158,66,154,180,65,145,153,79,178,159,66,182,165,1266,82
14,5,33,5,22,4,43,7,29,34,43,147,180,152,68,73,101,94,116,99,92,96,114,66,109,70,103,110,146,732,82
84,72,85,62,87,99,83,80,81,153,165,104,189,176,104,166,189,112,199,174,89,188,176,93,176,192,107,187,190,1342,82
85,85,36,132,52,45,90,44,96,181,181,130,166,215,129,261,165,78,130,210,124,169,176,131,221,176,139,183,229,1396,82
70,38,4,60,111,82,81,5,95,133,165,86,90,124,132,192,136,4,115,64,13,95,124,52,133,134,68,73,149,901,82
114,118,120,115,87,97,117,113,67,185,181,64,184,182,63,178,183,86,173,201,257,354,344,90,207,187,69,182,186,1577,82
97,77,109,69,101,78,95,85,91,168,188,95,204,172,75,144,184,115,216,184,91,169,192,95,190,173,89,174,184,1362,82
40,109,61,61,23,38,5,32,20,129,60,2,63,111,44,105,105,67,90,128,36,74,59,61,66,99,63,95,68,662,82
101,70,101,78,108,91,78,76,119,189,220,97,198,167,89,167,190,88,196,166,96,187,204,113,191,204,88,164,166,1393,82
60,62,42,80,59,114,117,107,105,167,165,140,182,202,131,211,173,112,171,192,97,211,156,86,203,200,76,183,193,1388,82
33,110,31,71,76,59,91,114,99,209,132,85,116,195,106,177,137,98,174,169,97,156,173,100,191,159,73,187,164,1243,82
62,76,74,107,68,101,104,97,90,166,152,99,173,175,92,199,166,84,152,191,100,201,168,81,185,182,80,177,184,1315,82
57,10,17,5,14,42,11,27,94,104,151,96,113,106,30,35,47,43,57,48,47,89,61,30,41,72,2,29,13,525,83
64,60,73,73,62,68,76,50,139,199,203,78,151,138,70,143,143,88,150,161,68,136,130,80,156,148,90,140,166,1139,83
67,88,74,72,93,85,71,68,271,359,338,96,170,184,97,169,171,81,174,153,72,157,165,103,174,188,80,148,151,1418,83
71,86,96,74,55,72,89,90,80,166,151,89,185,175,72,146,168,143,198,217,95,167,150,95,184,167,76,166,165,1283,83
64,85,64,75,56,93,83,86,119,204,183,124,188,209,114,189,178,129,185,204,109,202,165,111,194,204,119,205,202,1431,83
117,78,94,86,12,67,66,77,59,137,176,91,185,169,100,186,194,117,129,203,99,166,111,110,176,177,90,167,156,1263,83
92,50,67,95,81,95,84,67,100,150,192,98,165,148,61,156,128,105,186,200,88,183,169,405,489,500,90,157,174,1578,83
74,99,104,84,66,88,67,84,90,189,164,78,182,177,98,182,202,100,166,184,118,206,184,95,162,183,90,174,157,1335,83
58,76,86,66,76,67,82,85,79,155,137,80,166,156,99,165,185,91,167,157,118,185,194,68,150,135,77,162,159,1208,83
5,23,68,40,17,46,3,10,77,100,82,1,69,24,27,67,95,74,91,114,184,230,201,82,85,128,69,79,72,726,83
91,67,92,89,49,76,87,84,136,203,227,71,163,138,108,197,200,109,158,198,107,183,156,90,177,166,79,163,166,1335,83
69,85,85,75,86,65,75,91,91,176,160,91,176,176,99,174,184,100,186,175,127,192,213,92,167,157,100,191,175,1331,83
128,50,11,42,3,32,5,16,44,94,172,101,112,151,69,111,80,54,57,96,1,33,4,110,115,142,56,72,61,722,83
112,85,85,75,96,78,81,14,34,119,146,90,175,175,82,157,167,72,168,147,89,167,185,96,177,174,28,42,109,1117,83
61,76,60,66,88,97,71,65,119,195,180,118,178,194,88,154,148,91,179,157,87,184,175,240,311,337,99,164,170,1426,83
74,78,101,79,101,96,88,95,79,157,153,87,188,165,76,155,177,96,197,175,83,179,184,61,149,157,97,192,185,1291,83
82,78,76,80,68,67,50,59,440,518,522,126,202,204,100,180,176,85,153,165,98,165,166,146,196,213,115,174,165,1670,83
66,75,84,56,67,94,67,76,81,156,147,81,165,156,101,157,185,91,158,147,81,175,148,99,166,193,63,139,130,1182,83
45,4,61,12,18,54,17,48,43,47,88,1,62,5,101,113,162,60,78,72,79,133,97,83,100,137,36,84,53,662,83
48,77,69,69,76,62,67,85,128,205,176,131,200,208,110,179,179,88,164,157,117,179,193,104,171,166,90,175,157,1321,83
48,3,22,12,40,10,40,4,42,45,90,108,130,111,51,63,73,101,141,113,39,49,79,77,117,87,42,46,82,639,83
64,95,94,86,76,76,68,67,90,185,154,81,175,176,90,176,184,108,184,194,81,157,157,90,158,166,80,147,148,1246,83
64,76,85,75,66,68,58,28,306,382,370,80,165,156,90,165,175,101,167,176,81,149,147,89,147,157,108,136,166,1375,83
83,75,77,94,86,92,77,66,91,166,174,109,186,184,71,165,148,100,186,194,59,151,145,76,153,168,119,185,196,1275,83
74,103,75,107,84,66,75,87,89,192,163,92,167,195,73,180,148,59,143,166,92,158,176,118,193,184,81,168,156,1275,83
72,75,84,83,94,88,88,60,90,165,162,73,157,148,91,174,175,46,140,129,63,151,157,106,194,194,265,325,353,1378,83
83,96,73,66,97,78,58,46,91,187,174,76,149,172,253,319,326,72,169,138,97,175,194,107,165,185,182,228,240,1475,83
83,86,94,70,71,79,88,90,90,176,173,75,169,161,95,165,189,96,167,166,89,168,160,95,183,174,69,159,157,1270,83
72,86,85,65,58,57,56,30,109,195,181,108,193,194,91,156,176,119,177,184,99,156,157,110,166,167,100,130,156,1245,83
72,85,76,96,75,84,65,42,117,202,189,109,185,194,81,177,157,80,155,176,84,168,159,94,159,178,111,153,176,1271,83
121,110,92,9,144,47,125,53,2,112,123,74,166,184,63,72,155,154,298,163,20,67,164,116,241,163,68,121,193,1198,84
117,140,103,135,117,86,118,134,71,211,188,29,132,169,33,168,136,51,168,186,3,89,120,69,187,155,18,152,136,1224,84
112,108,88,103,9,136,150,120,75,183,187,3,91,111,83,186,171,101,110,204,2,138,11,4,154,140,2,122,152,1096,84
123,124,133,127,110,126,135,144,77,201,200,81,214,205,64,191,197,100,210,227,75,201,185,60,195,186,71,215,206,1550,84
115,117,133,103,131,99,102,3,2,119,117,22,155,139,2,105,135,3,134,106,2,101,133,238,340,337,61,64,163,1133,84
168,91,119,137,28,92,7,163,26,117,194,15,134,106,40,177,159,58,86,195,47,139,75,74,81,166,66,229,73,1131,84
74,8,133,105,8,153,134,152,77,85,151,40,173,48,41,146,174,60,68,165,74,227,82,53,187,206,3,155,137,1115,84
85,76,116,159,99,121,108,142,42,118,127,1,117,77,30,189,146,3,102,162,126,247,225,183,291,304,292,434,400,1583,84
125,21,145,151,107,116,127,92,54,75,179,42,187,63,2,153,147,172,279,323,3,119,110,31,158,147,3,95,130,1191,84
136,128,149,83,8,135,96,21,8,136,144,28,177,156,3,86,152,118,126,201,83,218,91,2,98,137,201,222,297,1199,84
110,143,123,120,123,146,91,111,121,264,231,3,126,146,57,177,180,34,157,154,93,239,216,65,156,211,60,171,151,1400,84
10,3,102,197,26,46,105,93,70,73,80,86,188,89,34,231,136,3,29,200,66,112,92,210,315,256,41,134,146,1092,84
97,19,74,141,129,103,77,4,249,268,346,97,171,116,212,353,286,2,131,143,14,117,143,74,151,177,110,114,187,1402,84
74,133,91,133,131,86,117,132,142,275,216,25,116,158,69,202,160,4,135,137,52,138,183,58,175,144,122,254,239,1369,84
74,100,60,159,117,8,123,33,211,311,285,31,91,131,34,193,94,2,119,161,107,115,224,66,189,74,74,107,197,1199,84
139,165,118,108,109,161,100,144,22,187,161,1,119,166,30,138,148,60,169,168,67,228,176,2,102,163,41,185,141,1267,84
117,127,116,130,129,134,114,120,54,181,171,26,142,153,42,172,158,2,131,132,34,168,163,41,155,175,34,154,148,1220,84
118,143,97,135,102,144,102,134,103,246,221,2,99,145,105,240,202,74,176,209,48,192,150,5,107,149,37,171,139,1349,84
104,116,131,125,114,72,6,116,43,159,147,124,255,240,41,166,172,15,129,140,67,139,181,103,109,175,67,183,73,1244,84
113,137,119,8,134,156,113,109,2,139,115,25,144,162,138,146,257,3,137,11,9,165,143,3,116,159,51,160,164,1120,84
133,161,125,132,127,119,97,134,86,247,219,50,175,211,32,164,157,50,177,182,63,182,190,35,132,154,93,227,190,1437,84
96,82,6,45,7,96,118,122,83,165,179,102,108,184,94,139,100,116,123,161,106,202,113,22,140,118,2,124,120,1097,84
159,113,107,127,108,97,149,152,24,137,183,81,188,194,26,153,133,25,133,152,60,157,168,23,172,120,19,171,168,1270,84
70,134,132,122,150,119,106,122,26,160,96,3,135,137,20,142,152,63,213,185,20,139,170,42,148,161,34,156,140,1163,84
105,115,146,125,147,113,8,124,4,119,109,2,148,117,4,129,150,5,152,130,43,156,190,88,96,201,92,216,100,1121,84
81,150,141,26,126,118,112,85,43,193,124,2,143,152,83,109,224,36,162,62,2,120,128,28,140,146,3,88,115,1036,84
113,145,105,124,133,107,107,144,67,212,180,32,137,177,6,130,111,59,192,183,23,130,156,26,133,133,46,190,153,1237,84
143,98,133,126,126,118,139,97,54,152,197,55,188,153,23,149,156,90,216,216,42,160,168,37,176,155,2,99,141,1283,84
66,28,134,98,129,126,28,23,105,133,171,24,158,52,2,100,136,3,132,101,39,165,168,67,95,193,114,137,142,986,84
114,174,101,125,135,134,105,77,16,190,130,2,103,176,25,150,126,42,177,167,4,138,139,3,108,137,78,155,183,1135,84
6,30,97,33,22,53,61,25,1,31,7,2,99,32,38,71,135,42,64,75,46,99,68,41,102,94,2,27,63,499,85
7,58,7,24,71,56,4,115,2,60,9,46,53,104,63,87,70,35,106,59,30,86,101,37,41,93,88,203,92,643,85
11,68,88,6,55,30,49,6,21,89,32,114,202,182,2,8,90,65,120,71,45,75,100,16,65,46,74,80,123,650,85
66,91,79,64,5,41,7,12,79,170,145,2,81,93,55,119,134,105,110,169,19,60,24,91,98,132,58,70,65,774,85
6,32,7,87,46,5,51,60,151,183,157,157,164,189,2,89,9,3,49,90,22,27,68,69,120,74,1,61,52,699,85
44,3,124,8,45,40,81,60,3,6,47,104,228,107,1,9,125,11,56,19,67,107,112,18,99,58,2,62,83,611,85
34,87,94,98,105,94,79,94,130,217,164,149,243,236,133,231,227,129,234,227,166,260,271,158,237,252,159,253,238,1709,85
48,78,79,78,78,89,80,85,135,213,183,133,212,211,132,210,211,125,203,203,121,210,199,134,214,223,155,240,235,1550,85
53,79,5,63,81,5,39,71,130,209,183,19,24,98,150,213,155,165,246,228,27,32,108,89,128,94,4,75,43,980,85
13,80,55,4,60,57,18,5,110,190,123,6,61,86,32,36,87,88,148,92,19,76,79,35,53,92,129,134,147,711,85
7,7,5,43,53,71,41,5,2,9,9,49,54,56,84,127,89,33,86,76,3,74,56,32,73,103,51,56,92,486,85
27,113,21,51,70,6,41,5,148,261,175,113,134,226,138,189,159,3,73,54,36,42,106,88,129,94,78,83,119,938,85
79,46,56,48,19,59,45,29,2,48,81,54,110,100,1,49,57,45,64,93,55,114,74,2,47,61,39,68,84,579,85
56,29,101,87,77,25,5,67,154,183,210,169,270,198,107,194,208,56,133,143,32,57,109,67,72,92,35,102,40,1067,85
71,86,55,49,13,5,47,5,2,88,73,46,101,132,37,86,92,79,92,128,70,75,83,89,136,94,86,91,133,740,85
7,45,115,33,20,96,83,47,13,58,20,293,408,338,105,138,220,60,80,93,132,228,152,46,129,142,35,82,118,1130,85
45,98,89,4,110,7,7,5,4,102,49,59,148,157,67,71,156,54,164,58,22,29,132,106,113,113,67,72,74,744,85
15,5,76,66,44,112,93,73,54,59,69,150,226,155,64,130,140,53,97,119,126,238,170,46,139,158,21,94,114,998,85
6,108,37,32,87,22,45,49,2,110,8,16,53,124,60,92,97,3,90,35,46,68,133,29,74,51,32,81,77,574,85
6,4,65,8,8,42,104,31,2,6,8,2,67,6,61,69,126,95,103,103,32,74,40,1,105,43,2,33,106,463,85
9,6,4,46,35,105,44,5,2,8,11,49,53,55,54,100,58,54,89,100,4,109,39,8,52,113,67,72,111,492,85
7,90,8,40,19,47,46,57,3,93,10,143,151,233,2,42,10,45,64,85,42,89,61,21,67,68,18,75,64,588,85
68,33,21,4,70,13,4,55,42,75,110,74,95,107,71,75,92,5,75,9,58,71,128,51,55,64,73,128,77,642,85
62,70,63,113,55,92,74,5,91,161,153,2,65,72,56,169,119,6,61,119,2,94,57,26,100,118,51,56,125,768,85
80,73,78,114,18,81,71,95,101,174,181,131,209,204,132,246,210,80,98,194,56,137,74,55,126,136,30,125,101,1195,85
55,5,18,58,52,75,5,71,92,97,147,122,140,127,7,65,25,32,84,90,78,153,130,46,51,121,98,169,103,814,85
7,4,7,140,3,41,62,12,3,7,10,2,9,6,2,142,9,2,5,142,47,88,50,17,79,58,104,116,166,453,85
89,79,98,52,68,6,13,15,2,81,91,24,122,103,25,77,123,58,126,110,49,55,117,105,118,111,70,85,83,753,85
44,6,100,33,5,35,13,6,274,280,318,1,101,7,34,67,134,56,61,89,52,87,57,75,88,110,70,76,83,804,85
6,45,91,79,88,177,90,88,157,202,163,122,213,167,136,215,227,165,253,244,123,300,211,93,183,270,164,252,254,1624,85
55,71,72,82,57,27,67,24,81,152,136,21,93,92,2,84,74,14,71,96,38,65,95,13,80,40,43,67,110,667,86
68,4,59,3,59,27,56,128,33,37,101,49,108,53,46,49,105,32,91,35,64,91,123,23,79,50,26,154,82,677,86
105,13,3,59,83,64,4,87,1,14,106,81,84,94,97,156,100,54,137,113,2,66,85,87,91,151,57,144,61,797,86
4,86,83,110,90,103,104,99,100,186,104,63,146,149,51,161,134,38,128,148,46,149,136,45,149,148,39,138,143,1061,86
34,105,51,92,93,72,15,4,61,166,95,86,137,191,78,170,129,55,148,147,80,152,173,52,67,124,121,125,136,999,86
68,59,53,9,3,121,27,7,21,80,89,2,55,61,67,76,120,68,71,77,77,198,80,2,29,123,75,82,102,659,86
36,39,80,5,68,26,56,25,60,99,96,2,82,41,68,73,148,22,90,27,22,48,90,47,103,73,23,48,79,579,86
9,90,102,92,86,36,86,117,42,132,51,34,136,124,56,148,158,54,140,146,104,140,190,56,142,92,50,167,136,1014,86
58,54,80,25,24,30,5,55,13,67,71,13,93,67,22,47,102,56,80,81,53,83,77,58,63,88,30,85,35,576,86
4,3,23,18,14,3,16,2,115,118,119,27,50,30,74,92,97,41,55,59,72,75,86,56,72,59,111,113,127,579,86
104,28,4,7,7,27,4,36,5,33,109,72,76,100,66,73,70,77,84,84,56,83,63,61,65,88,55,91,59,609,86
90,117,3,95,47,59,89,6,32,149,122,2,5,119,50,145,53,4,51,99,40,99,87,58,147,117,78,84,167,770,86
6,3,14,4,115,71,63,10,4,7,10,38,52,41,75,79,89,76,191,80,111,182,226,875,938,946,72,82,135,1537,86
78,53,29,4,5,104,37,20,2,55,80,59,88,112,99,103,128,64,69,68,42,146,47,10,47,114,70,90,107,676,86
5,3,7,5,46,12,31,40,3,6,8,60,67,63,137,142,144,1,47,6,70,82,116,68,99,80,38,78,69,526,86
7,5,5,8,5,3,5,4,72,77,79,95,100,100,50,58,55,142,147,150,2,5,7,37,42,40,94,98,99,534,86
6,71,47,57,63,45,43,3,18,89,24,9,56,80,21,78,68,8,71,65,21,66,84,29,72,74,135,138,178,576,86
88,14,15,15,5,60,24,58,52,66,140,92,107,106,44,59,59,93,98,108,31,91,36,52,76,112,14,72,38,657,86
72,64,187,106,146,128,193,40,109,173,181,63,250,127,2,108,189,31,177,137,37,165,183,28,221,156,1015,1055,1208,2221,86
73,4,17,3,138,65,39,4,106,110,179,1,18,5,64,67,81,65,203,68,402,467,540,89,128,154,31,35,70,1101,86
62,28,3,26,25,72,42,83,59,87,121,66,69,94,50,76,53,63,88,89,21,93,46,14,56,86,7,90,49,621,86
4,7,127,22,16,91,51,48,32,39,36,63,190,70,2,24,129,70,86,92,146,237,162,343,394,434,20,68,71,1042,86
62,113,93,25,30,104,11,49,55,168,117,30,123,143,22,47,115,69,99,94,43,147,73,26,37,130,29,78,40,761,86
5,4,106,64,66,16,2,93,3,7,8,43,149,47,9,73,115,22,88,86,56,72,122,85,87,101,66,159,68,640,86
102,33,46,5,28,22,6,12,46,79,148,87,133,120,2,7,48,75,103,80,14,36,42,86,92,108,41,53,47,605,86
28,3,6,14,39,11,63,81,64,67,92,35,41,38,71,85,77,34,73,48,78,89,117,24,87,35,31,112,94,582,86
100,68,49,41,33,9,10,8,73,141,173,15,64,83,53,94,102,13,46,54,91,100,124,34,44,43,75,83,85,672,86
6,3,40,28,82,35,77,32,3,6,9,42,82,45,34,62,74,15,97,43,12,47,94,3,80,38,28,60,105,440,86
140,8,46,12,76,56,68,46,179,187,319,22,68,30,88,100,134,2,78,14,2,58,78,2,70,58,18,64,86,765,86
40,37,61,98,58,10,71,5,40,77,80,51,112,88,456,554,517,67,125,165,49,59,107,45,116,55,57,62,128,1145,86
58,83,96,91,63,87,82,78,65,148,123,74,170,157,62,153,158,66,129,157,76,163,139,79,161,166,66,144,148,1126,87
67,82,108,91,87,96,83,75,95,177,162,75,183,157,83,174,191,98,185,189,94,190,181,80,163,176,98,173,181,1312,87
42,74,64,60,83,67,85,83,78,152,120,83,147,157,105,165,169,74,157,134,77,144,160,69,154,136,76,159,161,1120,87
56,82,62,80,66,71,91,82,98,180,154,95,157,177,88,168,150,98,164,178,103,174,169,75,166,146,88,170,179,1235,87
46,93,92,105,71,102,73,99,96,189,142,96,188,189,89,194,181,73,144,178,109,211,180,97,170,199,88,187,161,1329,87
34,81,74,81,75,96,92,92,94,175,128,76,150,157,96,177,170,87,162,168,74,170,149,81,173,177,67,159,159,1200,87
21,76,67,66,75,77,73,84,86,162,107,101,168,177,102,168,169,92,167,158,84,161,159,80,153,157,87,171,160,1171,87
72,83,80,108,100,96,89,87,67,150,139,82,162,165,91,199,171,59,159,167,79,175,179,72,161,168,91,178,180,1256,87
16,66,52,53,63,63,69,61,124,190,140,71,123,137,107,160,159,94,157,147,95,158,158,95,164,158,89,150,158,1118,87
45,78,90,84,93,64,90,75,79,157,124,55,145,133,80,164,170,72,165,156,90,154,183,69,159,133,69,144,159,1133,87
47,46,64,110,110,93,60,70,102,148,149,121,185,167,85,195,149,67,177,177,91,184,201,117,177,210,119,189,179,1302,87
55,83,83,106,132,79,131,87,98,181,153,85,168,168,246,352,329,51,183,157,57,136,189,70,201,149,68,155,199,1431,87
52,84,66,66,96,90,85,85,96,180,148,115,181,199,117,183,183,77,173,143,63,153,159,78,163,168,85,170,170,1255,87
38,65,82,82,87,81,80,82,88,153,126,82,164,147,67,149,149,75,162,157,72,153,159,76,156,157,68,150,148,1125,87
64,87,84,80,83,74,68,71,67,154,131,59,143,146,75,155,159,77,160,157,65,139,148,82,150,156,82,153,150,1118,87
54,63,83,93,84,93,93,93,119,182,173,115,198,178,87,180,170,96,180,189,106,199,190,95,188,188,76,169,169,1350,87
40,83,75,73,68,74,65,76,72,155,112,95,170,178,85,158,160,83,151,156,71,145,139,93,158,167,94,170,159,1147,87
55,94,82,88,73,81,84,68,56,150,111,74,156,168,66,154,148,59,132,147,86,167,159,75,159,156,74,142,158,1115,87
55,100,82,71,73,69,94,67,71,171,126,55,137,155,97,168,179,86,159,157,107,176,180,57,151,126,88,155,182,1172,87
44,63,41,61,67,55,90,86,110,173,154,114,155,177,119,180,160,96,163,157,114,169,181,91,181,146,90,176,180,1241,87
56,82,83,72,102,83,74,80,67,149,123,66,149,148,87,159,170,63,165,135,66,149,168,75,149,158,76,156,150,1132,87
42,71,71,57,61,61,54,57,91,162,133,96,167,167,98,155,169,100,161,157,98,159,159,107,161,168,114,171,168,1178,87
12,71,85,95,93,83,70,88,101,172,113,119,204,190,93,188,178,85,178,180,87,170,180,105,175,188,88,176,158,1275,87
48,103,79,68,72,88,69,68,68,171,116,65,144,168,100,168,179,79,151,147,78,166,150,68,137,156,78,146,147,1131,87
44,82,91,95,67,63,78,72,73,155,117,74,165,156,67,162,158,62,129,157,82,145,149,93,171,156,71,143,149,1114,87
12,60,79,99,93,100,83,86,120,180,132,98,177,158,78,177,157,81,174,180,56,156,149,55,138,155,88,174,171,1188,87
71,63,77,65,99,83,97,83,114,177,185,137,214,200,114,179,191,112,211,177,50,133,149,84,181,167,104,187,201,1353,87
36,66,107,94,70,82,98,104,108,174,144,73,180,139,60,154,167,63,133,157,89,171,159,74,172,156,61,165,159,1185,87
58,80,118,110,100,67,63,86,105,185,163,15,133,95,71,181,189,48,148,158,91,158,191,111,174,178,86,172,149,1209,87
84,45,40,62,81,81,78,76,114,159,198,121,161,166,111,173,151,72,153,134,79,160,160,85,163,166,82,158,160,1211,87
127,97,113,104,93,120,84,109,119,216,246,17,130,114,60,164,173,24,117,128,46,166,139,69,153,189,57,166,141,1239,88
130,85,88,25,40,28,38,20,37,122,167,68,156,153,31,56,119,128,168,153,75,103,115,128,166,156,74,94,112,995,88
103,131,88,98,22,27,17,13,33,164,136,35,123,166,66,164,154,34,56,132,141,168,163,78,95,105,150,163,167,1036,88
115,138,104,82,48,64,138,156,166,304,281,122,226,260,181,263,285,188,236,270,231,295,279,179,317,243,124,280,262,2036,88
123,108,118,117,154,83,108,40,6,114,129,58,176,166,12,129,130,56,210,173,2,85,156,78,186,161,29,69,137,1092,88
90,119,122,120,26,136,111,111,43,162,133,45,167,164,30,150,152,46,72,166,92,228,118,14,125,150,57,168,168,1162,88
93,18,97,129,126,154,133,40,15,33,108,144,241,162,1,130,98,55,181,184,4,158,130,34,167,188,91,131,224,1134,88
118,121,84,133,73,108,27,108,21,142,139,45,129,166,34,167,118,8,81,141,81,189,154,2,29,110,87,195,114,1050,88
125,144,118,133,117,109,86,51,60,204,185,23,141,167,34,167,152,21,138,154,46,155,163,22,108,131,66,117,152,1155,88
72,96,124,86,23,38,11,26,98,194,170,12,136,108,52,138,176,45,68,131,141,179,164,83,94,121,177,203,188,1084,88
111,124,127,106,115,132,99,120,92,216,203,11,138,135,23,129,150,27,142,133,33,165,148,18,117,150,57,177,156,1195,88
72,133,129,130,139,105,129,106,89,222,161,22,151,155,78,208,207,27,166,157,186,291,325,81,210,186,57,163,186,1483,88
149,143,104,101,96,133,127,135,117,260,266,151,255,294,138,239,242,110,206,211,12,145,108,66,193,199,87,222,214,1669,88
119,116,115,116,131,128,125,127,131,247,250,21,136,137,20,136,135,43,174,159,39,167,170,24,149,152,43,170,168,1298,88
117,140,66,128,91,120,141,123,19,159,136,96,162,236,3,131,69,14,105,142,8,128,99,80,221,200,34,157,175,1180,88
148,125,49,51,117,104,121,103,112,237,260,146,195,271,50,101,99,87,204,138,42,146,159,43,164,147,39,142,160,1337,88
107,157,100,133,90,74,5,51,31,188,138,16,116,173,33,166,133,2,92,135,69,143,159,67,72,141,114,165,119,1049,88
84,126,132,112,104,127,139,126,108,234,192,89,221,215,18,130,150,78,182,190,44,171,148,44,183,171,165,291,304,1496,88
112,108,67,135,125,74,32,100,75,183,187,73,140,181,44,179,111,3,128,138,77,151,202,40,72,114,236,336,268,1301,88
83,104,131,95,43,116,135,59,143,247,226,122,253,226,120,215,251,44,87,139,146,262,189,20,155,136,149,208,284,1510,88
144,135,89,160,146,126,134,124,81,216,225,2,91,137,7992,8152,8081,60,206,220,2,128,148,30,164,156,164,288,298,9389,88
135,145,117,140,90,75,12,51,57,202,192,47,164,192,23,163,140,39,129,179,102,177,192,68,80,143,149,200,161,1250,88
102,123,127,69,85,30,85,2,1,124,103,15,142,138,48,117,175,44,129,113,87,117,172,79,164,109,56,58,141,953,88
146,92,129,104,126,140,104,115,126,218,272,145,274,237,86,190,215,145,271,249,55,195,181,76,180,216,20,135,124,1609,88
137,114,92,151,116,93,86,128,263,377,400,126,218,240,212,363,304,190,306,341,213,306,329,174,260,267,1313,1441,1399,3408,88
164,189,108,109,119,145,70,38,35,224,199,1,109,190,17,126,125,45,164,154,33,178,152,2,72,147,135,173,205,1210,88
107,119,116,109,97,142,71,119,89,208,196,2,118,121,67,176,183,20,117,129,55,197,152,22,93,164,46,165,117,1181,88
136,127,129,127,149,115,140,97,170,297,306,32,161,159,201,328,330,22,171,149,87,202,236,32,172,147,15,112,155,1579,88
206,140,94,82,49,83,93,117,596,736,802,127,221,267,197,279,291,240,289,322,150,233,199,161,254,244,220,337,313,2555,88
126,106,107,133,91,106,107,143,58,164,184,81,188,187,19,152,126,15,106,148,46,152,137,33,140,139,57,200,164,1228,88
70,42,112,113,111,162,106,89,34,76,104,128,240,170,137,250,249,102,213,215,94,256,205,85,191,247,98,187,204,1483,89
122,125,124,97,105,131,77,56,81,206,203,12,136,137,3,100,127,20,125,117,45,176,150,63,140,194,170,226,247,1231,89
86,119,94,70,126,98,122,107,46,165,132,2,96,121,65,135,159,2,128,72,23,121,149,2,124,100,18,125,140,980,89
71,101,90,125,78,137,99,90,74,175,145,115,205,216,87,212,177,34,112,159,115,252,193,102,201,239,104,194,203,1422,89
88,119,147,129,104,137,25,98,98,217,186,42,189,161,2,131,149,2,106,131,22,159,126,67,92,204,167,265,192,1247,89
135,123,108,124,116,128,119,103,22,145,157,2,110,125,25,149,133,19,135,143,22,150,138,14,133,142,20,123,139,1080,89
92,185,64,94,99,151,150,83,50,235,142,1,65,186,18,112,82,37,136,131,32,183,131,1,151,152,2,85,152,1059,89
83,107,111,134,105,88,103,120,99,206,182,77,188,184,54,188,165,13,118,147,32,120,137,16,119,104,297,417,400,1439,89
58,113,125,138,120,125,50,101,78,191,136,55,180,168,22,160,147,14,134,152,34,159,154,39,89,164,80,181,130,1152,89
80,85,108,135,104,87,118,103,80,165,160,176,284,261,45,180,153,2,106,137,56,143,160,296,414,383,80,183,198,1555,89
118,209,131,98,98,145,73,92,32,241,150,85,216,294,11,109,142,156,254,254,87,232,185,2,75,147,148,240,221,1485,89
60,91,83,136,111,97,64,77,120,211,180,26,109,117,34,170,117,17,128,153,2,99,113,74,138,171,23,100,87,1015,89
66,132,109,131,92,146,130,170,87,219,153,86,195,218,46,177,155,30,122,161,19,165,111,2,132,148,29,199,159,1275,89
138,106,136,95,148,115,116,120,21,127,159,31,167,137,2,97,138,19,167,114,1,116,149,15,131,130,76,196,192,1139,89
144,103,115,149,84,150,77,102,37,140,181,77,192,180,67,216,182,2,86,151,36,186,120,1,78,151,32,134,109,1176,89
81,210,90,148,102,40,136,100,59,269,140,2,92,212,3,151,93,25,127,173,35,75,137,80,216,120,12,112,148,1123,89
97,128,141,119,130,136,139,114,21,149,118,42,183,170,2,121,143,2,132,121,228,364,358,2,141,138,1,115,140,1302,89
71,145,137,112,134,100,113,94,167,312,238,48,185,193,55,167,192,92,226,204,47,147,181,273,386,373,44,138,157,1632,89
87,120,114,114,137,121,118,89,72,192,159,77,191,197,91,205,205,43,180,157,22,143,159,15,133,136,1,90,119,1221,89
88,145,156,156,126,138,114,126,198,343,286,50,206,195,87,243,243,2,128,158,154,292,280,12,126,150,18,144,132,1570,89
74,100,123,121,132,149,109,125,124,224,198,79,202,179,84,205,207,49,181,170,158,307,290,1,110,150,36,161,145,1464,89
98,134,111,115,88,109,109,121,50,184,148,62,173,196,136,251,247,11,99,126,242,351,330,211,320,320,23,144,132,1620,89
76,143,111,105,122,146,134,95,223,366,299,1,112,144,2,107,113,171,293,276,2,148,124,2,136,148,45,140,179,1378,89
60,113,149,126,148,149,129,123,69,182,129,33,182,146,43,169,192,2,150,128,97,246,245,146,275,295,257,380,386,1644,89
103,147,124,124,105,243,79,34,79,226,182,32,156,179,47,171,171,46,151,170,55,298,160,38,117,281,44,78,123,1300,89
73,115,164,113,101,89,85,100,70,185,143,98,262,213,29,142,193,68,169,181,149,238,250,87,172,176,78,178,163,1419,89
86,106,66,68,114,155,143,112,78,184,164,111,177,217,34,102,100,32,146,100,2,157,116,25,168,180,59,171,202,1191,89
91,108,124,128,118,99,82,83,168,276,259,94,218,202,13,141,137,2,120,130,2,101,120,66,148,165,18,101,100,1196,89
94,107,132,57,154,134,146,124,105,212,199,60,192,167,4,61,136,33,187,90,14,148,168,1,147,135,4,128,150,1169,89
52,111,77,136,113,112,124,111,105,216,157,86,163,197,117,253,194,32,145,168,239,351,352,35,159,147,23,134,147,1473,89
56,74,30,12,8,5,29,46,17,91,73,46,76,120,79,91,109,463,471,475,83,88,91,62,91,67,54,100,83,1064,90
125,97,87,95,80,106,68,86,129,226,254,95,182,192,56,151,143,3,83,98,62,168,142,174,242,280,177,263,245,1440,90
15,151,118,5,19,80,15,109,92,243,107,15,133,166,74,79,192,110,129,115,140,220,159,61,76,141,130,239,145,1134,90
90,5,81,100,5,99,79,74,86,91,176,36,117,41,2,102,83,83,88,183,10,109,15,3,82,102,20,94,99,773,90
160,118,105,132,68,112,88,6,155,273,315,81,186,199,37,169,142,3,71,135,113,225,181,55,143,167,52,58,140,1285,90
82,103,119,99,28,5,18,11,108,211,190,70,189,173,2,101,121,81,109,180,71,76,99,98,116,103,72,83,90,967,90
33,52,74,4,21,8,24,46,56,108,89,58,132,110,49,53,123,88,109,92,88,96,109,85,109,93,49,95,73,735,90
12,4,9,5,12,19,8,12,77,81,89,107,116,111,71,76,80,127,139,132,57,76,69,84,92,103,105,117,113,709,90
46,32,37,29,5,86,6,53,103,135,149,74,111,106,80,109,117,71,76,100,229,315,234,88,94,174,52,105,58,991,90
60,5,129,25,29,108,114,66,277,282,337,88,217,93,262,287,391,74,103,99,71,179,100,43,157,151,3,69,117,1354,90
100,103,61,79,86,84,101,66,63,166,163,79,140,182,90,169,151,105,191,184,299,383,385,64,165,148,108,174,209,1488,90
85,143,96,150,138,133,98,122,49,192,134,39,135,182,61,211,157,20,158,170,22,155,160,63,161,196,68,190,166,1287,90
87,20,4,11,30,48,22,10,89,109,176,104,108,124,97,108,101,87,117,98,55,103,85,67,89,115,153,163,175,884,90
41,42,94,99,56,6,5,113,407,449,448,471,565,513,81,180,175,139,195,238,99,105,155,100,105,106,89,202,94,1842,90
84,148,47,15,12,13,24,52,47,195,131,264,311,412,41,56,88,118,130,133,55,68,67,37,61,50,42,94,66,999,90
72,69,52,5,70,83,56,57,315,384,387,125,177,194,71,76,123,949,1019,954,19,102,89,119,175,202,8,65,64,2070,90
64,106,53,37,6,78,88,88,49,155,113,17,70,123,83,120,136,61,67,98,289,367,295,2,90,80,97,185,185,1118,90
31,142,70,86,55,28,11,53,84,226,115,131,201,273,80,166,150,38,93,124,95,123,150,72,83,100,141,194,152,1117,90
99,91,18,17,4,35,4,81,59,150,158,52,70,143,140,157,158,64,68,81,157,192,161,73,77,108,824,905,828,1718,90
74,23,104,142,85,99,12,22,111,134,185,2,106,25,3,145,107,18,103,160,56,155,141,68,80,167,128,150,140,947,90
26,55,65,118,82,77,98,97,105,160,131,86,151,141,68,186,133,74,156,192,84,161,166,79,177,156,54,151,152,1168,90
82,41,13,142,86,17,114,86,84,125,166,63,76,104,89,231,102,107,193,249,90,107,176,64,178,81,88,174,202,1166,90
49,80,86,136,77,78,94,77,151,231,200,130,216,210,114,250,200,123,200,259,88,166,165,56,150,134,124,201,218,1463,90
86,72,45,4,194,164,170,117,56,128,142,145,190,217,62,66,107,122,316,126,140,304,334,50,220,214,130,247,300,1557,90
85,6,74,27,78,45,11,6,115,121,200,3,77,9,66,93,140,40,118,67,37,82,115,90,101,135,87,93,98,770,90
23,39,61,44,103,67,45,7,37,76,60,104,165,143,47,91,108,57,160,101,96,163,199,31,76,98,114,121,159,875,90
37,20,27,24,50,56,44,47,65,85,102,82,109,102,55,79,82,60,110,84,15,71,65,54,98,110,29,76,73,665,90
31,52,87,35,12,44,5,11,172,224,203,129,216,181,424,459,511,44,56,79,74,118,86,53,58,97,64,75,69,1237,90
64,118,134,35,87,88,107,136,430,548,494,115,249,233,564,599,698,224,311,259,62,150,149,64,171,152,42,178,149,2270,90
9,58,123,113,95,59,84,158,164,222,173,56,179,114,3,116,126,77,172,190,592,651,687,80,164,139,68,226,152,1739,90
116,110,132,120,131,111,78,99,96,206,212,85,217,195,63,183,195,139,270,259,74,185,205,95,173,206,73,172,151,1522,91
121,139,87,90,110,113,165,85,131,270,252,97,184,236,127,217,214,51,161,141,62,175,172,72,237,185,119,204,284,1569,91
85,105,101,104,186,142,107,121,110,215,195,74,175,179,198,302,299,95,281,199,30,172,216,72,179,214,26,147,133,1556,91
89,96,86,63,118,94,146,129,129,225,218,154,240,250,359,422,445,240,358,303,132,226,250,153,299,247,113,242,259,2101,91
146,126,124,97,79,62,73,97,59,185,205,68,192,194,94,191,218,74,153,171,383,445,462,108,181,170,75,172,148,1665,91
127,131,146,151,143,132,101,144,62,193,189,119,265,250,69,220,215,140,283,291,96,228,239,106,207,238,131,275,232,1798,91
116,121,110,110,120,134,136,109,85,206,201,106,216,227,117,227,227,85,205,195,162,296,282,70,206,204,114,223,250,1695,91
100,111,123,120,120,120,109,132,137,248,237,116,239,227,84,204,207,118,238,238,119,239,239,84,193,204,107,239,216,1700,91
130,127,111,126,98,131,67,142,95,222,225,73,184,200,84,210,195,103,201,229,95,226,193,85,152,216,96,238,163,1563,91
124,112,132,141,144,107,98,131,297,409,421,61,193,173,107,248,239,170,314,311,110,217,254,101,199,208,58,189,156,1893,91
79,49,131,133,133,111,113,162,249,298,328,338,469,387,213,346,344,227,360,360,299,410,432,260,373,371,257,419,370,2754,91
96,132,109,97,133,122,129,141,95,227,191,76,185,208,184,281,293,106,239,203,83,205,216,54,183,176,96,237,225,1653,91
118,85,132,99,152,120,159,131,98,183,216,117,249,202,95,194,227,162,314,261,97,217,249,90,249,210,95,226,254,1750,91
72,125,83,123,187,26,145,144,152,277,224,109,192,234,193,316,276,154,341,277,2,28,189,113,258,139,104,248,249,1732,91
126,128,119,131,121,143,165,165,129,257,255,121,240,249,74,205,193,74,195,205,63,206,184,85,250,228,92,257,257,1736,91
79,131,143,124,122,100,184,198,138,269,217,344,487,475,85,209,228,60,182,184,104,204,226,99,283,199,71,269,255,1982,91
127,114,122,123,164,142,133,190,87,201,214,47,169,161,73,196,195,115,279,238,85,227,249,75,208,217,61,251,194,1658,91
110,123,110,143,144,143,124,154,95,218,205,104,214,227,63,206,173,61,205,204,105,248,249,75,199,218,69,223,193,1623,91
91,133,143,123,131,89,142,132,79,212,170,94,237,227,85,208,228,106,237,229,72,161,203,52,194,141,108,240,250,1580,91
63,87,121,109,125,108,77,212,94,181,157,139,260,226,107,216,228,75,200,184,92,200,217,119,196,227,105,317,182,1633,91
85,120,96,189,134,16,96,121,110,230,195,96,192,216,106,295,202,48,182,237,207,223,341,110,206,126,118,239,214,1652,91
101,99,100,87,101,87,174,154,124,223,225,94,194,193,128,215,228,95,196,182,106,193,207,119,293,206,51,205,225,1620,91
62,126,97,99,88,109,157,141,100,226,162,86,183,212,107,206,204,106,194,205,130,239,218,117,274,226,94,235,251,1619,91
172,132,132,132,142,134,87,112,70,202,242,95,227,227,96,228,228,117,259,249,107,241,249,483,570,617,85,197,172,2096,91
95,120,112,141,145,109,109,66,130,250,225,106,218,226,82,223,194,86,231,227,95,204,240,85,194,194,107,173,216,1588,91
131,154,139,132,119,130,131,206,149,303,280,98,237,252,84,216,223,97,216,229,86,216,205,118,249,248,162,368,293,1936,91
8,110,112,92,120,92,95,35,99,209,107,129,241,239,103,195,215,114,234,206,167,259,287,146,241,238,106,141,201,1528,91
116,130,145,97,100,87,47,161,99,229,215,94,239,224,105,202,250,117,217,214,151,238,251,207,254,294,383,544,430,2039,91
119,149,134,134,104,140,14,14,109,258,228,137,271,286,485,619,619,240,344,374,251,391,355,255,269,395,2779,2793,2793,5064,91
154,186,103,99,100,138,217,133,127,313,281,27,130,213,147,246,250,291,391,390,154,292,254,117,334,255,40,173,257,2033,91
85,98,118,101,181,87,43,128,97,195,182,54,172,152,60,161,178,46,227,147,2,89,183,54,97,141,529,657,572,1683,92
126,115,111,124,116,62,104,110,87,202,213,111,222,226,145,269,256,70,186,194,61,123,177,421,525,483,76,186,180,1839,92
104,101,102,126,97,118,125,84,162,263,266,155,257,256,151,277,253,147,244,273,145,263,242,98,223,216,94,178,219,1809,92
70,119,93,116,109,110,152,118,218,337,288,183,276,302,149,265,242,134,243,250,114,224,223,111,263,221,68,186,220,1864,92
114,115,91,116,101,112,98,86,451,566,565,299,390,414,553,669,644,110,211,226,96,208,197,169,267,281,112,198,210,2623,92
72,78,118,154,117,126,127,132,87,165,159,79,197,157,49,203,167,417,534,571,77,203,194,240,367,366,1535,1667,1662,3408,92
101,78,110,109,124,83,117,123,101,179,202,103,213,181,66,175,176,135,259,244,85,168,209,106,223,189,75,198,192,1516,92
44,60,67,66,45,69,44,59,77,137,121,81,148,141,68,134,135,96,141,162,84,153,129,62,106,131,84,143,128,1006,92
59,69,78,73,84,85,51,86,265,334,324,130,208,199,123,196,201,262,346,335,99,184,183,122,173,207,87,173,138,1673,92
123,124,135,101,94,84,114,77,91,215,214,39,174,163,51,152,186,72,166,173,232,316,326,116,230,200,401,478,515,1854,92
33,110,59,69,75,114,16,67,97,207,130,90,149,200,84,153,143,80,155,149,59,173,134,62,78,176,82,149,98,1097,92
74,92,85,85,77,77,84,91,84,176,158,80,165,172,75,160,160,80,157,165,83,160,160,71,155,148,77,168,161,1215,92
68,85,77,83,76,51,126,87,123,208,191,88,165,173,67,150,144,65,141,148,82,133,158,109,235,160,80,167,206,1267,92
101,130,94,116,84,101,119,85,163,293,264,143,237,273,136,252,230,231,315,347,116,217,200,182,301,283,101,186,220,1902,92
65,170,44,69,57,52,24,92,85,255,150,1,45,171,74,143,118,148,205,217,87,139,144,116,140,168,75,167,99,1159,92
126,128,92,110,129,94,100,94,179,307,305,66,158,194,64,174,156,66,195,176,37,131,166,125,225,219,72,166,172,1482,92
53,95,44,90,66,93,40,117,49,144,102,112,156,207,107,197,151,71,137,161,75,168,141,120,160,213,158,275,198,1290,92
5,104,47,34,76,74,68,76,88,192,93,1125,1172,1229,121,155,168,197,273,231,93,167,169,124,192,198,76,152,144,2308,92
37,68,60,68,84,69,86,76,101,169,138,93,153,161,80,148,140,57,141,125,67,136,151,46,132,115,67,143,153,1059,92
225,84,75,76,77,68,110,228,56,140,281,64,139,148,77,153,152,81,158,157,416,484,493,59,169,127,20,248,130,1716,92
77,100,59,63,50,51,102,65,260,360,337,226,285,326,154,217,213,124,174,187,101,152,151,56,158,107,110,175,212,1598,92
133,70,84,83,67,67,101,85,16,86,149,116,200,186,83,166,167,75,142,158,102,169,169,89,190,156,151,236,252,1322,92
33,76,101,84,93,77,59,52,107,183,140,92,193,168,55,139,156,85,178,169,63,140,156,83,142,160,72,124,131,1132,92
73,3,103,109,3,83,112,5,15,18,88,15,118,18,44,153,147,72,75,181,1,84,4,23,135,106,13,18,125,674,92
41,77,84,83,92,86,68,83,95,172,136,109,193,186,90,173,174,85,177,168,89,175,181,92,160,178,256,339,324,1430,92
37,77,100,77,5,59,85,42,445,522,482,1150,1250,1227,355,432,455,1182,1187,1259,165,224,170,64,149,123,298,340,383,4141,92
39,76,95,102,93,91,67,94,86,162,125,107,202,183,122,224,217,48,141,150,94,185,187,73,140,164,94,188,161,1281,92
37,52,51,58,59,59,66,99,236,288,273,104,155,156,85,143,136,301,360,359,72,131,131,85,151,144,292,391,358,1656,92
39,26,124,95,63,18,88,78,124,150,163,57,181,83,1,96,125,236,299,331,76,94,139,1,89,19,21,99,109,1047,92
251,28,110,63,87,2,101,114,44,72,295,14,124,42,28,91,138,654,741,717,644,646,731,1,102,3,16,130,117,2157,92
27,37,71,53,71,60,51,50,155,192,182,126,197,163,113,166,184,118,189,171,134,194,205,77,128,137,124,174,175,1267,93
17,59,76,121,9,5,67,90,132,191,149,72,148,131,6,127,82,107,116,228,68,73,77,116,183,121,39,129,106,984,93
37,31,73,95,59,67,69,31,151,182,188,163,236,194,91,186,164,145,204,240,1088,1155,1147,148,217,215,768,799,837,3016,93
8,39,28,118,82,64,44,5,130,169,138,219,247,258,139,257,167,64,146,182,97,161,179,143,187,207,189,194,233,1369,93
47,41,105,88,42,51,75,51,123,164,170,132,237,173,47,135,152,109,151,197,123,174,165,118,193,169,103,154,178,1255,93
19,18,48,64,37,51,57,57,194,212,213,129,177,147,129,193,177,154,191,218,134,185,171,141,198,192,139,196,196,1371,93
94,41,21,109,51,81,76,68,103,144,197,138,159,179,165,274,186,127,178,236,104,185,155,87,163,168,112,180,188,1377,93
32,76,53,43,57,21,69,59,33,109,65,7,60,83,41,84,94,26,83,69,51,72,108,26,95,47,30,89,99,624,93
40,5,52,58,54,55,80,92,179,184,219,363,415,368,127,185,179,115,169,173,105,160,159,132,212,187,116,208,196,1573,93
52,57,64,44,6,32,50,99,121,178,173,58,122,115,18,62,82,153,159,197,42,74,48,96,146,128,57,156,107,949,93
64,76,75,56,81,113,167,62,115,191,179,113,188,189,174,230,249,116,197,172,148,261,229,84,251,197,43,105,210,1487,93
33,28,98,12,76,46,54,8,75,103,108,77,175,105,56,68,154,40,116,52,32,78,108,32,86,78,90,98,144,757,93
20,18,31,39,44,49,81,43,103,121,123,31,62,49,71,110,102,25,69,64,71,120,115,12,93,61,46,89,127,684,93
40,82,54,39,97,71,9,70,31,113,71,7,61,89,55,94,109,17,114,56,13,84,110,47,56,118,41,111,50,673,93
74,80,85,78,88,67,77,16,95,175,169,58,143,138,22,100,107,83,171,161,2,69,90,121,198,188,1,17,78,947,93
16,44,39,32,82,65,40,65,13,57,29,61,100,105,12,44,51,18,100,50,18,83,100,47,87,112,16,81,56,568,93
16,35,48,68,56,38,68,66,63,98,79,36,84,71,60,128,108,5,61,73,67,105,123,4,72,42,54,120,122,684,93
49,55,60,98,89,94,110,85,121,176,170,107,167,162,101,199,161,48,137,146,8,102,97,33,143,127,29,114,139,1087,93
14,13,48,4,3,47,11,4,1,14,15,29,77,42,50,54,98,13,16,17,49,96,52,40,51,87,17,21,28,343,93
81,18,59,62,48,42,88,83,256,274,337,235,294,253,173,235,232,151,199,213,191,233,239,130,218,172,500,583,588,2117,93
27,41,72,44,60,47,51,29,46,87,73,27,99,68,37,81,109,27,87,71,76,123,136,12,63,59,71,100,122,667,93
14,24,49,81,48,55,30,58,84,108,98,4,53,28,38,119,87,10,58,91,69,124,117,5,35,60,68,126,98,637,93
25,65,42,51,53,42,57,42,149,214,174,132,174,197,66,117,108,24,77,75,77,119,130,16,73,58,61,103,118,902,93
15,34,48,46,45,69,33,45,44,78,59,37,85,71,56,102,104,20,65,66,39,108,84,26,59,95,49,94,82,606,93
29,40,31,4,48,6,4,49,38,78,67,40,71,80,17,21,48,35,83,39,53,59,101,29,33,35,32,81,36,455,93
75,21,68,55,88,154,59,30,62,83,137,17,85,38,64,119,132,24,112,79,61,215,149,82,141,236,89,119,148,949,93
11,40,53,59,49,71,45,35,120,160,131,115,168,155,121,180,174,108,157,167,123,194,172,30,75,101,106,141,151,1086,93
17,47,49,60,45,4,54,47,13,60,30,63,112,110,16,76,65,90,135,150,40,44,85,118,172,122,146,193,200,809,93
11,66,65,83,57,60,56,61,123,189,134,109,174,175,59,142,124,77,134,160,91,151,148,100,156,160,57,118,113,1075,93
25,36,72,40,51,50,52,47,72,108,97,9,81,45,49,89,121,25,76,65,40,90,91,25,77,75,61,108,113,654,93
89,77,65,76,151,81,83,84,97,174,186,115,180,192,95,171,160,93,244,169,31,112,182,96,179,177,101,185,184,1334,94
77,89,76,83,106,83,91,91,101,190,178,112,188,201,102,185,178,92,198,175,62,145,168,86,177,169,92,183,183,1343,94
98,93,75,65,72,99,139,80,71,164,169,100,175,193,110,175,185,112,184,177,88,187,160,52,191,151,63,143,202,1317,94
83,34,74,75,74,28,72,91,133,167,216,88,162,122,103,178,177,86,160,161,130,158,204,89,161,117,79,170,151,1239,94
85,56,76,69,74,81,117,91,125,181,210,96,172,152,93,162,169,84,158,153,69,150,143,71,188,152,25,116,142,1212,94
82,66,63,66,74,132,67,56,113,179,195,103,166,169,131,197,194,102,176,168,94,226,168,36,103,168,103,159,170,1288,94
44,92,92,123,129,117,132,119,141,233,185,109,201,201,108,231,200,102,231,225,93,210,222,82,214,199,93,212,225,1576,94
98,61,75,89,92,137,75,73,129,190,227,112,187,173,88,177,163,84,176,173,76,213,168,55,130,192,95,168,170,1339,94
56,71,94,92,85,83,75,17,121,192,177,90,184,161,98,190,192,76,161,168,100,183,185,86,161,169,156,173,231,1300,94
59,64,80,76,89,48,57,43,113,177,172,86,166,150,72,148,152,44,133,120,80,128,169,81,138,129,103,146,160,1095,94
79,83,81,73,84,85,106,84,120,203,199,111,192,194,112,185,193,87,171,160,84,169,168,109,215,194,70,154,176,1368,94
69,76,67,4,4,55,99,82,53,129,122,3,70,79,141,145,208,59,63,63,1,56,5,21,120,76,19,101,118,753,94
91,87,66,78,56,74,6,84,106,193,197,124,190,211,135,213,201,125,181,203,113,187,169,166,172,240,83,167,89,1394,94
55,55,80,66,72,77,90,89,120,175,175,86,166,141,70,136,150,95,167,161,96,173,168,100,190,177,62,151,152,1213,94
79,74,131,84,68,41,127,66,106,180,185,88,219,162,28,112,159,93,161,177,111,152,179,111,238,152,1,67,128,1208,94
64,65,75,78,74,100,102,66,122,187,186,110,185,175,118,196,193,140,214,218,83,183,157,1179,1281,1279,3072,3138,3174,5448,94
27,3,38,5,59,6,40,2,89,92,116,62,100,65,79,84,117,91,150,96,91,97,150,34,74,40,119,121,159,745,94
33,75,73,72,57,64,30,64,93,168,126,86,159,161,431,503,504,97,154,169,103,167,160,139,169,203,104,168,134,1521,94
61,57,73,127,68,76,101,108,122,179,183,94,167,151,2224,2351,2297,117,185,244,112,188,180,93,194,169,74,182,175,3507,94
93,76,85,116,74,91,104,115,85,161,178,84,169,160,99,215,184,50,124,166,80,171,154,36,140,127,1,116,105,1189,94
74,86,5,32,5,32,8,58,44,130,118,73,78,159,27,59,32,90,95,122,83,115,88,106,114,138,41,99,49,764,94
71,66,64,64,88,82,93,83,109,175,180,111,175,177,104,168,168,98,186,162,89,171,177,85,178,167,83,166,176,1290,94
73,89,91,80,37,82,78,83,98,187,171,78,169,167,87,167,178,141,178,221,77,159,114,106,184,188,86,169,164,1286,94
57,52,66,65,57,68,83,66,122,174,179,109,175,161,102,167,168,95,152,160,84,152,141,63,146,131,78,144,161,1167,94
102,73,72,81,80,67,83,81,76,149,178,105,177,178,89,170,161,89,169,170,121,188,201,103,186,170,102,183,185,1324,94
138,104,101,101,98,116,117,113,76,180,214,78,179,182,82,183,183,115,213,216,67,183,165,76,193,192,66,179,183,1448,94
186,109,114,100,103,116,116,115,16,125,202,62,176,171,77,177,191,68,171,168,62,178,165,67,183,183,58,173,174,1369,94
92,75,90,63,63,34,93,122,65,140,157,77,167,152,89,152,179,95,158,158,110,144,173,45,138,79,50,172,143,1163,94
126,107,101,93,41,31,8,82,23,130,149,393,494,500,34,127,135,91,132,184,127,158,168,128,136,159,81,163,89,1466,94
5,91,152,97,92,108,90,99,77,168,82,94,246,185,26,123,178,82,174,179,100,208,192,84,174,192,79,178,169,1276,94
44,52,47,55,43,45,55,67,115,167,159,128,175,180,90,145,137,151,194,206,121,166,164,107,162,152,89,156,144,1209,95
91,125,75,106,138,97,102,104,104,229,195,101,176,226,101,207,176,251,389,357,110,207,248,204,306,301,131,235,233,1840,95
30,53,55,52,55,53,63,64,456,509,486,120,175,173,100,152,155,110,165,162,110,163,165,111,174,164,101,165,164,1533,95
12,69,55,51,78,72,61,66,129,198,141,93,148,162,132,183,187,89,167,140,87,159,165,111,172,183,105,171,166,1210,95
37,62,65,44,67,66,53,66,128,190,165,108,173,170,111,155,176,107,174,151,88,154,155,110,163,176,120,186,173,1232,95
32,63,87,52,44,57,64,45,107,170,139,91,178,154,108,160,195,110,154,162,99,156,143,108,172,165,110,155,174,1177,95
38,52,55,61,76,76,77,66,139,191,177,110,165,162,122,183,177,92,168,153,98,174,174,88,165,164,97,163,174,1247,95
55,52,64,55,38,58,65,58,122,174,177,101,165,153,99,154,163,124,162,179,114,172,152,103,168,161,110,168,175,1218,95
11,43,48,76,41,65,55,104,135,178,146,147,195,190,99,175,147,131,172,207,101,166,142,120,175,185,86,190,141,1262,95
30,42,51,56,67,64,53,57,140,182,170,132,183,174,120,176,171,98,165,154,100,164,167,99,152,163,140,197,193,1249,95
41,64,65,64,53,43,63,30,119,183,160,101,166,165,107,171,172,136,189,200,119,162,172,120,183,163,124,154,187,1249,95
41,52,49,55,66,49,65,76,119,171,160,114,163,166,122,177,171,108,174,163,109,158,175,94,159,143,89,165,154,1208,95
58,31,78,55,56,67,64,56,544,575,602,624,702,655,105,160,183,110,166,165,118,185,174,87,151,154,111,167,175,2164,95
15,65,55,58,74,77,54,71,385,450,400,139,194,204,108,166,163,97,171,155,99,176,173,110,164,187,122,193,176,1529,95
38,53,66,77,49,41,62,66,118,171,156,151,217,204,122,199,188,144,193,221,131,172,180,112,174,153,118,184,180,1348,95
31,42,56,72,54,85,56,56,140,182,171,129,185,171,123,195,179,120,174,192,124,209,178,86,142,171,118,174,174,1292,95
11,63,52,43,44,76,66,56,121,184,132,112,164,175,131,174,183,122,166,165,109,185,153,102,168,178,94,150,160,1202,95
63,51,59,72,54,32,65,59,121,172,184,97,156,148,127,199,186,92,146,164,136,168,190,105,170,137,90,149,155,1223,95
42,50,74,42,52,53,67,68,140,190,182,91,165,141,131,173,205,111,163,153,133,186,185,110,177,163,100,168,167,1264,95
10,64,52,31,65,77,67,76,115,179,125,123,175,187,151,182,203,101,166,132,99,176,164,108,175,185,97,173,164,1236,95
37,40,53,64,54,54,53,45,146,186,183,131,184,171,111,175,164,121,175,185,100,154,154,142,195,196,129,174,182,1280,95
83,53,54,64,41,48,69,59,96,149,179,130,184,183,111,175,165,131,172,195,122,170,163,104,173,152,96,155,165,1261,95
49,41,63,74,56,76,57,50,129,170,178,112,175,153,133,207,196,112,168,186,84,160,140,88,145,164,132,182,189,1256,95
32,56,52,65,43,51,41,58,142,198,174,131,183,187,140,205,192,143,186,208,134,185,177,152,193,203,137,195,178,1377,95
21,53,64,46,45,66,52,44,119,172,140,99,163,152,121,167,185,121,166,167,271,337,316,108,160,174,123,167,175,1353,95
40,51,67,54,55,39,53,47,156,207,196,140,207,191,131,185,198,130,185,184,119,158,174,134,187,173,110,157,163,1326,95
67,69,71,62,64,65,92,55,164,233,231,113,184,182,133,195,204,114,178,176,88,153,152,107,199,172,63,118,155,1327,95
35,56,52,31,55,64,54,42,104,160,139,110,162,166,143,174,195,113,168,144,98,162,153,109,163,173,123,165,177,1189,95
48,44,66,41,59,56,54,43,111,155,159,89,155,133,133,174,199,108,167,149,103,159,162,112,166,168,121,164,175,1188,95
74,86,56,66,61,63,61,64,12546,12632,12620,138,194,224,99,165,155,101,162,167,143,206,204,100,161,163,93,157,154,13751,95
