17,51,47,26,77,76,68,-451,231,282,248,95,142,146,50,76,97,157,234,183,23,99,100,67,135,143,49,-402,117,583,1
47,51,43,55,61,49,72,21,241,292,288,57,100,108,82,137,125,54,115,109,59,108,120,52,124,101,27,48,99,971,1
99,61,3,61,92,79,36,6,83,144,182,55,58,116,81,142,84,2,94,63,20,99,112,72,108,151,38,44,74,788,1
84,65,35,70,53,60,52,60,9,74,93,48,83,113,73,143,108,38,91,108,65,125,118,7,59,67,65,125,117,784,1
45,59,90,60,67,38,10,76,117,176,162,110,200,169,250,310,340,91,158,151,83,121,150,48,58,86,30,106,40,1174,1
56,60,43,76,45,51,22,3,115,175,171,41,84,101,90,166,133,14,59,90,99,150,144,1,23,52,119,122,141,835,1
66,85,60,58,48,69,4,29,32,117,98,31,91,116,95,153,155,1,49,59,66,135,114,46,50,115,105,134,109,795,1
13,76,34,61,69,41,45,53,110,186,123,72,106,148,75,136,109,47,116,108,44,85,113,105,150,146,31,84,76,876,1
41,70,29,60,27,60,43,17,88,158,129,71,100,141,89,149,118,41,68,101,72,132,99,74,117,134,92,109,135,874,1
69,35,60,34,76,26,60,43,116,151,185,74,134,109,49,83,109,66,142,100,41,67,117,84,144,110,64,107,124,897,1
55,83,36,60,51,63,60,52,59,142,114,74,110,157,56,116,92,58,109,118,35,98,86,52,112,115,47,99,107,841,1
46,107,37,68,53,71,51,60,157,264,203,52,89,159,64,132,101,49,102,117,72,143,125,29,80,100,83,143,134,999,1
54,60,19,20,53,3,26,51,76,136,130,16,35,76,96,116,115,65,118,85,22,25,75,123,149,126,7,58,33,691,1
47,53,52,101,33,85,53,58,91,144,138,65,117,118,542,643,594,84,117,185,75,160,108,15,68,100,90,148,143,1444,1
46,43,35,52,14,51,51,35,60,103,106,90,125,133,65,117,100,95,109,147,48,99,62,66,117,117,41,76,92,792,1
54,60,69,10,16,43,35,3,115,175,169,116,185,176,407,417,476,26,42,36,123,166,139,92,127,135,63,66,98,1232,1
52,50,53,53,45,71,36,50,39,89,91,83,136,133,46,99,99,72,117,125,27,98,72,41,77,112,75,125,111,793,1
65,77,40,44,34,73,34,84,157,234,222,102,142,179,84,128,124,47,81,91,83,156,117,3,37,76,101,185,135,1028,1
58,52,4,52,36,4,37,68,91,143,149,22,26,74,147,199,151,123,159,175,72,76,108,72,109,76,107,175,144,945,1
32,76,34,57,41,67,46,52,66,142,98,82,116,158,77,134,111,92,133,149,51,118,92,149,195,216,113,165,159,1035,1
40,77,36,60,39,60,61,68,15,92,55,74,110,151,64,124,100,23,62,83,78,138,117,40,101,100,57,125,118,792,1
39,44,24,3,34,85,55,78,102,146,141,3490,3514,3534,81,84,105,73,107,76,83,168,117,63,118,148,47,125,102,4301,1
33,48,53,43,61,10,16,43,60,108,93,65,118,113,40,83,93,64,125,107,206,216,267,16,32,26,133,176,149,891,1
8,83,59,68,51,60,49,43,16,99,24,39,98,122,75,143,134,15,66,83,83,143,134,18,67,78,83,126,132,750,1
52,46,43,65,57,43,51,59,65,111,117,57,100,103,97,162,140,40,97,105,66,109,123,49,100,92,58,117,109,848,1
35,76,66,59,51,21,52,11,71,147,106,68,134,144,58,117,124,66,117,125,100,121,151,37,89,58,90,101,142,861,1
66,52,60,59,67,66,52,69,40,92,106,58,118,110,48,107,108,74,141,133,45,111,112,31,83,97,90,159,142,877,1
48,42,50,37,59,33,76,44,109,151,157,100,150,142,91,128,141,89,148,126,92,125,151,67,143,100,133,177,209,1070,1
14,57,59,60,28,59,44,59,144,201,158,65,124,122,41,101,100,108,136,168,22,81,50,108,152,167,48,107,92,916,1
37,94,60,68,51,67,62,78,82,176,119,48,108,142,66,134,126,58,109,126,57,124,108,84,146,151,29,107,91,941,1
9,2,5,8,37,8,50,15,24,26,33,82,87,84,54,62,59,31,68,39,58,66,95,32,82,40,44,59,94,459,2
5,4,5,3,4,38,58,65,3,7,8,1,6,5,6,9,11,3,7,6,2,40,6,3,61,41,1,66,59,201,2
10,76,79,35,9,26,23,35,166,242,176,54,133,130,53,88,132,57,66,92,53,79,62,30,53,56,32,67,55,738,2
8,7,50,17,84,31,60,40,26,33,34,33,83,40,24,41,74,2,86,19,4,35,88,30,90,61,3,43,63,419,2
6,55,3,5,106,3,68,31,36,91,42,63,66,118,35,40,38,72,178,77,19,22,125,58,126,61,2,33,70,562,2
72,16,110,73,101,4,90,91,300,316,372,111,221,127,253,326,363,80,181,153,241,245,342,39,129,43,62,153,152,1643,2
5,74,56,58,17,86,97,66,51,125,56,77,133,151,3,61,59,68,85,126,36,122,53,10,107,96,47,113,144,751,2
4,19,10,3,57,3,25,16,57,76,61,52,62,71,63,66,73,43,100,46,30,33,87,41,66,44,71,87,96,494,2
27,4,89,44,44,51,56,10,27,31,54,53,142,57,2,46,91,44,88,88,3,54,47,3,59,54,44,54,100,501,2
19,46,40,21,35,3,40,23,108,154,127,37,77,83,33,54,73,21,56,42,74,77,109,27,67,30,64,87,104,591,2
4,2,44,23,24,2,19,8,75,77,79,22,66,24,63,86,107,10,34,33,86,88,110,32,51,34,92,100,111,506,2
9,51,9,12,37,3,63,9,6,57,15,99,108,150,45,57,54,55,92,67,38,41,75,54,117,57,61,70,124,551,2
46,3,54,3,6,16,14,24,3,6,49,3,57,6,39,42,93,32,38,35,83,99,89,49,63,65,56,80,70,431,2
5,5,4,55,34,3,55,21,2,7,7,2,6,7,13,68,17,17,51,72,52,55,86,32,87,35,12,33,67,312,2
26,14,33,34,66,28,50,38,30,44,56,33,66,47,22,56,55,15,81,49,35,63,101,74,124,102,4,42,54,502,2
4,78,21,12,5,24,19,20,54,132,58,19,40,97,56,68,77,22,27,34,62,86,67,54,73,78,37,57,56,487,2
16,28,59,3,38,29,28,36,24,52,40,21,80,49,53,56,112,25,63,28,25,54,63,28,56,57,76,112,104,489,2
192,110,37,64,51,28,188,3,46,156,238,97,134,207,2,66,39,66,117,130,65,93,116,40,228,68,63,66,251,1052,2
5,3,92,52,6,35,52,15,56,59,61,371,463,374,27,79,119,63,69,115,38,73,44,59,111,94,3,18,55,877,2
45,78,92,26,2,17,14,69,65,143,110,64,156,142,29,55,121,95,97,121,22,39,24,71,85,88,20,89,34,709,2
5,77,75,31,77,20,45,7,166,243,171,132,207,209,93,124,168,14,91,45,32,52,109,2,47,22,69,76,114,845,2
6,53,40,5,53,63,46,51,3,56,9,45,85,98,48,53,88,82,135,87,28,91,81,2,48,65,37,88,83,562,2
5,3,14,3,57,20,45,20,83,86,88,53,67,56,50,53,64,22,79,25,35,55,92,19,64,39,65,85,110,494,2
6,5,19,13,5,52,4,46,2,7,8,35,54,40,62,75,81,77,82,90,57,109,62,48,52,100,22,68,26,453,2
59,23,18,29,26,3,35,28,34,57,93,76,94,99,41,70,59,33,59,62,62,65,88,20,55,23,61,89,96,548,2
37,44,9,4,3,14,16,15,138,182,175,39,48,83,39,43,48,82,85,86,43,57,46,59,75,73,44,59,60,586,2
47,61,44,5,36,26,46,39,28,89,75,34,78,95,50,55,94,40,76,45,38,64,74,21,67,47,39,78,85,554,2
4,22,24,3,60,2,67,2,17,39,21,72,96,94,85,88,109,52,112,55,22,24,82,37,104,39,41,43,108,510,2
17,12,46,3,34,22,43,47,56,68,73,35,81,47,49,52,95,32,66,35,56,78,90,22,65,44,30,77,73,504,2
307,2,3,3,19,16,31,2,3,5,310,1,4,3,4,7,7,94,113,97,121,137,140,210,241,226,54,56,85,870,2
5,4,57,3,28,6,14,4,64,68,69,63,120,67,52,55,109,41,69,44,92,98,120,39,53,45,97,101,111,569,3
30,9,6,6,20,6,25,21,46,55,76,73,79,82,88,94,94,44,64,50,69,75,89,36,61,42,87,108,112,566,3
11,6,50,6,58,7,25,7,91,97,102,49,99,55,60,66,110,73,131,79,59,66,117,50,75,57,85,92,110,637,3
9,8,19,6,4,7,35,7,97,105,106,53,72,61,99,105,118,51,55,57,112,119,116,41,76,48,96,103,131,644,3
7,4,72,4,11,4,16,4,69,73,76,66,138,70,28,32,100,64,75,68,93,97,104,41,57,45,85,89,101,568,3
8,3,48,3,86,3,14,6,80,83,88,63,111,66,73,76,121,42,128,45,23,26,109,53,67,56,106,112,120,611,3
6,2,35,3,23,6,72,3,70,72,76,97,132,99,84,87,119,351,374,354,78,84,101,58,130,64,37,40,109,925,3
8,13,20,3,10,19,13,4,80,93,88,46,66,59,95,98,115,52,62,55,95,114,105,56,69,75,66,70,79,580,3
32,6,29,6,59,6,117,8,82,88,114,85,114,91,89,95,118,39,98,45,51,57,110,48,165,54,19,27,136,676,3
46,25,85,32,5,6,6,26,60,85,106,62,147,87,26,58,111,22,27,54,95,101,100,59,65,65,94,120,100,649,3
5,2,14,4,48,18,62,19,83,85,88,77,91,79,85,89,99,49,97,53,81,99,129,19,81,37,85,104,147,651,3
5,12,5,6,9,5,29,6,89,101,94,55,60,67,104,110,109,63,72,69,87,92,96,50,79,55,87,93,116,612,3
4,7,7,6,22,8,30,6,111,118,115,66,73,73,88,94,95,63,85,69,93,101,115,56,86,64,72,78,102,639,3
46,80,64,44,51,45,4,7,117,197,163,27,91,107,36,80,100,33,84,77,56,101,107,37,41,82,104,111,108,751,3
5,7,52,24,20,8,25,5,89,96,94,75,127,82,39,63,91,37,57,61,96,104,116,43,68,51,68,73,93,593,3
9,3,31,8,39,27,27,57,81,84,90,80,111,83,80,88,111,40,79,48,81,108,120,51,78,78,62,119,89,676,3
86,104,65,83,35,91,6,101,19,123,105,1,66,105,28,111,93,16,51,99,1,92,36,157,163,248,49,150,55,842,3
44,6,27,8,59,19,24,7,43,49,87,49,76,55,81,89,108,49,108,57,57,76,116,19,43,38,86,93,110,578,3
29,6,36,6,81,4,17,7,64,70,93,73,109,79,82,88,118,40,121,46,37,41,118,42,59,46,92,99,109,616,3
31,12,13,5,28,8,83,3,43,55,74,81,94,93,79,84,92,52,80,57,81,89,109,37,120,45,38,41,121,594,3
5,3,15,6,30,4,34,36,57,60,62,85,100,88,77,83,92,45,75,51,84,88,114,52,86,56,57,93,91,590,3
11,3,26,17,5,17,3,4,36,39,47,99,125,102,62,79,88,47,52,64,82,99,87,38,41,55,84,88,87,534,3
5,2,25,4,60,3,21,8,89,91,94,60,85,62,72,76,97,65,125,69,37,40,97,55,76,58,91,99,112,597,3
37,11,74,3,62,3,50,7,28,39,65,69,143,80,24,27,98,64,126,67,26,29,88,41,91,44,81,88,131,580,3
47,14,19,8,22,9,16,10,29,43,76,71,90,85,91,99,110,37,59,45,86,95,108,36,52,45,104,114,120,599,3
44,3,42,6,40,6,50,17,38,41,82,74,116,77,57,63,99,60,100,66,80,86,120,38,88,44,59,76,109,614,3
5,3,9,9,18,21,44,34,96,99,101,71,80,74,85,94,94,62,80,71,79,100,97,25,69,46,43,77,87,604,3
5,14,12,9,14,3,15,1,35,49,40,92,104,106,77,86,89,65,79,74,58,61,72,76,91,79,59,60,74,535,3
5,9,25,8,11,30,36,46,95,104,100,72,97,81,81,89,106,51,62,59,83,113,94,37,73,67,129,175,165,718,3
8,3,28,4,26,13,8,2,52,55,60,84,112,87,49,53,77,73,99,77,64,77,90,45,53,58,88,90,96,547,3
104,176,78,145,57,111,79,66,137,313,241,18,96,194,54,199,132,8,65,153,54,165,111,18,97,129,141,207,220,1246,4
90,39,76,85,110,89,66,110,7,46,97,178,254,217,140,225,216,326,436,411,99,188,209,128,194,217,565,675,631,2108,4
83,62,122,97,150,104,90,90,192,254,275,68,190,130,23,120,145,15,165,112,17,121,167,74,164,178,41,131,131,1228,4
50,78,77,56,89,78,78,78,165,243,215,169,246,247,141,197,218,174,263,230,119,197,208,117,195,195,129,207,207,1598,4
67,111,67,101,51,125,51,99,123,234,190,164,231,275,107,208,174,2,53,103,53,178,104,12,63,137,54,153,105,1187,4
134,100,78,99,113,126,113,79,96,196,230,105,183,205,120,219,198,106,219,205,106,232,219,102,215,228,137,216,250,1614,4
35,74,231,93,189,31,111,120,12,86,47,141,372,215,15,108,246,31,220,124,45,76,234,86,197,117,22,142,133,1236,4
97,101,91,89,100,89,88,98,118,219,215,117,208,218,117,206,208,118,218,207,97,186,197,292,380,381,109,207,197,1721,4
64,147,155,101,100,77,86,120,179,326,243,51,206,198,31,132,186,610,710,711,119,196,219,118,204,195,101,221,187,2059,4
68,89,157,100,176,56,134,77,204,293,272,127,284,216,51,151,208,75,251,175,9,65,185,31,165,87,20,97,154,1374,4
104,219,178,51,157,167,111,135,71,290,175,62,240,281,37,88,215,75,232,126,61,228,218,40,151,207,20,155,131,1488,4
100,110,94,121,102,122,107,98,95,205,195,279,373,389,98,219,192,63,165,184,519,641,621,318,425,440,10,108,117,2236,4
99,109,124,82,102,74,102,71,73,182,172,32,156,141,135,217,259,43,145,125,11,85,113,53,155,127,25,96,127,1135,4
98,112,134,106,79,101,145,70,325,437,423,19,153,131,2,108,136,163,242,269,41,142,120,10,155,111,145,215,290,1550,4
78,77,78,87,77,69,77,80,116,193,194,128,206,205,219,306,297,155,232,242,105,174,182,139,216,208,130,210,207,1615,4
137,207,28,145,78,110,120,90,100,307,237,18,46,225,52,197,80,21,99,166,20,130,98,99,219,209,51,141,171,1276,4
52,80,88,78,90,79,89,68,135,215,187,128,216,208,152,230,240,129,219,207,83,162,173,140,229,219,139,207,228,1530,4
123,61,112,55,123,79,100,144,613,674,736,53,165,114,1,56,113,50,173,105,25,104,148,101,201,180,75,219,175,1715,4
92,120,46,74,144,75,91,25,115,235,207,53,99,173,25,99,71,53,197,127,23,98,167,75,166,150,50,75,141,1061,4
91,111,79,111,124,88,78,100,92,203,183,117,196,228,106,217,185,128,252,239,85,173,209,130,208,218,116,216,194,1556,4
54,121,89,127,70,125,74,77,170,291,224,30,119,151,54,181,143,2,72,129,30,155,100,2,76,127,41,118,115,1066,4
79,79,100,100,101,113,100,56,103,182,182,118,218,197,95,195,195,119,220,219,300,413,401,106,206,219,119,175,219,1688,4
68,90,88,100,103,78,67,88,174,264,242,117,205,207,131,231,219,116,219,216,290,368,393,118,185,196,119,207,186,1747,4
150,92,116,88,73,132,75,145,35,127,185,12,128,104,22,110,138,54,127,142,16,148,89,16,91,148,1,146,76,1027,4
55,78,57,68,66,79,66,111,163,241,218,158,215,236,128,196,185,128,194,196,119,198,185,117,183,196,152,263,218,1545,4
83,101,73,111,101,114,62,145,71,172,154,2,75,103,53,164,126,31,132,142,17,131,118,25,87,139,360,505,422,1349,4
96,77,89,78,67,56,67,44,126,203,222,117,206,194,118,196,207,119,186,197,164,220,231,194,261,250,165,209,232,1577,4
86,156,66,197,25,78,100,78,175,331,261,41,107,197,57,254,123,27,52,224,154,232,179,106,206,184,325,403,425,1671,4
111,60,81,112,119,156,95,100,53,113,164,2,83,62,75,187,156,11,130,123,20,176,139,3,98,159,20,120,115,1018,4
51,25,61,89,90,67,101,88,382,407,433,254,315,279,1035,1124,1096,424,514,513,664,731,754,282,383,349,129,217,230,3742,4
87,91,102,99,98,112,111,130,110,201,197,101,203,192,96,195,198,83,181,182,97,209,195,91,202,203,54,184,165,1462,5
96,123,99,99,140,238,99,140,178,301,274,533,632,656,225,324,324,195,335,294,161,399,301,3060,3159,3298,117,257,216,5503,5
67,68,79,100,99,101,109,113,330,398,397,245,324,313,214,314,293,136,235,236,311,412,410,151,260,252,103,216,212,2226,5
72,76,89,94,101,97,112,105,114,190,186,92,181,168,89,183,178,84,185,178,75,172,176,74,186,171,54,159,166,1328,5
62,78,87,94,107,108,109,101,111,189,173,127,214,205,93,187,180,72,179,166,77,185,184,62,171,170,76,177,185,1364,5
86,85,89,83,95,87,99,123,122,207,208,82,171,167,101,184,190,103,198,186,81,168,176,85,184,172,73,196,172,1394,5
81,112,89,94,109,108,89,90,57,169,138,60,149,172,79,173,168,73,182,167,44,152,153,61,150,169,85,175,174,1231,5
87,103,100,99,89,65,77,109,104,207,191,68,168,171,97,196,197,92,181,191,120,185,209,104,181,169,97,206,174,1411,5
72,94,92,90,123,99,123,122,108,202,180,76,168,170,84,174,176,57,180,147,402,501,525,108,231,207,36,158,159,1686,5
115,87,86,79,90,87,89,111,104,191,219,70,156,157,101,180,187,91,181,170,85,172,175,83,172,170,19,130,108,1297,5
52,88,75,89,274,88,89,109,113,201,165,87,162,175,74,163,149,14122,14396,14211,72,160,346,75,164,163,71,180,160,15478,5
89,87,102,109,110,100,110,108,93,180,182,82,184,169,95,204,197,62,172,171,96,196,206,71,181,171,67,175,177,1381,5
92,89,261,121,103,99,107,108,106,195,198,82,343,171,118,239,379,88,191,209,77,176,180,87,194,186,63,171,170,1601,5
89,77,77,113,99,110,109,97,70,147,159,104,181,181,246,359,323,82,181,195,83,193,182,54,163,164,83,180,192,1493,5
74,65,98,110,110,112,109,110,126,191,200,99,197,164,87,197,185,70,180,180,85,197,195,81,190,193,65,175,174,1401,5
106,101,101,100,120,110,324,110,80,181,186,81,182,182,114,214,215,83,203,183,88,198,208,94,418,204,31,141,355,1643,5
105,99,90,100,120,107,99,99,79,178,184,82,172,181,97,197,187,59,179,159,49,156,169,79,178,186,97,196,196,1361,5
74,78,88,88,88,100,100,112,93,171,167,103,191,181,129,217,217,94,182,182,97,197,185,82,182,182,84,196,184,1410,5
92,100,88,101,89,108,120,110,105,205,197,82,170,182,86,187,174,102,191,203,87,195,176,73,193,181,44,154,164,1387,5
73,100,112,98,97,112,111,114,108,208,181,39,151,139,74,172,186,74,171,172,66,178,163,59,170,171,50,164,161,1287,5
263,89,91,99,110,112,142,131,109,198,372,96,187,185,101,200,192,76,186,175,71,183,181,41,183,153,30,161,172,1561,5
81,86,92,102,109,106,111,110,93,179,174,82,174,168,82,184,174,69,178,171,46,152,155,95,206,201,65,175,176,1329,5
62,77,78,89,101,130,107,97,157,234,219,348,426,425,397,486,475,106,207,195,61,191,162,55,162,185,106,203,213,1971,5
84,114,100,121,120,123,130,142,197,311,281,264,364,378,202,323,302,182,302,303,225,348,345,171,301,294,170,312,300,2345,5
74,100,119,120,123,132,335,145,90,190,164,72,191,172,66,186,185,70,193,190,65,197,188,48,383,180,32,177,367,1591,5
96,1212,89,96,100,74,78,89,419,1631,515,190,279,1402,111,207,200,103,203,199,121,195,221,127,205,201,119,208,197,3024,5
71,563,112,74,88,78,116,77,514,1077,585,46,158,609,110,184,222,82,170,156,88,166,176,92,208,170,48,125,164,2159,5
73,109,111,119,109,97,98,85,63,172,136,85,196,194,53,172,164,63,172,182,78,175,187,62,160,159,111,196,209,1316,5
92,120,89,73,99,89,112,117,59,179,151,254,343,374,208,281,297,213,312,286,225,314,324,245,357,334,184,301,296,2179,5
101,111,107,123,124,110,104,97,471,582,572,81,188,192,68,191,175,62,186,185,47,157,171,74,178,184,79,176,183,1759,5
37,90,87,75,89,89,76,87,91,181,128,88,175,178,99,174,186,89,178,164,63,152,152,91,167,180,93,180,169,1244,6
46,68,77,70,70,82,69,70,84,152,130,100,177,168,82,152,159,121,191,191,76,158,146,96,165,178,87,157,156,1198,6
81,93,73,87,90,96,106,96,91,184,172,95,168,188,93,180,166,90,180,177,72,168,162,73,179,169,72,168,178,1308,6
3,68,80,88,113,96,96,125,98,166,101,115,195,183,87,175,167,81,194,169,72,168,185,94,190,190,80,205,176,1296,6
74,77,77,79,89,87,85,90,92,169,166,98,175,175,116,195,193,82,171,161,82,169,171,83,168,170,89,179,174,1300,6
48,88,89,93,117,112,110,98,115,203,163,109,198,197,115,208,204,90,207,183,97,209,214,89,199,201,98,196,208,1468,6
77,110,103,76,90,79,62,91,111,221,188,72,175,182,123,199,226,108,198,184,75,154,165,98,160,177,90,181,152,1365,6
35,85,84,69,74,95,73,89,108,193,143,90,174,175,99,168,183,114,188,183,91,186,165,89,162,184,90,179,163,1285,6
37,71,70,47,56,74,63,91,92,163,129,96,166,167,112,159,182,120,176,167,99,173,155,109,172,183,98,189,161,1235,6
83,87,96,97,107,65,113,102,126,213,209,114,210,201,104,201,200,113,220,210,122,187,229,108,221,173,72,174,185,1509,6
37,71,80,88,98,85,76,107,113,184,150,94,174,165,88,176,168,82,180,170,73,158,171,84,160,169,63,170,139,1239,6
47,90,93,93,86,98,77,96,103,193,150,90,183,180,71,164,164,92,178,185,84,182,170,81,158,179,101,197,178,1302,6
69,85,88,76,89,98,56,72,108,193,177,105,193,190,109,185,197,107,196,183,107,205,196,130,186,228,163,235,219,1462,6
74,86,83,70,72,60,73,90,82,168,156,98,181,184,81,151,164,103,175,173,102,162,174,99,172,159,93,183,166,1266,6
41,92,77,68,75,79,71,90,76,168,117,91,168,183,107,175,184,98,173,166,90,169,165,100,171,179,93,183,164,1248,6
75,96,95,98,78,83,73,48,125,221,200,112,207,208,110,208,205,99,177,197,106,189,184,90,163,173,111,159,184,1399,6
73,85,92,113,114,98,86,109,107,192,180,116,208,201,136,249,228,87,201,200,91,189,205,98,184,196,99,208,185,1504,6
71,78,83,71,83,105,100,79,99,177,170,100,183,178,102,173,185,94,177,165,91,196,174,72,172,177,97,176,197,1325,6
71,107,95,93,114,128,127,132,91,198,162,84,179,191,115,208,210,105,219,198,71,199,185,66,193,194,77,209,204,1476,6
45,100,92,97,72,66,81,100,67,167,112,92,184,192,90,187,182,108,180,205,117,183,189,97,178,163,92,192,173,1316,6
71,84,88,93,88,90,99,97,91,175,162,100,188,184,110,203,198,92,180,185,101,191,189,90,189,180,87,184,186,1381,6
75,78,100,69,97,98,105,99,104,182,179,91,191,169,104,173,204,128,225,197,99,197,196,102,207,200,98,197,203,1447,6
25,69,78,78,97,97,73,80,122,191,147,98,176,167,107,185,185,96,193,174,81,178,178,106,179,203,83,163,156,1290,6
37,82,89,76,80,89,109,98,114,196,151,87,176,169,85,161,174,96,176,172,92,181,172,85,194,174,64,162,173,1283,6
74,92,84,87,79,86,84,117,114,206,188,88,172,180,98,185,182,90,169,177,74,160,153,101,185,187,87,204,171,1355,6
41,81,90,87,112,114,101,99,129,210,170,94,184,175,106,193,196,101,213,188,77,191,189,92,193,206,97,196,198,1421,6
61,101,100,102,121,96,107,114,91,192,152,75,175,176,74,176,174,58,179,160,69,165,190,74,181,170,64,178,171,1307,6
77,91,61,73,76,81,113,110,100,191,177,115,176,206,115,188,176,113,189,186,116,197,192,90,203,171,88,198,201,1419,6
59,92,92,78,102,105,70,99,92,184,151,83,175,175,83,161,175,98,200,176,74,179,176,85,155,190,90,189,160,1302,6
8,43,67,82,69,72,78,117,138,181,146,114,181,157,91,173,158,89,158,171,107,179,176,91,169,163,107,224,185,1273,6
50,34,34,9,45,26,52,26,24,58,74,92,126,126,24,33,58,58,103,67,15,41,60,124,176,150,41,67,93,654,7
67,93,53,3,29,4,4,27,2,95,69,37,90,130,47,50,100,91,120,94,79,83,108,72,76,76,55,82,59,663,7
35,77,35,44,53,45,36,10,37,114,72,17,52,94,56,100,91,6,59,50,106,151,159,16,52,61,105,115,141,678,7
42,36,26,6,9,9,3,102,15,51,57,99,125,135,48,54,74,137,146,143,84,93,93,48,51,57,133,235,136,797,7
54,9,52,28,44,93,67,68,28,37,82,109,161,118,6,34,58,57,101,85,49,142,93,16,83,109,108,176,175,788,7
13,26,34,42,68,7,179,34,52,78,65,142,176,168,17,59,51,108,176,150,18,25,86,74,253,81,1,35,180,815,7
17,39,2,8,60,40,20,19,131,170,148,45,47,84,91,99,93,42,102,50,1,41,61,92,112,132,56,75,76,663,7
41,36,44,42,43,93,23,67,23,59,64,82,126,118,74,116,118,16,59,58,8,101,51,8,31,101,60,127,83,660,7
49,47,18,4,37,3,40,3,2,49,51,109,127,156,81,85,99,56,93,60,71,74,108,82,122,85,68,71,108,670,7
41,86,60,86,18,69,19,27,23,109,64,31,91,117,7,93,67,40,58,126,16,85,34,40,59,109,14,41,33,577,7
83,86,51,39,36,78,19,59,15,101,98,40,91,126,28,67,79,58,94,97,1,79,37,61,80,139,74,133,93,728,7
49,89,44,95,33,77,27,51,19,108,68,40,84,129,6,101,50,16,49,111,33,110,66,58,85,135,15,66,42,652,7
21,16,27,24,18,2,45,52,46,62,67,83,110,99,41,65,68,76,94,100,64,66,82,66,111,68,39,91,84,620,7
50,48,60,52,3,51,92,19,8,56,58,77,137,125,117,169,177,80,83,132,49,100,52,26,118,77,7,26,99,739,7
27,51,9,59,52,3,35,3,5,56,32,92,101,143,33,92,42,75,127,134,14,17,66,82,117,85,48,51,83,588,7
40,44,5,103,18,2,11,3,100,144,140,39,44,83,89,192,94,82,100,185,65,67,83,91,102,93,63,66,74,755,7
48,3,36,88,35,87,2,5,58,61,106,82,118,85,2,90,38,41,76,129,16,103,51,5,7,92,74,79,76,582,7
54,60,30,3,8,24,17,3,137,197,191,99,129,159,28,31,58,117,125,120,42,66,50,77,94,101,39,42,56,738,7
15,13,102,43,65,109,26,59,73,86,88,88,190,101,50,93,152,1,66,44,42,151,107,151,177,260,3237,3296,3263,4074,7
49,51,54,43,42,68,9,9,72,123,121,25,79,76,39,82,93,16,58,59,10,78,52,89,98,157,50,59,59,626,7
26,94,54,93,59,19,13,20,13,107,39,42,96,136,5,98,59,7,66,100,33,52,92,58,71,77,95,115,108,631,7
16,68,50,66,40,52,76,36,49,117,65,126,176,194,2,68,52,100,140,166,1,53,41,117,193,169,83,119,159,882,7
58,10,44,11,19,4,77,58,83,93,141,41,85,51,159,170,203,98,117,109,79,83,98,98,175,102,100,158,177,939,7
42,25,51,33,27,39,32,9,1,26,43,117,168,142,100,133,151,32,59,65,82,121,109,22,54,61,117,126,149,729,7
60,110,35,113,34,36,2,44,6,116,66,49,84,159,24,137,59,13,47,126,108,144,142,30,32,66,125,169,127,789,7
59,9,10,2,9,10,39,3,6,15,65,134,144,143,73,75,83,92,101,94,75,85,84,98,137,108,44,47,83,663,7
44,31,18,39,76,28,77,77,2,33,46,125,143,156,16,55,34,61,137,100,67,95,143,5,82,33,125,202,202,791,7
40,60,42,88,9,93,52,59,31,91,71,34,76,94,33,121,75,39,48,127,32,125,41,41,93,134,17,76,69,670,7
21,35,44,3,84,28,17,18,19,54,40,84,128,119,46,49,90,66,150,69,41,69,125,57,74,85,58,76,75,621,7
67,28,18,60,9,34,10,25,81,109,148,49,67,77,31,91,49,42,51,102,41,75,50,83,93,117,41,66,51,619,7
98,100,67,38,4,60,99,51,26,126,124,42,109,142,58,96,125,62,66,100,115,175,119,0,99,60,33,84,132,853,8
163,81,45,76,84,4,59,8,2,83,165,59,104,140,55,131,100,327,411,403,156,160,240,73,132,77,133,141,192,1325,8
101,92,93,93,68,102,75,85,251,343,352,460,553,552,167,260,260,92,160,185,1154,1256,1222,91,166,193,117,202,192,3041,8
109,117,85,33,103,2,86,63,207,324,316,92,177,209,83,116,168,192,295,225,97,99,200,200,286,202,27,90,113,1496,8
90,100,110,87,90,101,117,76,260,360,350,83,193,183,267,354,377,218,308,305,167,268,257,150,267,251,243,319,360,2159,8
102,134,94,85,85,59,110,83,641,775,743,50,144,184,15,100,109,24,109,109,32,91,117,795,905,854,117,200,227,2426,8
61,118,116,94,97,67,60,43,134,252,195,15,131,133,127,221,243,19,116,113,92,159,189,108,168,175,2461,2504,2521,3612,8
109,67,85,102,110,110,76,83,343,410,452,117,202,184,158,260,243,66,176,168,124,234,234,74,150,184,176,259,252,1800,8
113,110,117,101,67,84,68,117,367,477,480,435,552,545,226,327,343,1608,1675,1709,845,929,912,142,210,226,343,460,411,4743,8
121,92,83,69,112,77,69,41,101,193,222,142,225,234,277,346,360,56,168,125,31,108,143,259,328,336,49,90,118,1579,8
97,101,92,95,100,75,84,118,109,210,206,168,260,269,49,144,141,39,139,134,10,85,110,33,117,108,654,772,738,1824,8
125,101,132,134,152,101,125,104,168,269,293,292,424,393,221,355,353,276,428,410,174,275,326,236,361,337,142,246,267,2483,8
121,85,84,93,110,94,80,85,37,122,158,91,175,176,67,160,151,125,235,218,207,301,317,20,100,114,32,117,112,1331,8
91,118,60,76,117,126,109,84,527,645,618,25,85,143,333,409,393,2435,2552,2511,59,185,176,142,251,268,1247,1331,1356,5549,8
90,101,84,92,101,101,109,77,130,231,220,92,176,193,352,444,436,66,167,158,176,277,277,117,226,218,99,176,208,1787,8
109,144,109,110,92,135,101,92,156,300,265,317,426,461,100,210,209,368,460,478,434,569,526,33,134,168,59,151,160,2359,8
122,119,168,126,127,101,93,102,164,283,286,182,350,301,143,269,311,150,277,276,107,208,234,719,812,820,33,135,126,2456,8
132,109,83,117,110,92,92,85,101,210,233,159,242,268,1725,1842,1808,210,320,327,7,99,117,101,193,193,2553,2638,2645,5676,8
100,110,69,94,94,76,110,77,116,226,216,57,126,167,66,160,135,74,168,168,534,610,628,175,285,251,58,135,168,1810,8
75,75,109,60,36,17,59,101,176,251,251,193,302,268,58,118,167,115,151,175,24,41,60,209,268,226,1633,1734,1692,2940,8
85,127,85,76,77,60,44,25,210,337,295,32,117,159,125,201,210,32,109,108,124,184,201,100,144,160,57,82,101,1259,8
73,110,84,110,93,76,92,51,72,182,145,108,192,218,50,160,134,7,100,117,586,662,679,84,176,160,192,243,284,1788,8
134,85,76,92,112,2,93,75,22,107,156,134,210,219,83,175,159,292,404,384,89,91,201,74,167,76,100,175,193,1463,8
127,118,118,142,118,93,118,125,384,502,511,351,469,469,201,343,319,276,394,418,250,343,368,301,419,394,343,468,461,3065,8
135,101,68,91,76,101,85,84,257,358,392,91,159,192,201,292,269,34,110,125,16,117,92,24,109,125,108,192,193,1472,8
65,51,76,68,68,76,67,98,108,159,173,67,143,118,82,150,158,83,151,151,58,134,126,75,142,151,50,148,117,1092,8
107,33,111,120,93,67,119,58,67,100,174,83,194,116,6,126,117,39,132,159,134,201,227,100,219,167,150,208,269,1287,8
126,93,92,93,105,101,101,101,98,191,224,142,234,235,351,444,443,217,322,310,180,281,285,150,251,251,168,269,269,2118,8
134,126,126,109,111,110,92,117,168,294,302,217,343,343,183,292,309,176,287,285,198,308,309,184,276,294,2194,2311,2286,4245,8
101,92,102,93,94,101,93,92,133,225,234,167,269,259,66,159,168,116,210,209,225,326,319,200,293,301,100,192,193,1775,8
25,100,110,47,45,5,10,7,90,190,115,59,169,159,1,48,111,75,120,122,79,84,124,107,117,112,72,79,82,832,9
39,28,15,93,104,69,55,26,127,155,166,44,59,72,74,167,89,16,120,109,22,91,126,64,119,133,38,64,93,814,9
80,86,94,104,69,79,50,85,38,124,118,72,166,158,56,160,150,30,99,134,64,143,133,80,130,159,49,134,99,1036,9
52,87,60,95,87,31,3,86,47,134,99,147,207,234,23,118,83,5,92,100,69,100,156,65,68,96,96,182,99,953,9
65,71,94,39,81,73,60,30,37,108,102,47,141,118,45,84,139,29,110,68,19,92,100,22,82,95,89,119,149,801,9
3,2,37,2,36,2,45,5,27,29,30,115,152,117,43,45,80,99,135,101,48,50,84,80,125,82,58,63,103,602,9
96,105,75,37,5,19,5,39,40,145,136,20,95,125,58,95,133,64,69,101,96,115,101,69,74,88,81,120,86,809,9
88,103,87,65,94,55,53,18,126,229,214,194,281,297,184,249,271,114,208,179,19,74,113,99,152,154,47,65,100,1346,9
82,29,17,37,4,38,5,96,70,99,152,90,107,119,76,113,93,73,77,110,64,102,68,62,67,100,69,165,74,812,9
109,88,112,77,77,63,84,98,117,205,226,59,171,147,45,122,157,56,133,133,55,118,132,23,107,86,48,146,132,1111,9
89,71,108,45,65,55,28,32,73,144,162,22,130,93,56,101,164,55,120,100,26,81,91,80,108,135,66,98,94,871,9
38,96,58,85,38,25,5,10,21,117,59,25,83,121,64,149,122,26,64,111,113,138,151,36,41,61,112,122,117,752,9
83,105,86,78,77,112,102,91,106,211,189,93,179,198,126,204,212,119,196,197,108,220,185,85,187,197,95,186,197,1466,9
81,90,86,60,24,48,9,62,16,106,97,12,98,102,42,102,128,51,75,111,66,114,90,58,67,106,87,149,96,792,9
73,87,69,29,40,29,25,25,81,168,154,38,107,125,98,127,167,31,71,60,116,145,156,50,75,79,100,125,125,891,9
168,133,145,69,49,59,54,46,106,239,274,183,328,316,296,365,441,185,234,254,196,255,245,183,237,242,153,199,207,2025,9
117,131,96,74,95,91,68,85,93,224,210,160,256,291,126,200,222,105,200,179,115,206,210,73,141,164,86,171,154,1515,9
140,129,77,80,87,101,120,90,111,240,251,251,328,380,150,230,227,135,222,215,98,199,185,88,208,189,84,174,204,1741,9
80,60,82,17,93,68,85,99,6,66,86,102,184,162,65,82,147,61,154,78,4,72,97,60,145,128,4,103,89,886,9
34,15,20,3,27,2,71,46,43,58,77,99,119,114,70,73,90,90,117,93,71,73,98,74,145,76,4,50,75,669,9
59,87,92,106,83,97,104,103,105,192,164,85,177,172,76,182,168,91,174,197,53,150,136,67,171,164,64,167,168,1272,9
71,104,30,28,7,63,42,109,47,151,118,42,72,146,75,103,105,106,113,134,68,131,75,43,85,106,27,136,69,862,9
66,48,81,79,63,196,93,95,140,188,206,100,181,148,189,268,270,94,157,173,122,318,185,111,204,307,75,170,168,1552,9
29,56,31,6,37,15,80,4,24,80,53,73,104,129,62,68,93,86,123,92,59,74,96,45,125,60,58,62,138,665,9
47,50,77,110,78,63,5,38,94,144,141,65,142,115,74,184,151,23,101,133,64,127,142,44,49,107,107,145,112,939,9
58,96,86,42,95,103,128,129,117,213,175,100,186,196,126,168,212,97,192,139,82,185,177,86,214,189,58,187,186,1403,9
24,24,61,41,56,28,63,69,44,68,68,58,119,82,40,81,101,58,114,99,44,72,100,49,112,77,32,101,95,691,9
92,108,89,4,26,19,56,6,25,133,117,42,131,150,65,69,154,110,136,114,98,117,124,56,112,75,69,75,125,865,9
76,94,76,103,94,72,103,96,137,231,213,103,179,197,111,214,187,119,213,222,121,193,215,45,148,117,89,185,192,1439,9
76,113,68,103,70,112,98,69,18,131,94,32,100,145,48,151,116,7,77,110,78,190,148,152,250,264,88,157,186,1132,9
117,64,17,29,15,45,54,121,47,111,164,62,79,126,91,120,108,94,109,123,62,107,77,62,116,107,37,158,91,917,10
112,134,61,78,5,22,6,60,25,159,137,3,64,137,40,118,101,53,58,131,71,93,76,103,109,125,52,112,58,825,10
86,84,111,101,69,81,10,57,37,121,123,2,113,86,1,102,112,36,105,137,22,103,91,60,70,141,92,149,102,849,10
133,63,34,48,4,56,58,79,29,92,162,70,104,133,47,95,81,86,90,134,79,135,83,61,119,117,53,132,111,900,10
125,54,35,60,54,97,89,96,356,410,481,96,131,150,65,125,100,70,124,130,39,136,93,25,114,122,2,98,91,1263,10
72,79,110,100,79,95,4,33,51,130,123,22,132,101,2,102,112,4,83,104,29,124,108,29,33,124,96,129,100,805,10
103,83,107,20,92,84,61,48,35,118,138,29,136,112,76,96,183,18,110,38,4,88,96,37,98,121,56,104,117,853,10
148,104,51,12,34,64,68,98,1,105,149,37,88,141,65,77,116,89,123,101,71,135,105,47,115,111,38,136,106,927,10
137,65,83,118,5,82,95,66,1,66,138,2,85,67,25,143,108,66,71,184,54,136,59,38,133,120,38,104,133,875,10
112,94,70,67,17,39,32,105,25,119,137,27,97,121,31,98,101,71,88,138,63,102,80,81,113,120,53,158,85,887,10
71,19,102,97,3,105,114,85,50,69,121,81,183,100,48,145,150,35,38,132,74,179,77,2,116,107,1,86,115,887,10
96,98,70,88,8,6,47,27,128,226,224,16,86,114,2,90,72,92,100,180,93,99,101,74,121,80,74,101,121,919,10
70,96,93,112,46,63,5,63,35,131,105,22,115,118,2,114,95,32,78,144,39,102,85,68,73,131,80,143,85,826,10
128,95,60,62,19,43,18,70,7,102,135,38,98,133,49,111,109,45,64,107,73,116,92,65,83,108,64,134,82,836,10
121,108,63,120,32,19,20,113,22,130,143,3,66,111,38,158,101,1,33,121,40,59,72,86,106,105,49,162,69,835,10
86,42,39,16,88,94,108,110,37,79,123,115,154,157,54,70,93,48,136,64,32,126,120,2,110,96,83,193,191,954,10
120,108,17,63,13,110,156,75,46,154,166,32,49,140,64,127,81,56,69,119,60,170,73,2,158,112,1,76,157,923,10
8,4,29,4,39,60,77,94,97,101,105,87,116,91,86,90,115,80,119,84,70,130,109,33,110,93,32,126,109,800,10
107,158,36,9,23,104,155,87,1,159,108,1,37,159,141,150,177,41,64,50,50,154,73,2,157,106,2,89,157,917,10
121,131,41,81,4,56,76,94,22,153,143,2,43,133,54,135,95,52,56,133,71,127,75,52,128,108,36,130,112,893,10
41,24,120,9,85,117,18,104,85,109,126,79,199,103,3,12,123,67,152,76,30,147,115,33,51,150,82,186,100,897,10
45,47,107,85,106,76,50,34,74,121,119,31,138,78,18,103,125,2,108,87,26,102,132,52,102,128,43,77,93,796,10
67,62,104,100,63,33,22,112,47,109,114,39,143,101,3,103,107,2,65,102,66,99,129,77,99,110,168,280,190,965,10
117,102,89,109,64,111,96,52,205,307,322,2,91,104,24,133,113,2,66,111,39,150,103,2681,2777,2792,43,95,139,3736,10
20,48,8,29,43,85,103,105,7,55,27,95,103,143,80,109,88,83,126,112,36,121,79,38,141,123,6,111,109,786,10
102,123,54,42,44,110,121,62,29,152,131,2,56,125,122,164,176,32,76,74,31,141,75,24,145,134,137,199,258,1035,10
29,14,103,109,79,37,46,113,68,82,97,74,177,88,6,115,109,2,81,111,90,127,169,52,98,89,31,144,77,853,10
131,89,56,21,24,20,71,96,31,120,162,46,102,135,66,87,122,71,95,92,84,104,108,40,111,60,35,131,106,881,10
64,36,55,45,75,47,85,50,68,104,132,75,130,111,51,96,106,162,237,207,34,81,109,21,106,68,48,98,133,916,10
57,42,109,103,24,26,21,81,52,94,109,60,169,102,44,147,153,36,60,139,83,109,107,113,134,139,48,129,69,899,10
48,56,72,62,92,2,71,13,18,74,66,61,133,117,17,79,89,34,126,96,75,77,167,96,167,98,106,119,177,823,11
69,2,63,63,90,78,36,46,73,75,142,69,132,71,25,88,88,70,160,133,10,88,100,78,114,156,70,116,106,842,11
103,91,80,80,81,73,3,81,48,139,151,6,86,97,35,115,115,8,89,88,60,133,141,76,79,149,34,115,37,859,11
49,47,83,73,65,32,91,77,40,87,89,78,161,125,6,79,89,77,142,150,46,78,111,69,160,101,1,78,92,834,11
35,61,91,40,101,15,101,93,22,83,57,88,179,149,2,42,93,113,214,153,1,16,102,104,205,119,1,94,102,868,11
20,59,72,70,84,90,79,74,29,88,49,43,115,102,1,71,73,25,109,95,22,112,106,1,80,91,30,104,109,699,11
63,89,62,107,77,56,21,64,48,137,111,27,89,116,26,133,88,11,88,118,52,108,129,48,69,104,104,168,125,855,11
31,112,84,55,56,64,48,46,1,113,32,10,94,122,25,80,109,22,78,77,61,125,117,39,87,103,61,107,109,715,11
38,99,82,80,64,61,80,66,1,100,39,17,99,116,1,81,83,58,122,138,9,70,73,43,123,104,22,88,102,721,11
72,67,99,73,74,69,80,62,7,74,79,17,116,84,6,79,105,77,151,150,1,70,75,42,122,111,17,79,97,763,11
56,106,70,82,68,73,3,91,62,168,118,1,71,107,43,125,113,10,78,92,61,134,129,85,88,158,33,124,36,844,11
41,85,64,54,81,94,59,81,2,87,43,43,107,128,25,79,89,26,107,80,33,127,114,7,66,101,25,106,84,720,11
62,3,72,61,91,3,73,59,58,61,120,60,132,63,1,62,73,42,133,103,59,62,150,51,124,54,1,60,74,696,11
89,89,81,81,54,107,67,67,27,116,116,24,105,113,70,151,151,25,79,106,25,132,79,21,88,128,70,137,137,897,11
27,121,70,80,89,46,4,5,36,157,63,12,82,133,34,114,104,18,107,98,60,106,149,59,63,105,138,143,142,799,11
73,107,5,99,78,99,68,56,7,114,80,62,67,169,15,114,20,1,79,100,16,115,94,1,69,100,43,99,111,730,11
7,3,72,54,71,64,39,82,11,14,18,120,192,123,44,98,116,25,96,79,61,125,132,30,69,94,52,134,91,735,11
66,97,81,87,114,28,48,80,1,98,67,25,106,122,1,88,82,19,133,106,25,53,139,64,112,92,54,134,102,790,11
47,22,111,59,73,41,90,80,48,70,95,25,136,47,1,60,112,103,176,162,30,71,103,59,149,100,7,87,97,796,11
48,3,82,72,50,90,63,62,77,80,125,59,141,62,41,113,123,145,195,217,60,150,110,7,70,97,79,141,142,938,11
58,71,72,64,90,160,94,109,42,113,100,17,89,88,25,89,97,7,97,71,33,193,123,17,111,177,1,110,95,860,11
35,7,92,58,73,5,93,63,63,70,98,32,124,39,2,60,94,78,151,136,67,72,140,32,125,37,4,67,97,704,11
47,93,81,67,81,74,76,84,14,107,61,16,97,109,10,77,91,18,99,85,43,117,124,2,78,76,12,96,88,718,11
66,37,73,2,89,84,89,98,32,69,98,61,134,98,76,78,149,52,141,54,16,100,105,103,192,187,25,123,114,903,11
69,78,73,55,73,12,82,37,15,93,84,4,77,82,32,87,105,51,124,106,75,87,148,17,99,29,41,78,123,714,11
49,7,64,47,81,69,67,47,69,76,118,34,98,41,31,78,95,70,151,117,1,70,82,35,102,104,36,83,103,707,11
51,88,88,78,97,72,81,82,22,110,73,19,107,107,1,79,89,9,106,87,43,115,140,7,88,79,25,107,106,763,11
27,49,90,59,100,3,73,26,31,80,58,79,169,128,1,60,91,52,152,111,76,79,176,77,150,80,37,63,110,780,11
14,55,91,82,43,81,34,56,25,80,39,43,134,98,24,106,115,26,69,108,35,116,78,45,79,126,78,134,112,732,11
49,44,81,3,91,89,72,61,33,77,82,88,169,132,58,61,139,52,143,55,6,95,97,43,115,132,18,79,90,788,11
53,15,2,16,14,55,73,45,79,94,132,77,79,92,62,78,64,78,92,94,34,89,48,13,86,68,2,47,75,618,12
47,18,2,4,42,73,73,94,136,154,183,76,78,94,63,67,65,49,91,53,63,136,105,76,149,149,50,144,123,866,12
57,3,52,2,3,39,17,3,40,43,97,35,87,38,65,67,117,63,66,65,75,114,78,22,39,61,89,92,106,565,12
4,6,15,8,19,43,46,48,69,75,73,62,77,68,83,91,98,49,68,57,58,101,77,90,136,133,37,85,83,637,12
4,2,86,4,12,119,95,95,51,53,55,76,162,78,48,52,134,79,91,83,20,139,32,63,158,182,49,144,144,803,12
27,5,3,63,27,55,37,37,57,62,84,62,65,67,63,126,66,11,38,74,48,103,75,29,66,84,29,66,66,553,12
44,42,31,8,19,19,41,72,58,100,102,20,51,62,139,147,170,23,42,31,66,85,85,74,115,93,49,121,90,705,12
4,18,32,52,61,39,42,46,69,87,73,47,79,65,34,86,66,11,72,63,26,65,87,21,63,60,31,77,73,533,12
4,18,17,28,79,18,4,3,64,82,68,63,80,81,52,80,69,74,153,102,33,51,112,63,67,81,90,93,94,610,12
4,12,17,52,42,44,40,45,50,62,54,63,80,75,107,159,124,47,89,99,24,68,66,40,80,84,42,87,82,629,12
4,40,52,43,38,4,30,4,43,83,47,35,87,75,2,45,54,60,98,103,51,55,89,72,102,76,36,40,66,514,12
3,38,3,33,52,5,85,83,11,49,14,64,67,102,76,109,79,86,138,119,31,36,83,57,142,62,64,147,149,691,12
43,59,42,2,43,15,16,3,25,84,68,35,77,94,86,88,128,49,92,51,49,64,92,36,52,51,65,68,81,568,12
69,32,9,31,4,33,18,4,33,65,102,77,86,109,49,80,58,61,65,92,48,81,52,47,65,80,35,39,53,550,12
4,14,73,88,51,48,20,3,48,62,52,91,164,105,2,90,75,9,60,97,21,69,72,35,55,83,74,77,94,581,12
4,5,31,43,42,17,4,2,67,72,71,63,94,68,100,143,131,21,63,64,60,77,102,49,53,66,78,80,82,586,12
56,4,47,29,41,41,31,29,124,128,180,38,85,42,10,39,57,46,87,75,22,63,63,45,76,86,10,39,41,573,12
29,27,30,2,6,3,16,37,23,50,52,62,92,89,65,67,95,48,54,50,98,101,104,21,37,24,87,124,103,554,12
55,68,74,65,5,21,75,82,1,69,56,32,106,100,1,66,75,78,83,143,57,78,62,50,125,71,85,167,160,749,12
24,18,54,11,44,11,85,97,55,73,79,49,103,67,31,42,85,35,79,46,40,51,84,35,120,46,48,145,133,637,12
4,17,16,12,64,42,77,28,56,73,60,49,65,66,68,80,84,49,113,61,25,67,89,24,101,66,22,50,99,553,12
3,2,17,17,30,37,53,61,53,55,56,74,91,76,74,91,91,36,66,53,50,87,80,21,74,58,39,100,92,567,12
46,21,19,26,4,6,106,95,45,66,91,48,67,69,62,88,81,49,53,75,87,93,91,34,140,40,36,131,142,684,12
3,2,95,24,14,4,3,94,50,52,53,76,171,78,14,38,109,52,66,76,49,53,63,89,92,93,50,144,53,619,12
4,3,4,29,31,25,31,45,84,87,88,63,67,66,85,114,89,21,52,50,85,110,116,18,49,43,43,88,74,571,12
63,75,16,13,52,60,26,99,2,77,65,49,65,124,145,158,161,101,153,114,26,86,78,42,68,102,39,138,65,808,12
28,18,5,2,31,3,31,3,42,60,70,77,82,95,55,57,60,62,93,64,64,67,95,46,77,49,75,78,106,542,12
3,14,74,17,25,4,39,95,61,75,64,62,136,76,21,38,95,77,102,94,15,19,40,56,95,60,35,130,74,598,12
4,2,15,2,17,3,17,3,50,52,54,63,78,65,67,69,82,49,66,51,77,80,94,34,51,37,65,68,82,468,12
3,3,32,8,42,2,3,13,27,30,30,75,107,78,45,53,77,34,76,42,42,44,84,49,52,51,100,113,103,478,12
87,88,102,81,127,96,132,160,86,174,173,81,183,169,99,180,201,53,180,134,83,179,210,89,221,185,62,222,194,1426,13
85,60,93,112,114,79,88,54,107,167,192,109,202,169,91,203,184,151,265,263,104,183,218,105,193,184,115,169,203,1467,13
90,98,129,85,88,105,141,129,99,197,189,97,226,195,72,157,201,93,181,178,79,184,167,45,186,150,54,183,195,1404,13
111,103,114,104,96,90,70,138,98,201,209,92,206,195,142,246,256,99,195,203,109,199,205,112,182,202,117,255,187,1595,13
65,61,72,77,97,78,69,89,146,207,211,125,197,186,98,175,170,71,168,148,87,165,184,109,178,187,80,169,149,1324,13
94,44,106,89,112,90,98,113,173,217,267,103,209,147,124,213,230,98,210,187,125,215,237,97,195,187,98,211,196,1564,13
87,62,96,193,72,56,79,44,129,191,216,113,209,175,183,376,279,69,141,262,148,204,220,103,182,159,150,194,229,1584,13
65,96,91,117,98,84,100,84,110,206,175,100,191,196,86,203,177,95,193,212,79,163,177,123,223,207,83,167,183,1411,13
127,100,106,104,54,106,70,113,103,203,230,120,226,220,64,168,170,117,171,221,107,213,161,150,220,256,92,205,162,1533,13
102,16,92,92,111,104,144,87,200,216,302,64,156,80,84,176,176,110,221,202,101,205,212,108,252,212,49,136,193,1464,13
100,90,82,79,127,88,106,88,363,453,463,123,205,213,165,244,247,641,768,720,154,242,281,116,222,204,108,196,214,2430,13
93,125,99,87,100,73,94,108,219,344,312,37,136,162,13,100,112,1,101,88,26,99,126,20,114,93,11,119,105,1106,13
106,97,91,23,81,72,76,94,59,156,165,114,205,211,119,142,210,56,137,79,102,174,183,148,224,220,126,220,202,1364,13
21,151,72,106,85,90,87,72,77,228,98,2,74,153,25,131,97,8,93,114,31,121,116,27,114,117,23,95,110,877,13
63,59,94,80,61,67,76,36,42,101,105,126,220,185,56,136,150,29,90,109,45,112,106,28,104,95,56,92,132,918,13
33,107,55,101,52,108,78,84,37,144,70,60,115,167,18,119,73,59,111,160,18,126,70,27,105,135,16,100,94,853,13
18,10,36,95,35,89,40,97,120,130,138,76,112,86,19,114,55,101,136,196,1,90,36,85,125,174,16,113,56,838,13
96,87,65,78,70,118,64,70,37,124,133,17,82,104,28,106,93,17,87,95,2,120,72,3,67,121,22,92,86,774,13
52,48,48,71,66,63,85,59,155,203,207,120,168,168,121,192,169,105,171,176,86,149,152,77,162,140,92,151,177,1248,13
60,47,56,87,72,56,52,62,154,201,214,156,212,203,1022,1109,1078,107,179,194,122,178,194,126,178,182,107,169,159,2286,13
94,123,74,11,65,63,83,100,49,172,143,59,133,182,97,108,171,33,98,44,32,95,97,37,120,100,19,119,102,939,13
31,196,81,72,91,85,122,76,74,270,105,637,718,833,45,117,126,24,115,96,20,105,111,17,139,102,2,78,124,1573,13
228,128,61,40,130,87,87,95,6,134,234,110,171,238,20,60,81,90,220,130,71,158,201,110,197,197,112,207,199,1375,13
87,95,90,77,73,102,51,95,37,132,124,2,92,97,19,96,109,34,107,111,2,104,75,37,88,139,20,115,71,821,13
180,90,106,83,120,111,105,75,53,143,233,32,138,122,20,103,126,2,122,85,29,140,149,2,107,113,10,85,115,1018,13
103,106,69,12,80,94,40,15,61,167,164,29,98,135,111,123,180,22,102,34,3,97,83,60,100,154,187,202,227,992,13
25,78,85,101,26,85,105,73,39,117,64,18,103,96,17,118,102,56,82,157,34,119,60,118,223,203,55,128,160,915,13
34,128,70,113,68,87,69,101,56,184,90,22,92,150,23,136,93,25,93,138,22,109,90,36,105,123,14,115,83,868,13
170,111,109,88,100,95,74,72,3,114,173,39,148,150,13,101,122,24,124,112,26,121,126,29,103,124,20,92,94,973,13
124,131,78,96,38,119,60,100,52,183,176,6,84,137,33,129,111,53,91,149,40,159,78,20,80,139,18,118,78,968,13
76,84,69,9,39,10,19,1,1,85,77,9,78,93,177,186,246,41,80,50,97,107,136,67,86,77,99,100,118,798,14
77,87,25,10,34,45,43,79,24,111,101,49,74,136,94,104,119,76,110,86,58,103,92,50,93,95,32,111,75,783,14
94,54,35,113,136,36,69,113,32,86,126,57,92,111,58,171,93,1,137,114,15,51,151,101,170,137,8,121,77,922,14
25,33,61,3,99,9,21,70,67,100,92,43,104,76,92,95,153,1,100,4,77,86,176,93,114,102,80,150,101,774,14
58,96,26,61,80,52,114,109,110,206,168,24,50,120,101,162,127,33,113,94,40,92,120,76,190,128,1,110,115,981,14
83,36,26,62,18,20,21,37,59,95,142,75,101,111,50,112,76,49,67,111,33,53,51,100,121,120,72,109,93,741,14
112,37,60,78,132,9,45,24,65,102,177,49,109,86,59,137,119,6,138,84,57,66,189,67,112,76,51,75,96,851,14
60,51,3,11,2,62,3,46,50,101,110,108,111,159,92,103,95,82,84,93,93,155,95,107,110,169,65,111,68,835,14
71,54,3,36,35,70,87,17,45,99,116,73,76,127,75,111,78,75,110,111,58,128,93,25,112,95,49,66,136,773,14
58,36,136,78,29,10,53,3,109,145,167,10,146,46,6,84,142,50,79,128,83,93,112,83,136,93,91,94,144,835,14
16,34,120,6,52,45,99,69,67,101,83,58,178,92,77,83,197,62,114,68,67,112,119,2,101,47,58,127,157,832,14
85,91,68,19,71,84,53,42,1,92,86,9,77,100,67,86,135,75,146,94,8,92,79,41,94,125,68,110,121,782,14
43,18,4,3,68,87,5,113,100,118,143,85,89,103,62,65,66,92,160,95,69,156,137,24,29,111,105,218,110,878,14
71,77,15,9,79,45,3,78,135,212,206,80,95,157,109,118,124,33,112,42,40,85,119,83,86,128,82,160,85,939,14
82,54,3,37,27,19,43,71,43,97,125,64,67,118,92,129,95,73,100,110,59,78,86,66,109,85,41,112,84,774,14
75,4,69,28,43,10,3,46,97,101,172,23,92,27,93,121,162,92,135,120,25,35,68,90,93,100,83,129,86,781,14
85,36,43,4,27,53,28,36,67,103,152,48,91,84,68,72,111,72,99,76,50,103,77,143,171,196,91,127,119,851,14
85,78,11,2,70,28,102,70,118,196,203,84,95,162,91,93,102,76,146,78,66,94,136,50,152,78,118,188,220,1049,14
92,96,4,9,19,52,71,87,50,146,142,31,35,127,91,100,95,102,121,111,84,136,103,32,103,84,66,153,137,886,14
109,62,78,85,3,87,45,16,58,120,167,160,238,222,1,86,79,124,127,209,74,161,77,67,112,154,68,84,113,1037,14
101,62,3,36,63,56,95,59,59,121,160,108,111,170,74,110,77,118,181,154,2,58,65,84,179,140,18,77,113,938,14
85,3,71,10,3,49,30,2,83,86,168,5,76,8,74,84,145,125,128,135,50,99,53,751,781,800,38,40,68,1379,14
33,77,104,37,21,54,86,51,119,196,152,136,240,213,24,61,128,92,113,129,46,100,67,49,135,103,9,60,95,938,14
130,79,60,36,3,63,10,77,2,81,132,51,111,130,68,104,128,82,85,118,83,146,86,109,119,172,6,83,16,859,14
102,71,4,10,52,78,62,35,50,121,152,81,85,152,75,85,79,83,135,93,25,103,77,32,94,110,58,93,120,818,14
123,5,69,61,70,54,34,77,106,111,229,80,149,85,42,103,111,50,120,111,177,231,247,74,108,128,42,119,76,1064,14
67,78,9,61,2,45,60,120,16,94,83,84,93,162,25,86,34,82,84,143,118,163,120,49,109,94,17,137,77,833,14
52,85,19,19,26,9,3,45,10,95,62,92,111,177,14,33,33,101,127,120,59,68,85,100,103,109,92,137,95,726,14
84,88,9,28,42,105,94,18,25,113,109,41,50,129,92,120,101,58,100,86,34,139,76,26,120,131,57,75,151,801,14
74,36,5,19,3,104,79,35,195,231,269,91,96,127,73,92,78,99,102,118,75,179,78,15,94,119,24,59,103,927,14
60,105,121,95,70,133,94,93,1021,1126,1081,801,922,906,199,294,320,462,532,557,321,454,391,293,387,426,535,628,629,4403,15
113,96,84,105,108,107,109,94,64,160,177,99,183,195,68,173,152,240,348,345,76,183,184,89,198,196,98,192,207,1550,15
95,95,95,106,95,106,94,83,124,219,219,89,184,184,183,289,278,112,207,218,113,219,208,103,197,209,101,184,195,1594,15
45,82,95,100,107,94,118,94,116,198,161,99,194,181,69,169,164,60,167,160,114,208,221,123,241,217,92,186,210,1408,15
98,117,106,83,95,95,118,104,166,283,264,430,536,547,148,231,254,147,242,230,321,416,416,102,220,197,112,216,230,2242,15
87,112,106,105,83,82,106,95,360,472,447,97,203,209,238,343,344,150,233,255,263,345,346,173,279,255,461,556,567,2518,15
63,72,27,60,85,27,95,95,88,160,151,122,149,194,287,347,314,125,210,185,237,264,322,251,346,278,183,278,278,1817,15
68,104,117,105,94,105,95,106,227,331,295,127,244,231,545,650,662,555,649,660,231,336,325,194,289,299,307,413,402,2980,15
73,131,129,94,106,106,95,106,358,489,431,656,785,787,205,299,334,161,267,255,239,345,345,195,290,301,296,402,391,2950,15
92,130,117,102,94,118,94,74,329,459,421,56,173,186,936,1038,1053,319,413,421,286,404,380,80,174,198,337,411,431,3164,15
53,106,106,95,93,83,84,96,273,379,326,103,209,209,366,461,472,722,815,817,359,442,452,91,175,174,429,525,513,3059,15
66,85,95,82,112,105,95,83,346,431,412,147,242,232,227,309,322,184,296,266,234,339,346,138,233,243,204,287,299,2203,15
77,117,131,118,95,105,93,94,226,343,303,286,417,403,191,309,322,288,383,406,194,299,289,230,323,335,183,277,276,2428,15
74,105,95,119,83,107,115,82,181,286,255,158,253,263,183,302,278,328,411,447,979,1086,1062,137,252,244,318,400,433,3064,15
83,94,95,72,94,105,84,95,111,205,194,66,161,160,89,161,184,103,197,175,104,209,198,99,183,204,102,197,186,1396,15
85,107,106,107,106,106,94,102,303,410,388,148,254,255,227,334,333,137,243,244,506,612,612,462,556,568,1103,1205,1197,3699,15
70,106,106,118,38,105,106,117,481,587,551,378,484,484,68,186,174,77,115,195,934,1039,972,251,357,356,206,323,312,3161,15
82,117,132,106,107,118,94,91,387,504,469,252,384,369,191,297,323,584,691,690,228,346,335,137,231,255,197,288,291,2823,15
95,107,95,106,83,94,95,94,268,375,363,160,255,267,295,401,390,264,347,370,493,587,576,125,220,219,275,369,370,2649,15
57,107,116,95,94,106,106,82,235,342,292,93,209,200,181,276,297,2656,2750,2751,229,335,323,91,197,197,101,183,207,4349,15
81,83,94,95,117,82,105,95,111,194,192,135,229,218,148,243,242,172,289,267,113,195,230,69,174,151,43,138,148,1543,15
82,141,95,107,105,107,106,106,454,595,536,306,401,447,125,232,220,832,937,939,388,495,493,195,301,302,88,194,194,3237,15
52,95,94,83,94,106,82,83,226,321,278,80,174,175,367,450,461,566,660,649,287,393,381,115,197,221,443,526,525,2773,15
94,105,83,83,82,103,85,83,103,208,197,78,161,183,91,174,174,101,183,184,79,182,161,69,154,172,91,174,176,1330,15
68,154,117,95,84,118,94,82,493,647,561,205,322,359,380,475,497,389,473,484,263,381,347,102,196,220,629,711,723,3273,15
56,125,107,72,106,106,106,95,346,471,402,72,179,197,77,149,184,739,845,811,484,590,590,68,174,174,263,358,369,2822,15
65,106,119,71,95,129,96,106,282,388,347,174,293,280,1532,1603,1651,251,346,322,286,415,381,115,211,244,122,228,218,3549,15
78,96,105,94,106,105,106,117,247,343,325,643,748,739,229,323,334,160,266,254,553,658,659,767,873,872,161,278,267,3567,15
85,113,95,106,93,106,106,66,211,324,296,233,328,346,229,335,324,895,988,1001,379,485,472,229,335,335,143,209,249,3089,15
79,94,72,95,79,94,92,73,416,510,495,105,177,199,458,553,530,446,525,541,525,619,604,1039,1131,1133,113,186,205,3780,15
71,74,61,103,52,62,71,43,43,117,114,95,156,169,81,184,142,107,159,210,271,333,323,38,109,100,96,139,167,1268,16
45,39,62,33,47,45,98,105,71,110,116,2,64,41,17,50,79,80,127,113,80,125,127,2,100,47,2,107,100,728,16
60,60,70,27,11,76,46,5,142,202,202,81,151,141,81,108,151,71,82,98,74,150,85,74,120,150,35,40,81,913,16
21,4,38,36,76,96,45,70,69,73,90,88,126,92,53,89,91,99,175,135,15,111,91,11,56,107,106,176,151,827,16
50,52,84,46,78,10,5,61,122,174,172,107,191,159,146,192,230,122,200,168,100,110,178,95,100,105,87,148,92,1165,16
93,66,46,19,95,44,69,59,23,89,116,57,103,123,55,74,101,114,209,133,47,91,142,64,133,108,41,100,110,892,16
79,3,97,62,35,5,3,161,73,76,152,81,178,84,2,64,99,47,82,109,67,72,102,92,95,97,41,202,44,848,16
71,77,70,12,71,78,85,10,207,284,278,118,188,195,110,122,180,59,130,71,47,125,118,107,192,185,100,110,185,1222,16
47,119,6,4,93,7,159,127,9,128,56,151,157,270,111,115,117,140,233,144,107,114,200,176,335,183,7,134,166,1263,16
89,41,37,4,36,57,54,2,75,116,164,84,121,125,52,56,89,106,142,110,2,59,38,280,334,337,87,89,141,1006,16
113,61,106,11,7,12,96,97,88,149,201,31,137,92,46,57,152,139,146,150,74,86,81,81,177,93,21,118,117,983,16
70,3,56,5,86,49,5,68,55,58,125,95,151,98,78,83,134,70,156,75,10,59,96,71,76,120,189,257,194,910,16
52,20,28,85,77,29,3,87,104,124,156,55,83,75,82,167,110,107,184,192,64,93,141,62,65,91,280,367,283,1135,16
95,85,87,86,89,55,12,150,22,107,117,32,119,117,38,124,125,314,403,400,46,101,135,77,89,132,72,222,84,1260,16
111,87,38,4,35,61,21,18,2,89,113,66,104,153,78,82,116,65,100,69,63,124,98,223,244,284,61,79,82,933,16
61,4,13,81,61,69,8,6,54,58,115,107,120,111,43,124,56,36,97,117,106,175,167,142,150,211,81,87,89,872,16
100,67,85,84,70,62,145,85,17,84,117,114,199,181,167,251,252,107,177,191,329,391,399,21,166,83,141,226,286,1594,16
44,48,50,79,79,80,71,54,135,183,179,79,129,127,52,131,102,78,157,157,96,176,175,62,133,142,38,92,109,1045,16
18,12,78,27,95,63,26,17,74,86,92,80,158,92,81,108,159,256,351,283,47,110,142,29,55,92,84,101,110,987,16
38,64,69,80,29,19,86,120,120,184,158,113,182,177,106,186,175,120,149,200,63,82,92,150,236,169,71,191,157,1248,16
48,44,94,85,62,73,106,80,124,168,172,13,107,57,48,133,142,125,187,210,120,193,182,42,148,115,2047,2127,2153,3111,16
51,115,56,54,49,73,56,53,133,248,184,66,122,181,44,98,100,38,87,92,75,148,124,60,116,133,30,83,86,953,16
70,86,62,86,51,70,106,70,30,116,100,129,191,215,124,210,186,63,114,149,32,102,83,87,193,157,53,123,159,1119,16
44,111,48,37,78,29,30,4,113,224,157,56,104,167,59,96,107,38,116,75,99,128,177,52,82,81,28,32,58,826,16
47,5,26,36,12,37,28,20,51,56,98,323,349,328,47,83,73,30,42,66,89,126,101,55,83,92,63,83,91,869,16
76,72,7,81,66,69,63,76,39,111,115,68,75,140,128,209,135,115,181,196,106,175,172,55,118,124,97,173,160,1118,16
114,71,78,11,53,52,76,29,24,95,138,21,99,92,38,49,116,98,151,109,72,124,125,56,132,108,82,111,158,875,16
89,60,55,28,10,78,29,5,29,89,118,139,194,199,31,59,86,73,83,101,73,151,83,106,135,184,78,83,107,883,16
104,81,53,3,78,4,19,4,2,83,106,257,310,338,64,67,117,72,150,75,97,101,175,154,173,158,74,78,93,1066,16
64,63,36,29,88,63,95,94,306,369,370,63,99,126,29,58,65,197,285,226,53,116,141,47,142,110,87,181,182,1314,16
91,147,123,143,112,243,110,189,285,432,376,65,188,212,261,404,384,77,189,220,240,483,352,53,163,296,31,220,141,2170,17
126,122,123,123,132,112,111,111,419,541,545,98,221,220,64,187,187,53,185,176,54,166,186,55,166,167,42,153,153,1745,17
118,25,6,57,146,69,60,66,98,123,216,170,176,195,53,110,59,10,156,67,42,111,188,36,96,105,45,111,105,1001,17
75,101,100,104,71,52,111,45,68,169,143,94,194,195,53,157,153,39,110,143,58,110,129,40,151,92,56,101,167,1067,17
108,44,105,60,34,101,75,121,110,154,218,73,178,117,158,218,263,62,96,122,329,430,363,31,106,132,147,268,222,1558,17
76,47,81,79,36,71,90,58,53,100,129,62,143,109,30,109,111,65,101,144,95,166,131,28,118,99,42,100,132,913,17
115,36,20,101,76,78,15,151,74,110,189,122,142,158,32,133,52,78,154,179,87,165,163,99,114,177,33,184,48,1117,17
95,89,22,154,101,191,59,56,35,124,130,66,88,155,200,354,222,8,109,162,30,221,131,50,109,241,42,98,101,1198,17
121,134,124,99,130,122,135,158,94,228,215,62,186,196,87,186,211,78,208,177,44,166,174,63,198,185,54,212,189,1505,17
125,115,36,85,116,183,128,27,293,408,418,32,68,147,60,145,96,12,128,97,32,215,148,20,148,203,54,81,182,1318,17
114,156,43,103,107,121,46,131,66,222,180,120,163,276,74,177,117,14,121,117,87,208,194,53,99,174,38,169,84,1273,17
66,124,103,139,135,139,192,146,110,234,176,71,174,195,63,202,166,46,181,185,64,203,199,48,240,187,50,196,242,1496,17
49,140,133,131,146,134,124,129,100,240,149,76,209,216,407,538,540,77,223,208,62,196,208,65,189,199,50,179,174,1823,17
106,204,122,5,82,116,37,62,42,246,148,8,130,212,32,37,154,128,210,133,4,120,86,27,64,143,68,130,105,1043,17
107,134,170,105,159,150,69,15,119,253,226,76,246,210,13,118,183,32,191,137,3,153,162,51,120,201,83,98,152,1286,17
134,134,111,112,28,21,60,87,52,186,186,96,207,230,67,179,178,61,89,173,98,119,126,52,112,73,33,120,93,1146,17
124,21,40,102,96,49,125,121,67,88,191,128,168,149,40,142,80,3,99,105,70,119,166,229,354,278,53,174,178,1268,17
76,48,36,59,103,85,78,107,50,98,126,84,120,132,41,100,77,31,134,90,10,95,113,2,80,87,72,179,150,882,17
118,174,115,170,133,131,122,115,30,204,148,2,117,176,39,209,154,40,173,210,265,396,398,112,234,243,38,153,160,1604,17
97,35,92,84,103,15,66,4,86,121,183,84,176,119,5,89,97,16,119,100,50,65,153,110,176,125,74,78,140,921,17
152,70,72,106,130,92,61,106,72,142,224,59,131,129,27,133,99,2,132,108,28,120,158,27,88,119,72,178,133,1076,17
4,113,122,100,101,103,111,122,102,215,106,96,218,209,78,178,200,52,153,152,28,131,129,30,141,133,373,495,484,1535,17
116,133,109,112,18,98,22,23,1,134,117,60,169,193,2,114,111,112,130,224,2,100,20,319,341,417,30,53,52,1157,17
105,152,82,58,79,133,102,76,1,153,106,17,99,169,75,133,157,32,111,90,66,199,145,6,108,139,43,119,145,1027,17
145,103,56,4,114,155,149,80,142,245,287,44,100,147,95,99,151,259,373,263,15,170,129,3,152,158,26,106,175,1390,17
33,39,131,79,33,60,14,113,70,109,103,54,185,93,56,135,187,43,76,122,52,112,85,72,86,132,53,166,67,902,17
122,125,76,147,87,114,107,179,41,166,163,72,148,197,13,160,89,53,140,200,11,125,98,38,145,152,3,182,110,1188,17
104,182,91,102,67,58,48,123,53,235,157,17,108,199,39,141,130,42,109,144,32,90,99,51,99,109,74,197,122,1083,17
111,90,76,93,47,149,105,57,29,119,140,114,190,204,4,97,80,62,109,155,30,179,77,3,108,152,41,98,146,1011,17
107,123,99,122,83,35,9,144,1,124,108,54,153,177,12,134,111,35,118,157,56,91,139,111,120,146,63,207,72,1054,17
50,82,68,21,28,4,40,3,141,223,191,14,82,96,43,64,111,88,116,109,41,45,69,103,143,107,70,73,110,796,18
133,79,18,14,24,6,29,11,2,81,135,75,93,154,92,106,110,76,100,90,77,83,101,76,105,82,62,73,91,774,18
8,4,3,21,46,31,56,13,81,85,89,107,110,111,90,111,93,40,86,61,89,120,135,57,113,88,59,72,115,705,18
93,89,102,30,132,3,23,18,98,187,191,153,255,242,180,210,282,31,163,61,144,147,276,62,85,65,68,86,91,1226,18
43,54,70,86,22,98,21,7,96,150,139,235,305,289,112,198,182,127,149,213,232,330,254,178,199,276,47,54,68,1428,18
124,27,154,95,72,88,87,391,152,179,276,645,799,672,45,140,199,118,190,213,92,180,164,2413,2500,2501,99,490,186,4602,18
67,45,65,58,64,69,82,65,5,50,72,19,84,64,59,117,124,2,66,60,27,96,91,30,112,99,18,83,100,675,18
68,62,23,4,61,59,12,38,128,190,196,96,119,158,31,35,54,68,129,72,19,78,80,40,52,99,92,130,104,801,18
19,50,28,46,58,81,3,101,340,390,359,94,122,144,308,354,336,152,210,198,52,133,110,157,160,238,52,153,55,1541,18
89,26,108,102,27,124,58,39,184,210,273,133,241,159,60,162,168,127,154,229,101,225,128,111,169,235,118,157,176,1407,18
88,87,110,123,79,199,129,178,147,234,235,98,208,185,68,191,178,276,355,399,99,298,178,24,153,223,278,456,407,1983,18
85,158,66,79,138,5,102,37,29,187,114,69,135,227,210,289,276,59,197,138,239,244,377,189,291,194,106,143,208,1571,18
72,275,36,40,57,85,94,69,83,358,155,126,162,401,30,70,66,71,128,111,1659,1744,1716,88,182,173,38,107,132,2823,18
56,12,24,9,61,5,55,58,86,98,142,74,98,86,120,129,144,30,91,39,87,92,148,31,86,36,2,60,57,710,18
5,2,23,55,65,51,79,82,106,108,111,89,112,91,77,132,100,6,71,61,57,108,122,11,90,62,44,126,123,752,18
42,3,46,2,65,50,38,34,67,70,109,44,90,47,78,80,124,51,116,53,42,92,107,32,70,82,41,75,79,635,18
122,74,49,169,144,127,97,42,553,627,675,94,143,168,460,629,509,37,181,206,43,170,187,35,132,162,93,135,190,2139,18
9,41,101,56,67,85,29,100,236,277,245,119,220,160,106,162,207,32,99,88,12,97,79,33,62,118,26,126,55,1052,18
49,39,101,71,44,36,38,52,160,199,209,28,129,67,3,74,104,50,94,121,47,83,91,59,97,95,1,53,39,778,18
95,87,106,85,25,20,9,23,58,145,153,95,201,182,137,222,243,116,141,201,50,70,75,139,148,159,66,89,75,1111,18
84,55,33,84,83,108,100,156,122,177,206,120,153,175,211,295,244,180,263,264,130,238,213,73,173,181,95,251,195,1634,18
64,50,107,73,98,113,60,54,187,237,251,1063,1170,1113,313,386,420,187,285,260,1590,1703,1688,2100,2160,2213,522,576,582,6581,18
11,63,92,147,94,189,69,215,207,270,218,87,179,150,233,380,325,86,180,233,67,256,161,76,145,265,107,322,176,1743,18
76,3,4,83,36,70,5,124,100,103,176,316,320,319,134,217,138,24,60,107,29,99,65,43,48,113,40,164,45,1087,18
119,112,238,119,132,144,126,114,87,199,206,105,343,217,57,176,295,87,219,206,41,185,173,89,215,233,52,166,178,1622,18
7,3,44,25,76,45,28,5,21,24,28,91,135,94,158,183,202,2,78,27,37,82,113,64,92,109,49,54,77,655,18
61,77,56,103,115,27,60,31,220,297,281,35,91,112,37,140,93,20,135,123,203,230,318,26,86,53,51,82,111,1122,18
53,53,117,41,48,20,93,84,146,199,199,2,119,55,11,52,128,42,90,83,41,61,89,43,136,63,6,90,99,800,18
76,80,59,65,20,54,44,99,130,210,206,325,384,405,293,358,352,172,192,237,436,490,456,55,99,109,61,160,105,1969,18
93,46,131,73,33,105,97,195,115,161,208,188,319,234,25,98,156,26,59,99,43,148,76,85,182,190,31,226,128,1286,18
21,4,50,35,59,6,4,48,48,52,69,13,63,17,54,89,104,41,100,76,42,48,101,70,74,76,16,64,20,511,19
19,4,23,14,4,35,47,59,43,47,62,29,52,33,54,68,77,49,53,63,32,67,36,62,109,97,32,91,79,506,19
23,3,15,36,69,47,88,57,23,26,46,58,73,61,42,78,57,30,99,66,40,87,109,52,140,99,1868,1925,1956,2451,19
30,26,13,81,49,70,66,89,7,33,37,97,110,123,72,153,85,160,209,241,5,75,54,280,346,350,43,132,109,1088,19
4,46,35,18,24,47,34,61,14,60,18,19,54,65,37,55,72,19,43,37,53,100,77,19,53,66,27,88,61,457,19
5,2,24,35,36,85,57,5,8,10,13,30,54,32,41,76,65,20,56,55,14,99,50,18,75,103,18,23,75,398,19
44,100,34,25,33,68,47,17,54,154,98,53,87,153,21,46,55,53,86,78,31,99,64,54,101,122,28,45,75,662,19
35,19,4,53,4,4,26,11,34,53,69,67,71,86,2,55,6,50,54,103,60,64,64,117,143,121,74,85,100,560,19
5,7,10,15,9,37,5,17,61,68,66,8,18,15,44,59,54,15,24,30,16,53,25,51,56,88,46,63,51,346,19
66,16,27,8,43,25,4,46,40,56,106,95,122,111,39,47,66,14,57,22,66,91,109,18,22,43,17,63,21,524,19
3,9,50,6,14,18,13,26,20,29,23,48,98,57,6,12,56,79,93,85,43,61,57,57,70,75,64,90,77,456,19
4,33,4,13,12,11,16,4,9,42,13,20,24,53,49,62,53,33,45,46,69,80,81,48,64,59,30,34,46,355,19
12,14,36,11,3,44,69,13,47,61,59,39,75,53,1,12,37,72,75,83,31,75,34,21,90,65,2,15,71,415,19
3,64,5,15,44,84,35,53,10,74,13,114,119,178,64,79,69,32,76,47,65,149,109,35,70,119,268,321,303,891,19
4,20,14,2,25,3,3,42,56,76,60,31,45,51,50,52,64,20,45,22,42,45,67,39,42,42,22,64,25,373,19
8,11,7,45,75,60,50,80,2,13,10,1,8,12,1,46,8,35,110,80,18,78,93,27,77,87,37,117,87,457,19
5,33,35,26,8,24,4,16,4,37,9,39,74,72,42,68,77,31,39,57,33,57,41,32,36,56,71,87,75,403,19
5,56,48,28,7,33,69,39,20,76,25,42,90,98,39,67,87,46,53,74,19,52,26,76,145,109,26,65,95,553,19
4,4,16,3,9,57,78,3,47,51,51,42,58,46,55,58,71,62,71,65,30,87,39,129,207,186,33,36,111,572,19
10,30,4,10,35,25,5,40,11,41,21,78,82,108,57,67,61,124,159,134,63,88,98,134,139,159,1,41,6,627,19
41,53,2,45,78,23,96,34,1,54,42,20,22,73,30,75,32,43,121,88,12,35,90,12,108,35,41,75,137,531,19
4,7,33,18,3,41,46,3,28,35,32,1,34,8,84,102,117,15,18,33,13,54,16,31,77,72,20,23,66,347,19
5,3,23,15,9,46,35,4,22,25,27,14,37,17,54,69,77,45,54,60,6,52,15,31,66,77,19,23,54,331,19
5,56,22,7,10,16,4,32,140,196,145,2,24,58,88,95,110,44,54,51,21,37,31,71,75,87,31,63,35,549,19
3,2,24,5,11,13,4,13,2,4,5,23,47,25,35,40,59,69,80,74,30,43,41,65,69,78,39,52,43,338,19
38,14,4,3,16,15,44,13,63,77,101,10,14,24,125,128,129,32,48,35,42,57,58,3,47,18,33,46,77,455,19
4,5,34,4,22,57,57,50,17,22,21,21,55,26,32,36,66,51,73,55,8,65,30,63,120,120,20,70,77,445,19
4,53,54,10,31,5,35,24,25,78,29,26,80,79,36,46,90,23,54,33,51,56,82,27,62,32,42,66,77,446,19
29,35,3,33,79,80,111,76,1,36,30,51,54,86,41,74,44,155,234,188,390,470,469,29,140,109,9,85,120,1122,19
4,3,20,24,4,56,37,4,30,33,34,23,43,26,43,67,63,56,60,80,3,59,7,20,57,76,40,44,77,367,19
67,82,94,83,85,53,63,45,92,174,159,79,173,161,103,186,197,78,163,161,28,81,113,31,94,84,15,60,78,998,20
61,83,90,5,62,51,80,74,542,625,603,2,92,85,67,72,157,65,127,70,28,79,90,12,92,63,19,93,99,1241,20
43,13,73,45,40,15,60,88,77,90,120,18,91,31,48,93,121,111,151,156,76,91,116,43,103,58,16,104,76,766,20
90,80,3,61,55,72,21,5,1,81,91,67,70,147,43,104,46,49,104,110,10,82,65,20,41,92,106,111,127,683,20
61,84,44,57,5,49,56,61,29,113,90,2,46,86,13,70,57,77,82,134,31,80,36,59,115,108,9,70,65,637,20
61,33,72,38,3,62,59,73,33,66,94,32,104,65,44,82,116,67,70,105,54,116,57,44,103,106,8,81,67,683,20
58,40,58,53,82,28,26,18,103,143,161,30,88,70,16,69,74,15,97,68,32,60,114,62,88,90,51,69,77,672,20
90,71,91,23,15,16,51,78,82,153,172,2,93,73,34,57,125,44,59,67,86,102,101,43,94,59,25,103,76,751,20
7,12,93,41,39,13,49,75,74,86,81,114,207,126,14,55,107,43,82,84,84,97,123,38,87,51,51,126,100,747,20
91,71,60,61,55,54,40,18,68,139,159,68,128,139,83,144,143,22,77,83,27,81,82,20,60,74,72,90,112,810,20
56,73,48,62,5,61,103,56,26,99,82,9,57,82,32,94,80,54,59,116,53,114,58,1,104,62,2,58,105,641,20
94,26,40,83,80,30,15,13,69,95,163,63,103,89,21,104,61,1,81,84,27,57,107,67,82,97,92,105,107,721,20
68,67,27,83,95,83,83,23,14,81,82,50,77,117,79,162,106,67,162,150,78,161,173,11,94,94,36,59,119,864,20
32,60,48,73,29,40,57,63,104,164,136,77,125,137,80,153,128,67,96,140,48,88,77,37,94,77,18,81,75,833,20
84,50,20,94,71,73,62,72,78,128,162,71,91,121,32,126,52,80,151,174,67,140,138,78,140,151,87,159,149,1019,20
94,37,16,50,73,72,18,4,43,80,137,52,68,89,58,108,74,29,102,79,9,81,82,57,75,129,51,55,69,663,20
61,109,53,50,6,51,22,78,5,114,66,2,55,111,21,71,74,88,94,138,17,68,23,81,103,132,2,80,24,646,20
96,107,18,18,62,69,69,59,44,151,140,31,49,138,75,93,93,51,113,69,22,91,84,12,81,81,11,70,80,744,20
15,2,64,29,64,17,5,85,63,65,78,78,142,80,50,79,114,16,80,45,44,61,108,85,90,102,43,128,48,660,20
34,94,96,64,24,27,5,26,8,102,42,10,106,104,9,73,105,54,78,118,55,82,79,76,81,103,77,103,82,659,20
72,70,60,60,84,10,38,74,78,148,150,67,127,137,68,128,128,21,105,81,58,68,142,33,71,43,53,127,91,846,20
90,86,13,38,55,42,19,44,81,167,171,64,77,150,54,92,67,132,187,170,28,70,83,56,75,98,52,96,71,854,20
5,14,61,73,28,51,4,26,55,69,60,56,117,70,19,92,80,29,57,102,20,71,48,76,80,127,44,70,48,561,20
96,38,12,49,67,58,61,21,34,72,130,70,82,108,66,115,78,25,92,74,17,75,84,15,76,73,35,56,96,664,20
83,84,26,2,76,65,57,70,87,171,170,30,56,114,78,80,104,45,121,47,36,101,112,12,69,77,11,81,68,762,20
83,70,18,4,38,54,94,43,58,128,141,68,86,138,87,91,105,54,92,58,49,103,87,11,105,65,2,45,96,733,20
79,75,84,68,17,14,18,81,13,88,92,8,92,83,2,70,86,52,69,120,66,80,83,87,105,101,11,92,29,675,20
73,54,68,98,5,16,49,98,24,78,97,1,69,55,10,108,78,40,45,138,67,83,72,64,113,80,20,118,69,687,20
74,95,83,106,131,116,117,118,103,198,177,89,172,184,80,186,163,65,196,171,79,195,210,81,198,197,67,185,184,1404,20
95,84,57,4,27,28,84,49,9,93,104,2,59,86,54,58,111,55,82,59,73,101,100,21,105,49,12,61,96,654,20
7,14,7,3,34,39,42,14,67,81,74,15,22,29,71,74,78,50,84,53,27,66,61,10,52,49,59,73,101,459,21
31,103,28,91,64,102,53,38,120,223,151,19,47,122,22,113,50,25,89,116,211,313,275,23,76,125,25,63,78,955,21
45,36,46,63,64,81,42,53,2,38,47,1603,1649,1639,97,160,143,74,138,137,20,101,84,90,132,171,93,146,135,2409,21
6,14,23,19,13,18,54,40,63,77,69,41,64,55,32,51,55,59,72,78,33,51,46,9,63,27,95,135,149,519,21
16,24,65,56,40,29,26,40,74,98,90,94,159,118,35,91,100,78,118,134,71,100,111,92,118,121,80,120,106,820,21
4,7,4,4,36,6,4,18,77,84,81,139,143,146,38,42,42,16,52,20,92,98,128,2,6,8,48,66,52,495,21
39,27,5,5,29,20,38,4,97,124,136,38,43,65,78,83,83,59,88,64,42,62,71,24,62,44,22,26,60,527,21
49,3,69,39,23,86,22,12,70,73,119,37,106,40,1,40,70,49,72,88,2,88,25,2,24,88,60,72,82,524,21
6,6,52,21,134,41,47,3,52,58,58,91,143,97,22,43,74,89,223,110,3,44,137,21,68,62,31,34,78,619,21
33,39,61,43,15,47,58,110,62,101,95,2,63,41,21,64,82,63,78,106,18,65,33,3,61,50,8,118,66,583,21
74,5,53,19,54,38,25,33,33,38,107,79,132,84,237,256,290,2,56,21,39,77,93,76,101,114,29,62,54,796,21
8,11,14,3,13,2,21,13,49,60,57,8,22,19,82,85,96,17,30,20,29,31,42,2,23,4,306,319,327,578,21
14,75,70,45,40,8,36,42,45,120,59,28,98,103,4,49,74,34,74,79,68,76,108,26,62,34,21,63,57,556,21
5,16,88,8,47,49,40,106,58,74,63,39,127,55,55,63,143,28,75,36,23,72,70,13,53,62,22,128,62,597,21
77,29,78,72,5,40,4,66,50,79,127,75,153,104,19,91,97,44,49,116,56,96,61,21,25,61,61,127,65,697,21
51,27,66,51,5,9,49,25,37,64,88,54,120,81,4,55,70,49,54,100,55,64,60,21,70,30,25,50,74,528,21
12,25,10,32,15,24,30,41,22,47,34,111,121,136,62,94,72,40,55,72,100,124,115,45,75,69,33,74,63,602,21
18,84,75,68,52,81,57,41,118,202,136,2,77,86,21,89,96,21,73,89,25,106,77,2,59,83,60,101,117,725,21
5,29,5,8,60,43,41,29,92,121,97,108,113,137,221,229,226,120,180,128,87,130,147,92,133,135,55,84,96,995,21
97,41,34,3,59,96,3,97,22,63,119,42,76,83,34,37,68,36,95,39,2,98,61,33,36,129,80,177,83,679,21
57,378,40,44,28,39,39,58,2,380,59,45,85,423,22,66,62,67,95,111,48,87,76,35,74,74,35,93,74,937,21
110,53,20,38,17,44,14,13,18,71,128,21,41,74,31,69,51,44,61,82,25,69,42,45,59,89,46,59,60,539,21
14,25,66,39,40,38,18,44,126,151,140,36,102,61,21,60,87,52,92,91,19,57,59,77,95,115,25,69,43,640,21
6,38,13,26,70,14,18,106,50,88,56,39,52,77,45,71,58,23,93,49,31,45,101,60,78,74,128,234,146,667,21
28,30,119,15,24,45,21,11,81,111,109,22,141,52,41,56,160,53,77,68,42,87,66,142,163,187,50,61,71,724,21
5,92,85,20,54,3,3,3,51,143,56,21,106,113,144,164,229,35,89,55,176,179,230,1,4,4,135,138,138,828,21
97,5,14,76,69,76,89,91,95,100,192,75,89,80,77,153,91,3,72,79,28,104,97,40,129,116,5,96,94,840,21
49,16,5,21,3,38,56,6,60,76,109,58,63,74,29,50,34,49,52,70,93,131,96,35,91,73,19,25,75,537,21
20,29,40,28,31,56,31,195,72,101,92,22,62,51,60,88,100,22,53,50,31,87,62,27,58,83,36,231,67,700,21
119,27,34,16,31,32,17,65,20,47,139,40,74,67,64,80,98,42,73,58,20,52,51,51,68,83,35,100,52,613,21
102,142,107,70,117,164,82,172,79,221,181,22,129,164,118,188,225,32,149,102,26,190,143,15,97,179,71,243,153,1319,22
110,77,93,97,104,54,3,157,121,198,231,150,243,227,2,99,95,19,123,116,46,100,150,61,64,115,2261,2418,2264,3355,22
91,88,100,32,175,15,97,4,44,132,135,4,104,92,64,96,164,95,270,127,193,208,368,56,153,71,103,107,200,1161,22
154,102,121,137,138,82,143,147,219,321,373,49,170,151,16,153,137,3,141,140,3,85,141,46,189,128,17,164,160,1377,22
8,6,110,92,56,36,17,114,116,122,124,62,172,68,1,93,111,29,85,121,76,112,132,83,100,119,31,145,48,837,22
110,106,76,6,13,69,137,134,2,108,112,6,82,112,122,128,198,109,122,115,114,183,127,61,198,130,41,175,178,1106,22
145,133,126,128,115,145,83,158,49,182,194,26,152,159,61,189,187,27,142,155,31,176,146,30,113,175,71,229,154,1328,22
113,62,7,82,104,104,138,102,63,125,176,102,109,164,61,143,68,32,136,114,2,106,106,33,171,137,22,124,160,1027,22
161,117,144,107,86,144,132,145,2,119,163,32,176,149,4,111,148,208,294,315,46,190,132,2,134,146,40,185,172,1370,22
128,101,132,69,128,111,69,80,120,221,248,336,468,437,113,182,245,172,300,241,73,184,201,103,172,214,124,204,193,1859,22
7,10,125,94,91,37,13,151,131,141,138,28,153,38,39,133,164,39,130,133,80,117,171,108,121,145,514,665,527,1467,22
122,92,112,85,108,88,68,94,96,188,218,64,176,156,83,168,195,250,358,335,64,152,172,105,173,193,104,198,172,1535,22
121,131,71,80,28,41,69,55,130,261,251,4,75,135,98,178,169,99,127,179,80,121,108,72,141,113,55,110,124,1134,22
97,120,147,134,109,123,112,107,318,438,415,174,321,294,50,184,197,54,163,188,63,186,172,51,163,174,59,166,171,1718,22
114,37,82,96,17,17,84,48,97,134,211,62,144,99,3,99,85,57,74,153,81,98,98,40,124,57,46,94,130,881,22
56,62,35,11,76,107,44,3,115,177,171,108,143,170,121,132,156,55,131,66,16,123,92,39,83,146,103,106,147,951,22
76,110,63,108,64,8,85,124,2,112,78,18,81,128,97,205,160,56,120,164,97,105,161,69,154,77,1,125,86,978,22
31,100,85,100,105,92,102,80,3735,3835,3766,70,155,170,71,171,156,56,161,156,61,153,166,99,201,191,67,147,169,4854,22
103,6,110,111,180,99,142,122,188,194,291,1,111,7,2,113,112,57,237,168,4,103,184,37,179,136,5,127,147,1167,22
18,53,126,6,25,102,8,7,29,82,47,1,127,54,4,10,130,90,115,96,13,115,38,2,10,104,81,88,89,565,22
8,126,93,102,161,124,139,102,2124,2250,2132,89,182,215,71,173,164,99,260,201,141,265,302,98,237,222,130,232,269,3607,22
114,110,100,102,102,19,9,104,293,403,407,71,171,181,81,183,181,69,171,171,374,393,476,3,12,22,2,106,11,1553,22
106,88,98,87,52,176,106,51,79,167,185,71,169,159,66,153,164,82,134,169,52,228,104,67,173,243,65,116,171,1246,22
113,144,133,116,143,158,118,175,145,289,258,70,203,214,23,139,156,48,191,164,71,229,214,195,313,353,2,177,120,1654,22
129,130,126,126,104,10,110,139,64,194,193,46,172,176,182,308,308,49,153,175,198,208,302,64,174,74,45,184,155,1522,22
94,148,106,135,126,155,104,169,22,170,116,43,149,191,72,207,178,29,155,164,11,166,137,35,139,190,46,215,150,1295,22
10,5,112,72,5,65,33,93,125,130,135,62,174,67,8,80,120,69,74,141,80,145,85,69,102,134,27,120,60,835,22
121,120,89,89,141,100,128,155,12,132,133,1,90,121,241,330,330,56,197,145,29,129,170,56,184,156,12,167,140,1350,22
130,105,119,108,139,92,141,58,26,131,156,39,158,144,2,110,121,43,182,151,23,115,162,20,161,112,39,97,180,1084,22
8,3,11,4,139,21,20,37,112,115,120,253,264,256,137,141,148,79,218,83,27,48,166,80,100,101,88,125,108,1019,22
54,106,87,111,95,111,90,88,66,172,120,63,150,169,54,165,141,39,134,150,48,159,143,39,129,150,75,163,165,1126,23
61,58,98,42,79,56,78,65,14,72,75,11,109,69,2,44,100,28,107,70,20,76,99,31,109,87,2,67,80,645,23
67,55,88,56,78,57,42,54,16,71,83,21,109,76,22,78,110,9,87,65,20,77,98,109,151,166,20,74,62,714,23
75,75,70,49,45,65,78,53,3,78,78,18,88,93,14,63,84,32,77,81,11,76,56,31,109,96,2,55,80,621,23
73,98,67,110,87,100,78,67,53,151,126,62,129,160,75,185,142,42,129,152,65,165,152,40,118,140,85,152,163,1102,23
55,67,101,80,77,77,87,100,64,131,119,72,173,139,43,123,144,82,159,162,63,140,140,118,205,195,54,154,141,1140,23
75,109,89,88,78,67,88,87,50,159,125,43,132,152,64,152,153,63,141,151,53,120,131,52,140,119,43,130,131,1049,23
54,77,76,88,56,66,78,55,83,160,137,84,160,161,65,153,141,85,141,173,86,152,142,62,140,128,65,120,143,1080,23
54,79,88,41,77,44,66,57,7,86,61,31,119,110,2,43,90,21,98,62,20,64,97,32,98,76,20,77,86,639,23
60,34,2,46,28,79,41,76,61,95,121,62,64,96,76,122,78,47,75,93,52,131,80,1,42,80,22,98,63,687,23
93,47,38,26,4,38,3,69,48,95,141,46,84,93,43,69,81,70,74,96,73,111,77,48,51,86,52,121,55,698,23
53,44,103,60,56,89,42,68,10,54,63,42,145,86,1,61,104,21,77,81,10,99,66,11,53,100,32,100,74,642,23
85,47,90,55,77,41,91,48,26,73,111,21,111,68,9,64,99,33,110,88,13,54,90,12,103,53,22,70,113,670,23
65,89,76,69,18,37,3,37,18,107,83,2,78,91,28,97,104,35,53,104,63,100,81,60,63,97,63,100,66,663,23
83,78,74,66,79,74,70,36,71,149,154,1,75,79,22,88,96,21,100,87,11,85,90,20,90,94,26,62,96,732,23
78,69,44,35,3,47,4,36,23,92,101,18,62,87,64,99,108,52,55,87,74,121,77,49,53,96,63,99,67,659,23
42,55,78,57,66,64,91,31,17,72,59,21,99,76,20,77,98,19,85,76,11,75,77,32,123,96,33,64,124,637,23
50,49,45,56,35,62,99,48,13,62,63,42,87,91,20,76,65,53,88,109,12,74,47,22,121,84,16,64,115,622,23
101,110,99,110,99,88,111,231,36,146,137,62,161,172,53,163,152,42,141,152,53,141,152,30,141,118,53,284,164,1278,23
89,46,21,78,66,67,79,36,60,106,149,53,74,99,31,109,52,20,86,98,21,88,87,9,88,76,27,63,106,703,23
75,45,3,68,19,67,67,98,62,107,137,53,56,98,74,142,77,32,51,100,54,121,73,8,75,75,11,109,78,736,23
76,69,17,49,10,78,26,78,20,89,96,68,85,137,41,90,58,43,53,92,39,117,49,40,66,118,8,86,34,662,23
57,89,67,89,89,100,100,88,70,159,127,62,129,151,65,154,132,39,128,128,42,142,131,50,150,150,54,142,154,1061,23
90,108,56,100,88,78,78,100,30,138,120,77,133,185,71,171,127,31,119,131,32,110,120,52,130,130,73,173,151,1064,23
100,110,80,50,58,11,36,4,41,151,141,18,98,128,2,52,82,42,100,92,55,66,113,50,86,61,62,66,98,719,23
64,44,79,53,84,44,79,53,9,53,73,32,111,76,22,75,101,14,98,67,21,65,105,31,110,75,11,64,90,640,23
19,99,89,99,79,87,111,99,75,174,94,52,141,151,64,163,153,62,141,161,76,163,155,52,163,139,52,151,163,1115,23
62,56,79,56,57,45,89,41,19,75,81,31,110,87,19,75,98,21,78,77,19,64,76,193,282,238,11,52,100,798,23
68,35,101,39,77,53,89,55,16,51,84,43,144,78,1,40,102,22,99,61,22,75,99,31,120,84,9,64,98,661,23
68,47,82,44,94,56,77,47,2,49,70,14,96,61,21,65,103,15,109,59,9,65,103,32,109,88,17,64,94,625,23
8,6,21,14,22,2,5,11,40,46,48,71,92,77,36,50,57,63,85,77,61,63,83,66,71,68,67,78,72,493,24
9,5,20,4,22,2,4,3,29,34,38,74,94,79,51,55,71,74,96,78,45,47,67,66,70,68,81,84,85,489,24
7,4,8,4,19,2,5,2,49,53,56,81,89,85,44,48,52,75,94,79,50,52,69,46,51,48,80,82,85,476,24
15,5,7,19,4,12,5,2,44,49,59,73,80,78,62,81,69,62,66,81,69,81,73,49,54,61,79,81,84,507,24
22,4,10,17,18,2,5,3,26,30,48,106,116,110,48,65,58,41,59,58,66,68,84,47,52,49,80,83,85,495,24
8,4,9,4,5,2,5,15,50,54,58,85,94,89,60,64,69,76,81,80,62,64,67,63,68,65,85,100,90,533,24
11,4,20,13,7,3,9,4,46,50,57,81,101,85,35,48,55,63,70,76,61,64,68,65,74,68,90,94,99,512,24
17,4,5,4,21,4,6,11,58,62,75,61,66,65,53,57,58,70,91,74,29,33,50,65,71,69,65,76,71,473,24
8,5,7,14,4,11,20,2,28,33,36,93,100,98,48,62,55,63,67,77,52,63,56,50,70,61,62,64,82,467,24
10,17,12,5,20,3,6,2,30,47,40,93,105,110,39,44,51,91,111,96,29,32,49,64,70,67,61,63,67,482,24
8,4,11,3,6,3,6,10,41,45,49,100,111,104,44,47,55,73,79,76,62,65,68,82,88,85,48,58,54,501,24
8,4,6,3,20,3,5,2,31,35,39,94,100,98,45,48,51,61,81,64,49,52,69,61,66,64,80,82,85,472,24
8,19,5,15,4,2,6,2,61,80,69,69,74,88,51,66,56,79,83,94,65,67,69,79,85,81,62,64,68,527,24
44,5,7,5,10,10,4,7,29,34,73,146,153,151,53,58,60,117,127,122,45,55,55,68,72,78,63,70,67,613,24
8,4,6,4,6,3,9,12,44,48,52,75,81,79,84,88,90,73,79,77,60,63,66,97,106,100,46,58,55,531,24
6,5,7,3,3,10,5,10,38,43,44,106,113,111,46,49,53,60,63,63,54,64,57,83,88,93,51,61,56,487,24
7,3,9,4,4,2,4,12,31,34,38,96,105,99,41,45,50,94,98,98,45,47,49,66,70,68,68,80,72,486,24
8,4,11,4,7,10,5,3,27,31,35,97,108,101,38,42,49,80,87,84,49,59,56,51,56,61,78,81,83,472,24
8,16,21,4,5,3,5,13,32,48,40,43,64,59,50,54,71,75,80,79,64,67,69,62,67,65,67,80,72,468,24
6,20,7,4,19,2,4,10,57,77,63,73,80,93,64,68,71,75,94,79,55,57,74,56,60,58,69,79,73,521,24
9,4,9,15,4,10,18,10,55,59,64,87,96,91,48,63,57,78,82,93,53,63,57,66,84,76,56,66,74,522,24
11,5,7,4,4,13,5,3,55,60,66,74,81,79,50,54,57,60,64,64,69,82,73,64,69,77,78,81,83,502,24
7,4,21,5,4,11,5,3,58,62,65,86,107,90,58,63,79,80,84,85,54,65,58,84,89,95,60,63,65,540,24
11,24,7,19,4,10,8,2,48,72,59,85,92,109,66,85,73,41,45,60,52,62,56,66,74,76,77,79,85,520,24
9,3,7,16,19,3,7,14,68,71,77,101,108,104,49,65,56,60,79,76,64,67,83,47,54,50,83,97,90,550,24
8,6,7,18,19,10,7,10,28,34,36,73,80,79,65,83,72,42,61,60,55,65,74,102,109,112,48,58,55,498,24
10,5,9,19,4,2,5,13,43,48,53,113,122,118,42,61,51,74,78,93,81,83,85,64,69,66,67,80,72,551,24
10,15,23,3,4,3,18,2,51,66,61,79,102,94,50,53,73,57,61,60,198,201,202,44,62,47,68,70,86,625,24
7,17,9,4,4,4,7,11,50,67,57,89,98,106,59,63,68,77,81,81,64,68,68,78,85,82,65,76,72,545,24
12,6,11,4,8,2,4,2,25,31,37,128,139,134,32,36,43,61,69,65,61,63,69,64,68,66,79,81,83,499,24
15,12,5,24,22,24,4,11,172,184,187,49,54,61,97,121,102,2,24,26,74,98,96,14,18,38,21,32,25,546,25
50,24,6,31,5,86,23,5,90,114,140,45,51,69,89,120,95,27,32,58,78,164,83,69,92,155,57,62,80,685,25
12,34,63,13,42,54,57,19,63,97,75,60,123,94,90,103,153,140,182,153,41,95,83,17,74,71,55,74,112,760,25
61,53,51,74,63,73,42,54,80,133,141,82,133,135,81,155,132,59,122,133,47,120,110,80,122,153,80,134,122,980,25
42,35,72,48,54,17,4,34,35,70,77,40,112,75,40,88,112,2,56,50,68,85,122,55,59,72,77,111,81,623,25
42,63,27,42,12,3,23,28,55,118,97,130,157,193,48,90,75,93,105,135,55,58,67,98,121,101,22,50,45,741,25
42,37,50,50,66,62,65,71,86,123,128,72,122,109,73,123,123,69,135,119,57,119,123,63,128,125,67,138,132,930,25
13,7,47,3,85,32,62,4,75,82,88,75,122,82,34,37,81,69,154,72,17,49,102,73,135,105,46,50,108,642,25
62,42,6,92,58,82,23,41,17,59,79,71,77,113,59,151,65,21,79,113,19,101,77,20,43,102,49,90,72,662,25
50,8,6,4,9,288,30,82,64,72,114,78,84,86,33,37,39,18,27,22,10,298,19,3,33,291,49,131,79,732,25
56,96,66,41,4,6,4,20,9,105,65,2,68,98,43,84,109,57,61,98,83,89,87,41,45,47,81,101,85,609,25
10,3,74,70,14,66,23,4,68,71,78,79,153,82,81,151,155,9,23,79,57,123,71,68,91,134,66,70,89,692,25
21,39,15,5,65,5,57,29,51,90,72,70,85,109,56,61,71,76,141,81,25,30,90,60,117,65,66,95,123,640,25
80,87,65,15,12,53,53,51,2,89,82,16,81,103,51,66,116,60,72,75,56,109,68,17,70,70,21,72,74,639,25
77,87,3,51,14,47,52,71,2,89,79,66,69,153,49,100,52,20,34,71,64,111,78,8,60,55,29,100,81,640,25
23,23,46,4,55,56,45,53,57,80,80,70,116,93,46,50,92,57,112,61,2,58,57,52,97,108,26,79,71,615,25
73,65,63,83,82,85,66,50,62,127,135,76,139,141,79,162,142,61,143,144,40,125,122,47,113,132,70,120,136,1002,25
21,8,53,5,36,4,34,60,62,70,83,65,118,73,17,22,70,47,83,52,55,59,91,68,102,72,21,81,55,556,25
81,78,12,34,34,24,73,53,19,97,100,52,64,130,36,70,48,63,97,97,46,70,80,49,122,73,19,72,92,673,25
43,3,63,27,36,45,66,64,57,60,100,57,120,60,66,93,129,14,50,41,16,61,52,11,77,56,3,67,69,571,25
83,3,52,23,50,5,3,45,83,86,166,18,70,21,60,83,112,20,70,43,75,80,125,50,53,55,86,131,89,656,25
75,49,75,32,52,5,44,53,2,51,77,28,103,77,38,70,113,19,71,51,60,65,112,25,69,30,48,101,92,605,25
62,3,53,34,4,36,4,56,58,61,120,49,102,52,58,92,111,67,71,101,59,95,63,40,44,76,73,129,77,656,25
45,4,9,3,30,5,85,33,37,41,82,82,91,86,51,54,60,79,109,82,61,66,91,52,137,57,18,51,103,594,25
65,72,74,44,8,64,33,16,7,79,72,8,82,80,48,92,122,17,25,61,84,148,92,70,103,134,44,60,77,654,25
59,25,62,5,5,55,3,76,31,56,90,60,122,85,81,86,143,65,70,70,68,123,73,77,80,132,7,83,10,679,25
22,10,49,11,86,49,52,15,51,61,73,89,138,99,19,30,68,64,150,75,12,61,98,27,79,76,58,73,110,614,25
85,75,3,42,72,75,55,14,85,160,170,47,50,122,49,91,52,10,82,52,18,93,90,7,62,82,38,52,93,675,25
40,39,72,76,4,73,12,76,5,44,45,31,103,70,89,165,161,46,50,122,28,101,32,59,71,132,26,102,38,676,25
7,12,77,78,77,28,5,14,69,81,76,58,135,70,11,89,88,9,86,87,46,74,123,64,69,92,75,89,80,630,25
56,63,62,87,52,48,67,56,47,110,103,33,95,96,44,131,106,17,69,104,59,107,111,17,84,65,68,124,135,776,26
97,65,76,39,52,41,52,20,39,104,136,70,146,135,26,65,102,92,144,131,64,105,116,41,93,82,82,102,134,856,26
32,40,38,13,16,3,64,57,60,100,92,67,105,107,72,85,110,64,80,77,112,115,128,57,121,60,37,94,101,732,26
65,89,127,51,59,68,16,51,1479,1568,1544,2,129,91,56,107,183,21,80,72,56,124,115,67,83,135,49,100,65,2256,26
118,96,91,87,97,60,77,84,32,128,150,18,109,114,27,114,118,11,108,98,20,80,117,31,108,91,19,103,96,868,26
51,8,58,46,66,51,49,63,65,73,116,88,146,96,26,72,84,39,105,85,22,73,88,42,91,93,32,95,81,706,26
4,8,118,72,86,68,47,91,159,167,163,406,524,414,79,151,197,290,376,362,57,125,143,60,107,128,33,124,80,1578,26
22,18,72,58,88,71,46,52,104,122,126,22,94,40,36,94,108,4,92,62,2,73,90,44,90,115,32,84,78,671,26
77,63,142,72,52,62,44,97,110,173,187,113,255,176,59,131,201,90,142,162,101,163,153,101,145,163,202,299,246,1385,26
112,29,5,29,7,76,54,41,76,105,188,76,81,105,66,95,71,74,81,103,30,106,37,24,78,100,57,98,111,756,26
22,7,6,29,7,16,5,29,425,432,447,132,138,139,194,223,200,109,116,138,194,210,201,113,118,129,169,198,174,1457,26
63,32,86,43,20,39,81,104,72,104,135,44,130,76,38,81,124,34,54,77,70,109,90,26,107,65,3,107,84,755,26
36,30,5,18,6,28,22,17,185,215,221,98,103,128,78,96,83,98,104,116,89,117,95,60,82,88,65,82,87,835,26
87,88,24,91,69,74,34,29,180,268,267,41,65,129,92,183,116,19,88,110,69,143,138,46,80,120,90,119,124,1033,26
19,5,39,4,35,35,76,50,85,90,104,68,107,73,88,92,127,70,105,74,60,95,95,42,118,77,48,98,124,724,26
114,123,126,60,96,73,108,90,18,141,132,4,130,127,26,86,152,41,137,101,107,180,203,442,550,515,24,114,132,1452,26
7,20,77,15,43,39,25,20,114,134,121,234,311,254,69,84,146,344,387,359,82,121,125,935,960,974,169,189,194,2193,26
87,84,108,118,109,86,84,96,77,161,164,56,164,140,69,187,177,55,164,173,68,154,177,66,150,152,80,176,164,1243,26
111,132,100,86,97,99,122,87,185,317,296,53,153,185,75,161,175,56,153,142,89,188,186,41,163,140,67,154,189,1400,26
78,71,97,106,32,25,62,101,85,156,163,105,202,176,114,220,211,115,147,221,86,111,118,126,188,151,2999,3100,3061,4202,26
75,87,51,89,72,99,62,73,34,121,109,40,91,127,38,127,89,11,83,100,34,133,106,29,91,128,22,95,84,816,26
132,130,144,98,108,119,133,153,68,198,200,93,237,223,101,199,245,102,210,200,115,234,223,326,459,445,101,254,234,1923,26
76,150,85,71,32,58,78,77,91,241,167,2,87,152,37,108,122,64,96,135,68,126,100,52,130,110,2,79,80,943,26
131,87,96,114,157,112,112,155,90,177,221,113,209,200,92,206,188,50,207,164,90,202,247,98,210,210,88,243,200,1585,26
135,131,122,135,111,121,118,109,89,220,224,314,436,445,90,225,212,287,398,422,100,221,211,102,220,223,104,213,222,2068,26
24,4,7,4,9,5,16,4,4,8,28,145,152,149,8,12,15,145,154,149,3,8,12,59,75,64,100,104,116,537,26
97,108,121,133,121,103,108,119,126,234,223,68,189,176,78,211,199,31,152,164,101,204,222,110,218,213,278,397,386,1702,26
95,105,117,97,84,84,107,119,182,287,277,83,200,188,282,379,399,125,209,222,104,188,188,315,422,399,103,222,210,2002,26
97,117,285,132,132,108,137,119,22,139,119,66,351,183,55,187,340,31,163,163,44,152,176,45,182,153,38,157,175,1428,26
113,109,75,70,20,41,4,29,4,113,117,45,120,154,1,71,76,37,57,107,42,83,62,77,81,118,101,130,105,768,26
98,109,102,93,110,127,94,110,201,310,299,277,379,386,150,243,252,243,353,336,233,360,343,301,395,428,309,419,403,2557,27
108,110,84,119,118,125,101,118,177,287,285,92,176,202,118,237,202,165,283,284,102,227,220,168,269,293,108,226,209,1813,27
99,91,93,94,119,101,84,92,202,293,301,109,202,200,244,338,337,216,335,310,217,318,336,301,385,402,311,403,395,2373,27
91,76,59,114,151,61,118,110,149,225,240,311,370,387,202,316,261,163,314,277,326,387,477,284,402,345,2097,2207,2215,4312,27
81,94,77,78,93,111,85,92,50,144,131,83,160,177,98,176,175,149,242,227,126,237,219,98,183,209,327,419,412,1642,27
81,92,74,75,85,59,92,100,18,110,99,100,174,192,102,177,176,151,236,226,134,193,219,168,260,227,151,251,243,1482,27
110,85,76,84,94,110,94,94,47,132,157,92,168,177,168,252,244,92,186,176,208,318,302,292,386,402,258,352,352,1904,27
83,102,84,84,119,118,101,118,1014,1116,1097,108,192,210,117,201,201,176,295,260,49,167,168,151,252,269,117,235,218,2541,27
91,85,94,68,84,92,76,68,41,126,132,100,194,185,83,151,177,124,208,192,294,386,378,235,311,327,125,193,201,1660,27
74,102,90,76,85,77,110,101,34,136,108,100,190,202,94,170,184,201,286,277,150,227,235,108,218,185,141,242,251,1543,27
92,77,99,84,85,69,75,119,23,100,115,134,233,211,120,204,219,91,176,175,66,135,151,150,225,219,176,295,251,1460,27
107,103,93,93,75,103,102,144,118,221,225,115,208,218,167,260,260,84,159,177,110,213,185,191,293,294,115,259,217,1720,27
123,110,134,137,149,92,117,133,75,185,198,452,586,562,143,280,277,8,157,145,101,193,250,42,159,134,118,251,235,1934,27
82,104,117,41,85,110,102,112,167,271,249,166,283,270,286,327,403,185,270,226,284,394,369,184,286,294,258,370,360,2283,27
97,93,87,102,85,101,110,152,41,134,138,101,188,194,123,225,210,74,159,176,66,167,151,126,236,227,100,252,210,1458,27
118,102,95,60,68,93,111,76,200,302,318,168,263,270,239,299,334,142,210,202,209,302,277,133,244,226,1795,1871,1906,3609,27
99,111,127,92,111,126,153,102,142,253,241,174,301,285,209,301,336,210,321,302,224,350,335,234,387,360,326,428,479,2440,27
74,77,93,76,101,103,95,118,117,194,191,124,217,201,92,168,185,176,277,252,41,144,142,149,244,252,106,224,201,1542,27
91,80,72,102,92,103,110,110,189,269,280,151,223,231,155,257,227,167,259,269,268,371,360,334,444,437,175,285,285,2199,27
90,101,93,127,101,92,110,126,16,117,106,76,169,177,83,210,176,75,176,202,117,209,218,101,211,193,100,226,210,1408,27
101,76,86,68,93,93,93,102,41,117,142,192,278,268,166,234,252,100,193,168,167,260,260,151,244,244,208,310,301,1737,27
96,110,117,85,92,119,110,142,193,303,289,194,311,304,318,403,435,91,183,176,235,354,327,183,293,302,176,318,286,2261,27
108,75,90,68,60,76,94,93,50,125,158,118,208,193,288,356,378,91,151,159,167,243,227,58,152,134,141,234,235,1577,27
100,91,117,104,109,101,119,151,428,519,528,202,319,293,336,440,453,248,357,352,268,369,377,319,438,420,268,419,387,2961,27
91,95,102,84,85,111,101,110,83,178,174,149,251,244,116,200,218,108,193,192,100,211,185,116,217,227,117,227,218,1568,27
88,93,93,93,126,110,118,143,56,149,144,142,235,235,117,210,210,134,260,227,33,143,159,134,252,244,66,209,184,1546,27
108,112,118,85,68,112,144,93,151,263,259,223,341,335,462,547,580,116,184,201,318,430,386,215,359,327,267,360,411,2592,27
82,113,59,75,92,76,84,93,25,138,107,88,147,201,76,151,135,118,210,193,59,135,151,58,142,134,92,185,176,1190,27
100,78,84,101,76,85,85,101,16,94,116,124,208,202,109,210,193,117,193,218,175,260,251,83,168,168,117,218,202,1451,27
108,70,94,76,103,111,110,170,50,120,158,114,208,184,91,167,185,217,320,293,191,302,294,133,243,244,57,227,167,1695,27
53,96,66,78,60,66,61,71,65,161,118,181,247,277,83,161,149,187,247,265,92,158,152,185,246,251,95,166,156,1439,28
65,79,86,94,86,123,106,77,125,204,190,83,169,162,77,171,163,100,186,194,128,251,214,72,178,195,101,178,207,1402,28
56,61,87,77,69,77,89,77,160,221,216,117,204,178,339,416,426,119,188,196,101,178,170,92,181,169,120,197,209,1641,28
58,85,101,77,69,6,78,36,161,246,219,153,254,238,182,259,283,337,406,414,205,211,274,26,104,32,340,376,418,1914,28
54,85,87,95,102,84,53,61,203,288,257,93,180,178,91,186,178,77,179,172,185,269,287,95,148,179,100,161,153,1465,28
59,87,51,70,53,70,70,54,160,247,219,137,188,224,116,186,167,237,290,307,108,178,161,83,153,153,100,154,170,1455,28
49,66,76,78,59,66,70,79,268,334,317,182,258,248,231,309,307,221,280,299,214,280,273,160,230,226,160,239,230,1979,28
70,76,88,95,83,73,77,85,212,288,282,161,249,237,116,211,204,326,409,421,245,318,328,227,304,300,194,279,271,2128,28
71,60,51,77,91,76,91,79,220,280,291,414,465,474,239,316,290,178,269,255,165,241,256,149,240,225,123,202,214,2084,28
36,64,61,61,42,52,57,61,100,164,136,183,244,247,101,162,162,204,246,265,101,153,143,198,255,250,93,154,150,1414,28
88,86,92,69,85,76,79,78,178,264,266,214,306,300,162,231,254,151,236,220,259,335,344,192,271,268,176,254,255,1985,28
77,86,95,96,84,81,91,70,92,178,169,93,188,179,153,249,248,136,220,232,108,189,192,81,172,162,88,158,179,1431,28
39,97,87,50,72,79,86,82,176,273,215,73,160,170,256,306,343,126,198,176,72,151,144,93,179,172,74,156,160,1462,28
24,95,94,113,66,69,87,69,135,230,159,171,265,266,168,281,262,136,202,249,135,204,201,152,239,221,134,203,221,1648,28
47,80,84,74,75,85,53,61,204,284,251,227,311,307,198,272,282,181,256,255,118,203,193,305,358,390,143,204,196,1935,28
89,77,70,86,69,105,96,96,111,188,200,100,170,177,100,186,170,101,170,187,101,206,170,74,170,179,92,188,188,1367,28
37,79,48,62,70,82,98,104,100,179,137,275,323,354,108,170,156,109,179,171,83,165,153,63,161,145,63,167,161,1381,28
47,78,69,79,68,80,95,94,117,195,164,134,203,212,111,190,180,134,202,213,135,215,203,98,193,178,85,179,180,1424,28
52,80,78,96,61,69,71,93,153,233,205,107,185,187,91,187,169,83,144,179,92,161,153,102,173,171,49,142,120,1277,28
61,64,87,86,104,100,93,88,478,542,539,204,291,268,126,212,213,101,205,187,154,254,258,165,258,265,106,194,199,2017,28
61,78,96,63,77,91,85,71,228,306,289,142,238,220,379,442,475,272,349,335,232,323,309,172,257,263,116,187,201,2163,28
48,86,86,72,51,63,69,53,178,264,226,169,255,255,135,207,221,135,186,207,134,197,185,116,185,179,134,187,203,1529,28
39,84,53,62,80,68,62,85,152,236,191,142,195,226,143,205,196,73,153,135,230,298,310,108,170,176,82,167,144,1463,28
48,52,62,79,86,86,71,69,363,415,411,100,162,152,74,153,136,75,161,154,76,162,162,66,137,152,74,143,145,1381,28
50,98,72,79,64,80,96,63,234,332,284,135,207,233,124,203,196,125,189,204,89,169,153,184,280,264,99,162,195,1592,28
53,78,79,96,87,70,87,78,92,170,145,66,145,144,74,170,153,41,128,137,135,205,222,92,179,162,82,160,169,1210,28
61,70,69,86,66,76,79,95,248,318,309,229,298,299,227,313,296,233,299,319,229,305,295,160,239,236,100,195,179,2028,28
61,74,93,77,76,63,94,66,215,289,276,206,299,280,178,255,271,203,279,280,202,265,278,193,287,256,181,247,275,1982,28
60,87,79,61,76,77,85,95,159,246,219,117,196,204,127,188,206,111,187,172,100,177,176,110,195,187,50,145,135,1394,28
54,92,85,113,96,89,64,57,179,271,233,162,247,254,151,264,236,110,206,223,106,195,202,141,205,230,123,180,187,1622,28
62,70,97,66,64,54,52,54,131,201,193,52,149,122,19,85,116,68,132,134,35,89,99,83,135,137,3,57,55,910,29
109,140,103,74,123,58,87,72,32,172,141,52,155,192,158,232,261,2,125,76,16,74,139,23,110,81,59,131,146,1108,29
114,99,100,81,92,60,101,14,31,130,145,8,108,107,2,83,102,4,96,85,25,85,117,27,128,87,61,75,162,819,29
114,92,120,119,122,121,153,111,79,171,193,67,187,159,89,208,209,73,195,192,56,177,178,28,181,149,63,174,216,1407,29
96,119,57,86,40,88,15,77,30,149,126,35,92,154,42,128,99,40,80,126,41,129,81,78,93,166,27,104,42,871,29
85,147,90,125,56,108,63,17,87,234,172,2,92,149,44,169,134,10,66,135,135,243,191,76,139,184,79,96,142,1124,29
122,133,60,101,56,96,39,117,300,433,422,27,87,160,22,123,82,34,90,135,26,122,82,31,70,127,28,145,67,1192,29
103,119,108,94,99,111,78,80,27,146,130,2,110,121,2,96,110,2,101,96,2,113,101,4,82,115,17,97,95,848,29
65,65,81,81,91,65,54,73,107,172,172,102,183,167,105,186,186,103,194,184,99,164,190,5439,5493,5504,112,185,166,6642,29
54,106,80,99,86,101,58,110,19,125,73,16,96,122,14,113,94,14,100,113,3,104,89,14,72,115,18,128,76,792,29
115,131,124,101,92,70,128,88,114,245,229,28,152,159,2,103,126,39,131,140,31,101,123,25,153,95,20,108,148,1108,29
50,33,80,35,74,79,31,65,34,67,84,84,164,117,2,37,82,91,165,126,130,209,204,51,82,130,44,109,75,883,29
105,105,87,108,65,90,78,134,33,138,138,2,89,107,3,111,90,17,82,125,2,92,67,23,101,113,13,147,91,865,29
61,76,45,71,38,83,22,82,85,161,146,2,47,78,85,156,130,19,57,90,99,182,137,41,63,124,79,161,101,888,29
87,88,102,54,109,56,100,99,105,193,192,67,169,155,4,58,106,84,193,138,33,89,142,77,177,133,94,193,194,1159,29
136,107,97,73,89,79,110,46,122,229,258,34,131,141,2,75,99,74,163,147,2,81,91,17,127,96,28,74,138,1016,29
109,120,68,118,81,116,75,120,37,157,146,27,95,147,68,186,136,2,83,120,24,140,105,17,92,133,27,147,102,1009,29
54,49,34,22,34,30,60,21,135,184,189,93,127,142,36,58,70,109,143,131,2,32,36,76,136,106,36,57,96,791,29
49,89,132,72,118,75,102,85,144,233,193,3,135,92,19,91,151,44,162,116,21,96,139,23,125,98,107,192,209,1083,29
77,75,50,47,56,65,67,49,78,153,155,16,66,91,79,126,129,26,82,73,69,134,125,27,94,92,69,118,136,850,29
53,65,69,85,48,50,63,47,4,69,57,101,170,166,56,141,125,40,88,125,71,121,119,33,96,83,79,126,142,864,29
93,140,90,121,82,119,86,108,129,269,222,2,92,142,46,167,136,2,84,123,35,154,117,11,97,130,40,148,126,1104,29
124,11,118,127,12,104,39,84,28,39,152,298,416,309,41,168,159,71,83,198,20,124,32,31,70,135,33,117,72,1141,29
101,219,21,108,71,117,68,111,29,248,130,3,24,222,2,110,23,25,96,133,43,160,114,18,86,135,48,159,116,984,29
125,109,152,23,119,90,110,66,385,494,510,33,185,142,49,72,201,28,147,51,2,92,121,27,137,117,11,77,121,1329,29
91,135,11,134,101,114,100,141,46,181,137,72,83,207,64,198,75,69,170,203,7,121,108,19,119,133,18,159,118,1122,29
67,74,74,75,84,75,94,98,186,260,253,50,124,124,43,118,117,42,126,117,19,94,103,30,124,105,2,100,96,1013,29
120,71,73,81,74,92,74,68,29,100,149,53,126,124,1,82,74,40,114,121,2,94,76,32,106,124,21,89,95,831,29
94,65,92,102,108,66,39,69,101,166,195,28,120,93,4,106,96,5,113,107,42,108,150,45,84,111,50,119,89,910,29
69,73,55,57,54,76,64,80,61,134,130,28,83,101,70,127,125,29,83,86,44,120,98,10,74,86,50,130,114,820,29
113,60,118,91,118,71,59,37,29,89,142,14,132,74,8,99,126,31,149,122,30,101,148,40,99,111,64,101,123,883,30
137,79,55,67,4,26,58,55,31,110,168,68,123,147,57,124,112,97,101,164,57,83,61,66,124,92,54,109,112,911,30
148,24,3,4,18,34,6,65,86,110,234,104,107,128,116,120,119,96,114,100,76,110,94,75,81,109,94,159,100,949,30
57,75,69,78,96,93,79,102,107,182,164,124,193,199,104,182,173,105,201,183,112,205,208,144,223,237,82,184,161,1427,30
64,67,77,73,78,86,93,103,124,191,188,97,174,164,93,166,170,81,159,154,113,199,191,80,173,166,89,192,182,1318,30
109,114,111,118,108,119,118,107,60,174,169,81,192,195,64,182,175,66,174,184,55,174,163,48,166,167,58,165,176,1336,30
121,86,69,45,44,10,27,7,9,95,130,30,99,116,63,108,132,55,99,100,80,90,124,99,126,109,99,106,126,844,30
132,35,7,12,3,60,35,27,48,83,180,83,90,118,123,135,130,98,101,110,98,158,101,46,81,106,73,100,108,880,30
132,4,126,71,123,74,117,74,84,88,216,4,130,8,13,84,139,2,125,73,16,90,139,2,119,76,24,98,141,866,30
24,4,136,21,84,32,82,10,93,97,117,63,199,67,3,24,139,81,165,102,34,66,118,64,146,96,54,64,136,785,30
99,123,78,4,68,105,71,4,1,124,100,5,83,128,120,124,198,23,91,27,2,107,70,39,110,144,87,91,158,829,30
82,113,76,128,32,126,71,123,30,143,112,2,78,115,8,136,84,56,88,184,24,150,56,2,73,128,23,146,94,896,30
127,22,112,69,103,62,123,6,19,41,146,67,179,89,1,70,113,33,136,102,1,63,104,33,156,95,49,55,172,827,30
105,120,137,135,146,135,136,63,71,191,176,37,174,157,40,175,177,38,184,173,16,151,162,51,187,186,21,84,157,1251,30
112,127,129,128,123,105,90,101,80,207,192,73,202,200,61,189,190,106,229,234,112,217,235,93,183,198,97,198,187,1537,30
121,19,88,74,99,80,109,84,35,54,156,88,176,107,31,105,119,33,132,107,31,111,130,5,114,85,23,107,132,920,30
111,107,105,106,127,117,77,98,102,209,213,92,197,199,103,209,208,113,240,219,90,207,217,124,201,241,125,223,202,1597,30
69,33,125,79,4,78,80,44,38,71,107,58,183,91,14,93,139,103,107,182,56,134,60,1,81,79,57,101,137,839,30
156,100,112,95,99,72,76,6,1,101,157,1,113,101,20,115,132,3,102,98,63,135,162,38,114,110,119,125,195,961,30
125,5,134,85,119,76,82,43,88,93,213,4,138,9,24,109,158,12,131,97,24,100,143,34,116,110,51,94,133,906,30
123,33,82,3,23,72,33,115,69,102,192,32,114,65,74,77,156,90,113,93,84,156,107,54,87,126,75,190,108,962,30
89,125,81,112,80,123,89,4,8,133,97,2,83,127,22,134,103,2,82,114,5,128,85,1,90,124,111,115,200,854,30
122,89,125,5,103,49,110,52,2,91,124,23,148,112,85,90,210,9,112,14,32,81,135,23,133,72,15,67,125,844,30
111,54,111,25,87,33,38,10,31,85,142,36,147,90,31,56,142,40,127,65,47,80,134,64,102,97,65,75,103,783,30
86,94,65,79,34,91,24,60,24,118,110,24,89,118,41,120,106,46,80,125,56,147,90,52,76,143,109,169,133,885,30
56,3,81,3,91,34,94,52,80,83,136,160,241,163,87,90,168,32,123,35,43,77,134,57,151,91,31,83,125,904,30
126,127,125,108,52,33,69,12,66,193,192,84,209,211,90,198,215,108,160,216,71,104,123,83,152,116,64,76,133,1218,30
91,67,79,19,41,4,21,26,48,115,139,56,135,123,64,83,143,87,128,106,82,86,123,79,100,83,80,106,101,844,30
114,143,116,100,102,103,119,101,98,241,212,116,232,259,99,199,215,115,217,215,359,462,461,107,226,210,88,189,207,1880,30
74,75,89,75,68,82,89,75,108,183,182,118,207,193,116,191,205,107,175,182,333,415,401,89,178,171,85,160,174,1583,30
88,97,90,87,52,28,12,12,81,178,169,2,92,99,2,89,92,27,79,114,44,72,96,119,131,147,59,71,71,800,31
99,31,29,39,12,63,39,71,50,81,149,59,88,90,81,120,110,52,64,91,55,118,67,38,77,101,37,108,76,755,31
105,99,125,100,119,100,108,107,245,344,350,159,284,258,294,394,419,244,363,344,198,298,317,199,307,299,238,345,346,2440,31
90,85,112,119,103,102,101,86,105,190,195,98,210,183,65,184,177,48,151,167,73,175,176,66,167,168,74,160,175,1327,31
98,78,59,77,119,102,91,83,91,169,189,108,167,186,108,185,167,98,217,175,334,436,453,76,167,178,66,149,157,1588,31
102,84,102,94,93,110,104,118,77,161,179,74,176,158,56,150,158,66,159,160,66,176,159,39,143,149,183,301,287,1368,31
72,104,110,78,67,77,72,97,90,194,162,63,173,167,91,169,201,82,149,160,92,169,159,120,192,197,121,218,193,1336,31
101,95,118,93,103,67,75,93,99,194,200,75,193,170,83,176,201,73,176,166,92,159,195,134,209,201,91,184,166,1392,31
114,78,62,9,17,4,61,70,25,103,139,40,102,118,57,66,119,185,202,194,61,65,78,92,153,96,2,72,63,877,31
87,36,12,62,52,55,93,50,139,175,226,83,95,119,36,98,48,33,85,95,54,109,106,33,126,88,21,71,114,846,31
95,64,12,13,21,108,66,97,15,79,110,52,64,116,84,97,96,78,99,91,33,141,54,2,68,110,1,98,67,741,31
71,63,39,3,12,86,86,68,15,78,86,37,76,100,57,60,96,86,98,89,48,134,60,3,89,89,1,69,87,675,31
63,114,84,86,101,93,92,76,158,272,221,96,180,210,82,168,166,83,184,169,75,168,176,75,167,168,75,151,167,1353,31
77,101,91,101,101,114,126,85,73,174,150,93,184,194,93,194,184,66,167,167,72,186,173,81,207,195,65,150,191,1339,31
113,126,124,162,144,110,109,92,127,253,240,159,283,285,156,318,280,132,276,294,127,237,271,191,300,301,192,284,301,2064,31
68,78,19,15,4,81,94,80,18,96,86,61,80,139,75,90,94,75,79,90,88,169,92,11,105,92,18,98,112,785,31
105,73,92,69,102,101,84,92,88,161,193,134,226,207,108,177,200,98,200,167,108,209,210,249,333,350,84,176,168,1587,31
108,98,52,107,93,52,133,82,86,184,194,90,142,188,144,251,196,75,168,182,191,243,284,119,252,171,93,175,226,1523,31
93,99,84,96,109,97,83,75,84,183,177,102,186,201,82,178,166,80,189,176,83,180,192,105,188,202,102,177,185,1374,31
84,102,80,110,85,101,109,94,83,185,167,80,160,182,81,191,161,64,149,174,109,210,194,75,184,176,99,193,208,1356,31
102,79,53,112,91,86,102,60,82,161,184,106,159,185,114,226,167,226,317,338,73,159,164,90,192,176,74,134,176,1450,31
98,85,101,66,76,85,82,102,66,151,164,83,184,168,93,159,194,100,176,166,75,160,151,93,175,178,74,176,156,1279,31
101,94,93,94,104,82,83,95,82,176,183,66,159,160,65,159,158,81,185,175,74,156,178,78,161,160,55,150,138,1247,31
86,95,94,68,56,110,120,94,80,175,166,47,141,142,91,159,185,99,155,167,53,163,109,64,184,174,82,176,202,1239,31
114,55,51,70,87,104,110,61,81,136,195,97,148,152,82,152,133,107,194,177,64,168,151,54,164,158,217,278,327,1354,31
56,95,101,101,87,91,97,102,89,184,145,73,174,168,67,168,168,75,162,176,100,191,187,87,184,178,65,167,162,1286,31
93,101,93,97,68,109,94,104,68,169,161,58,151,159,57,154,150,79,147,176,76,185,144,48,142,157,56,160,150,1201,31
106,82,18,14,30,27,70,82,129,211,235,72,90,154,90,104,108,88,118,102,35,62,65,100,170,127,55,137,125,998,31
63,111,100,109,93,76,98,101,149,260,212,75,175,186,93,202,193,73,166,182,93,169,186,97,195,173,71,172,169,1402,31
84,101,107,99,109,144,115,163,276,377,360,178,285,279,503,602,610,150,259,249,260,404,369,309,424,453,379,542,494,2977,31
92,105,70,85,55,92,51,98,109,214,201,33,103,138,76,161,146,76,131,161,227,319,282,29,80,121,177,275,228,1375,32
110,85,112,90,69,102,9,11,59,144,169,94,206,179,212,302,324,89,158,179,111,213,180,85,94,187,178,189,187,1416,32
34,37,61,106,69,123,78,87,141,178,175,194,255,231,75,181,136,5,74,111,136,259,205,73,151,196,110,197,188,1329,32
85,43,68,112,96,70,71,52,16,59,101,128,196,171,34,146,102,50,146,162,99,169,195,84,155,154,83,135,154,1091,32
119,79,69,69,94,54,54,94,93,172,212,117,186,196,101,170,170,86,180,155,42,96,136,142,196,196,134,228,188,1347,32
106,47,89,3,38,10,47,3,35,82,141,64,153,111,56,59,145,92,130,95,39,49,77,109,156,119,106,109,153,844,32
74,51,96,112,87,86,111,55,119,170,193,136,232,187,135,247,231,84,171,196,143,229,230,61,172,147,118,173,229,1468,32
51,77,88,96,63,88,87,70,131,208,182,170,258,247,125,221,213,126,189,222,201,289,264,108,195,196,109,179,196,1590,32
91,61,88,53,46,97,62,71,110,171,201,126,214,187,135,188,223,210,256,263,142,239,188,210,272,307,228,299,290,1730,32
67,88,52,79,83,106,79,75,100,188,167,50,102,138,110,189,162,49,132,128,79,185,162,25,104,131,134,209,213,1176,32
132,104,90,70,122,78,94,122,274,378,406,152,242,256,124,194,214,50,172,120,82,160,204,120,214,198,134,256,228,1748,32
72,78,53,53,54,44,62,113,102,180,174,135,188,213,143,196,196,152,206,205,117,161,171,160,222,204,118,231,180,1456,32
5,26,46,53,35,86,71,96,180,206,185,152,198,178,151,204,197,177,212,230,153,239,188,152,223,238,134,230,205,1517,32
52,87,5,46,3,19,47,52,93,180,145,46,51,133,125,171,130,55,58,101,135,154,138,32,79,51,107,159,154,904,32
49,95,61,78,53,96,53,61,84,179,133,41,102,136,84,162,145,41,94,119,118,214,171,57,110,153,178,239,231,1149,32
83,34,78,31,10,23,53,79,60,94,143,85,163,119,11,42,89,119,129,150,50,73,60,87,140,110,15,94,68,818,32
74,45,79,13,92,65,88,57,117,162,191,109,188,154,119,132,198,6,98,19,58,123,150,81,169,146,2,59,90,1005,32
66,96,113,70,80,70,71,115,135,231,201,92,205,188,101,171,214,117,197,187,111,181,191,123,194,193,32,147,103,1392,32
83,104,70,71,70,64,113,65,143,247,226,136,206,240,151,222,221,135,205,206,134,198,204,124,237,188,152,217,265,1615,32
58,79,109,96,60,15,10,94,124,203,182,153,262,232,111,207,220,102,162,198,119,134,179,115,125,130,23,117,33,1268,32
84,69,138,62,52,95,130,26,110,179,194,161,299,230,102,164,240,185,237,247,162,257,214,109,239,204,118,144,248,1603,32
101,44,53,77,100,44,36,87,25,69,126,126,179,170,110,187,163,84,184,161,79,123,179,127,163,171,76,163,112,1169,32
50,60,85,17,25,52,78,19,110,170,160,87,172,147,101,118,186,77,102,94,85,137,110,25,103,77,84,103,162,955,32
84,88,60,87,104,86,61,119,554,642,638,126,186,214,144,231,204,402,506,489,141,227,245,144,205,230,238,357,299,2438,32
47,35,24,95,69,29,35,72,162,197,209,128,152,163,1,96,25,67,136,162,128,157,197,140,175,169,127,199,162,1159,32
43,61,94,65,86,53,70,86,117,178,160,119,213,180,128,193,222,131,217,196,135,188,221,118,188,171,163,249,233,1469,32
82,77,86,114,94,106,69,69,206,283,288,119,205,196,59,173,145,32,126,146,75,181,169,15,84,121,83,152,152,1286,32
33,88,79,112,68,55,63,104,154,242,187,90,169,178,50,162,129,17,85,129,126,181,194,108,171,163,90,194,153,1237,32
76,79,19,62,12,10,4,54,32,111,108,32,51,111,93,155,112,24,36,86,117,127,129,81,85,91,73,127,77,768,32
84,53,63,60,70,110,60,86,59,112,143,117,180,170,109,169,172,76,146,136,33,143,103,78,138,188,162,248,222,1220,32
102,102,79,133,98,86,97,76,117,219,219,185,264,287,282,415,361,175,273,308,93,179,191,256,353,342,304,380,401,2185,33
116,76,108,109,107,117,131,97,459,535,575,190,298,266,178,287,286,126,233,235,82,199,189,266,397,383,373,470,504,2535,33
104,116,108,107,85,128,117,107,412,528,516,127,235,243,83,190,191,108,193,215,156,284,241,190,307,318,297,404,414,2245,33
167,111,87,89,110,98,77,77,90,201,257,176,263,287,136,225,223,132,242,221,114,212,224,231,308,329,423,500,500,2118,33
76,110,97,76,118,67,97,107,195,305,271,72,169,182,83,159,180,327,445,403,94,161,212,134,231,201,158,265,255,1811,33
123,110,100,88,121,78,97,108,35,145,158,59,159,169,136,224,236,431,552,519,1154,1232,1275,210,307,288,178,286,275,3028,33
65,110,140,128,118,88,97,127,378,488,443,125,265,235,104,232,244,137,255,265,135,223,253,158,255,246,210,337,307,2120,33
128,87,66,87,99,97,107,66,125,212,253,136,202,223,167,254,233,169,268,256,101,198,200,127,234,224,94,160,201,1656,33
143,116,98,77,118,108,119,120,6,122,149,74,172,190,283,360,381,166,284,243,105,213,223,83,202,191,28,148,147,1644,33
88,121,85,76,108,108,106,17,113,234,201,112,197,233,84,160,169,93,201,169,147,255,255,94,200,202,234,251,340,1586,33
74,108,131,88,77,87,130,107,113,221,187,83,214,191,91,179,222,93,170,181,212,299,289,253,383,340,136,243,266,1783,33
111,162,72,118,89,129,108,88,39,201,150,4,76,166,59,177,131,51,140,169,70,199,159,127,235,256,1258,1346,1366,2485,33
130,141,87,106,78,118,97,86,1,142,131,38,125,179,30,136,117,64,142,170,388,506,466,157,254,275,94,180,191,1615,33
137,131,96,96,135,76,107,88,19,150,156,19,115,150,19,115,115,40,175,136,100,176,235,169,276,245,1399,1487,1506,2631,33
53,86,135,108,137,117,132,119,275,361,328,137,272,223,110,218,245,84,221,192,518,635,655,159,291,276,101,220,233,2271,33
66,122,130,119,88,109,131,128,244,366,310,113,243,235,133,252,263,602,690,721,285,394,373,324,455,433,334,462,465,2928,33
68,109,108,138,161,118,88,138,200,309,268,135,243,244,115,253,223,96,257,234,209,327,370,222,310,340,274,412,362,2179,33
109,108,118,96,118,6,96,149,58,166,167,52,170,160,42,138,160,41,159,137,287,293,405,683,779,689,169,318,265,2132,33
101,129,129,139,139,119,129,128,128,257,229,102,231,231,85,224,214,61,200,200,96,215,235,38,167,157,519,647,648,2042,33
98,76,98,77,119,143,87,96,209,285,307,191,289,267,232,309,330,265,384,342,212,355,331,363,450,506,459,555,546,2725,33
76,77,77,56,45,78,140,98,37,114,113,95,172,172,19,75,96,191,236,247,126,204,171,124,264,202,191,289,331,1430,33
57,88,75,88,77,99,89,97,180,268,237,61,136,149,74,162,149,63,140,151,146,245,223,296,385,395,244,341,333,1734,33
79,76,77,33,85,88,76,76,111,187,190,116,193,192,169,202,246,172,257,205,179,267,264,191,267,279,397,473,473,1925,33
42,79,77,75,76,78,74,66,732,811,774,296,373,375,51,126,128,96,172,171,30,108,106,62,136,140,74,140,148,1908,33
104,86,144,90,57,56,74,87,113,199,217,41,185,127,27,117,171,103,160,193,19,75,76,223,297,279,137,224,211,1361,33
116,54,97,45,86,76,98,7,175,229,291,96,193,150,116,161,213,224,310,269,256,332,342,591,689,667,528,535,626,2565,33
75,132,67,76,66,74,64,96,255,387,330,60,127,192,83,159,150,222,288,298,151,225,217,179,243,253,118,214,182,1718,33
55,97,55,86,65,85,75,100,305,402,360,148,203,245,149,235,204,138,203,224,160,245,225,97,172,182,169,269,244,1784,33
56,88,78,68,77,65,139,90,201,289,257,94,172,182,125,193,203,102,179,170,265,330,342,96,235,161,449,539,588,1993,33
66,68,33,68,117,133,54,75,52,120,118,169,202,237,19,87,52,446,563,514,87,220,204,281,335,414,128,203,182,1796,33
111,89,72,104,77,131,100,72,47,136,158,2,74,91,37,141,109,3,80,107,17,148,94,2,102,133,5,77,105,869,34
103,7,8,8,13,58,10,77,82,89,185,108,116,115,97,105,105,105,118,113,64,122,77,78,88,136,55,132,65,873,34
71,62,78,61,97,72,94,67,12,74,83,38,116,100,2,63,80,40,137,101,2,74,99,2,96,74,29,96,123,727,34
76,98,106,114,74,101,50,43,6,104,82,17,123,115,24,138,130,4,78,118,70,171,144,19,69,120,97,140,147,899,34
50,39,94,104,89,92,88,67,30,69,80,42,136,81,4,108,98,115,204,219,4,96,93,3,91,95,4,71,92,825,34
116,105,20,90,45,93,118,105,56,161,172,3,23,108,69,159,89,26,71,116,60,153,105,3,121,96,4,109,122,913,34
112,45,9,77,32,108,45,101,119,164,231,61,70,106,57,134,66,40,72,117,50,158,82,11,56,119,36,137,81,903,34
98,91,56,58,25,77,38,90,44,135,142,5,61,96,60,118,116,46,71,104,109,186,134,51,89,128,81,171,119,929,34
101,101,80,92,113,103,121,97,19,120,120,2,82,103,49,141,129,2,115,94,22,125,135,4,125,107,59,156,180,965,34
92,69,80,96,105,85,104,87,6,75,98,51,131,120,2,98,82,17,122,113,147,232,252,16,120,101,3,90,107,960,34
100,77,101,69,92,99,83,67,4,81,104,7,108,84,25,94,126,14,106,83,28,127,120,2,85,101,39,106,122,807,34
91,55,101,33,118,91,117,67,41,96,132,134,235,189,28,61,129,83,201,116,1,92,119,25,142,116,3,70,120,988,34
89,97,92,33,9,77,55,61,91,188,180,26,118,123,27,60,119,50,59,83,38,115,47,68,123,145,16,77,71,829,34
135,88,48,70,4,49,37,99,27,115,162,22,70,110,50,120,98,47,51,117,83,132,87,45,82,94,47,146,84,851,34
111,69,25,93,34,65,93,105,58,127,169,36,61,105,91,184,116,22,56,115,97,162,131,3,96,68,37,142,130,939,34
117,66,103,103,55,109,44,33,3,69,120,2,105,68,52,155,155,2,57,105,83,192,138,137,181,246,52,85,96,961,34
83,113,69,92,11,44,12,55,4,117,87,3,72,116,38,130,107,42,53,134,121,165,132,56,68,100,101,156,113,844,34
57,98,91,42,65,104,90,100,104,202,161,71,162,169,13,55,104,77,142,119,2,106,67,29,119,133,3,103,93,946,34
119,108,76,100,78,116,79,106,2,110,121,2,78,110,23,123,99,2,80,102,23,139,101,4,83,120,44,150,123,882,34
35,71,86,105,112,58,99,79,3,74,38,72,158,143,2,107,88,143,255,248,2,60,114,65,164,123,4,83,103,936,34
104,72,8,30,134,91,90,87,83,155,187,60,68,132,224,254,232,58,192,88,26,117,160,4,94,95,58,145,148,1129,34
105,64,102,77,101,103,95,96,6,70,111,39,141,103,3,80,105,29,130,106,13,116,114,3,98,106,21,117,116,857,34
134,65,98,89,74,80,51,91,7,72,141,1,99,66,24,113,122,4,78,93,44,124,118,17,68,97,54,145,105,833,34
110,92,57,90,97,81,80,89,81,173,191,4,61,96,449,539,506,19,116,109,2,83,99,28,108,109,58,147,138,1337,34
76,77,123,73,117,79,90,90,5,82,81,11,134,88,4,77,127,1,118,74,5,84,122,3,93,82,18,108,108,772,34
115,45,18,78,75,96,69,119,78,123,193,24,42,69,115,193,133,2,77,80,79,175,154,3,72,99,63,182,132,979,34
72,98,100,104,61,109,33,72,3,101,75,2,102,100,24,128,124,4,65,108,30,139,91,20,53,129,50,122,83,782,34
138,111,73,115,25,114,43,66,2,113,140,2,75,113,17,132,90,31,56,146,39,153,64,4,47,118,64,130,107,844,34
104,33,71,6,66,48,92,24,16,49,120,67,138,100,42,48,113,82,148,88,46,94,112,40,132,88,35,59,127,772,34
60,42,84,82,90,99,56,27,29,71,89,42,126,84,4,86,88,8,98,90,6,105,96,5,61,104,163,190,219,797,34
51,49,82,51,66,66,35,58,370,419,421,346,428,395,329,380,411,338,404,389,609,675,675,741,776,807,410,468,445,3601,35
74,74,124,116,116,117,76,109,321,395,395,362,486,436,329,445,453,296,412,412,295,412,411,246,322,363,188,297,264,2843,35
77,67,42,28,74,92,116,74,340,407,417,304,346,371,411,439,453,311,385,339,313,405,387,270,386,362,346,420,462,2865,35
79,99,100,91,116,100,66,115,266,365,345,296,396,395,312,403,412,288,404,379,329,429,445,287,353,387,256,371,322,2800,35
103,68,103,118,132,91,92,75,266,334,369,278,381,346,344,462,447,310,442,428,346,437,478,321,413,412,435,510,527,3082,35
87,99,92,116,124,117,118,75,241,340,328,313,405,412,320,436,412,329,453,445,650,767,774,205,323,322,384,459,502,3270,35
75,98,78,125,74,82,67,49,354,452,429,477,555,575,335,460,413,436,510,561,931,1013,1005,568,635,650,396,445,463,4145,35
71,49,89,58,67,75,91,106,339,388,410,340,429,389,726,784,815,353,420,411,320,395,387,708,799,783,280,386,371,3672,35
115,74,51,116,91,125,108,99,254,328,369,355,406,429,295,411,346,271,362,387,288,413,379,238,346,363,263,362,371,2743,35
108,157,124,141,108,58,124,118,187,344,295,222,346,379,305,446,429,304,412,445,271,329,379,239,363,297,304,422,428,2770,35
65,74,108,123,42,67,125,132,337,411,402,230,338,304,305,428,413,355,397,478,345,412,387,287,412,354,279,411,404,2874,35
102,116,92,133,99,82,124,124,283,399,385,337,429,453,246,379,338,338,437,471,280,362,379,297,421,379,279,403,403,2932,35
117,142,148,149,133,157,124,140,227,369,344,287,435,429,338,487,486,287,420,436,287,444,420,288,412,445,642,782,766,3466,35
97,67,117,123,58,26,92,58,321,388,418,330,447,397,278,401,395,371,429,494,354,380,412,304,396,330,2158,2216,2250,4754,35
60,58,93,111,149,85,50,75,359,417,419,320,413,378,254,365,347,573,722,684,412,497,561,359,409,444,354,429,404,3312,35
155,140,115,132,157,182,198,189,354,494,509,387,502,527,305,437,420,255,412,387,205,387,362,296,494,478,305,494,503,3375,35
66,74,89,92,107,90,91,108,362,436,428,174,263,248,330,422,419,246,353,338,338,428,445,272,363,362,173,281,264,2612,35
111,142,190,174,141,66,83,99,257,399,368,197,387,339,625,799,815,321,462,495,534,600,675,354,437,420,279,378,362,3573,35
131,149,150,190,167,159,181,148,221,370,352,263,413,412,287,477,437,321,488,511,854,1013,1021,633,814,792,271,419,452,4125,35
66,148,107,148,124,131,159,157,329,477,395,297,404,445,239,387,346,288,412,436,264,395,388,280,439,411,220,377,379,2957,35
132,166,165,157,149,124,107,215,195,361,327,238,403,404,313,470,478,263,412,420,296,420,445,354,461,478,181,396,288,3055,35
122,148,141,140,109,149,183,27,189,337,311,296,437,444,271,411,412,263,372,403,271,420,380,221,404,370,204,231,387,2734,35
89,75,117,123,9,92,107,99,246,321,335,279,396,354,157,280,274,156,165,279,148,240,157,345,452,437,329,428,436,2371,35
107,127,117,157,182,132,149,141,226,353,333,246,363,373,343,500,460,247,429,404,321,453,503,296,445,428,296,437,445,3087,35
105,108,93,19,82,108,101,98,223,331,328,328,421,436,484,503,577,73,155,92,387,495,469,378,479,486,328,426,429,2915,35
141,116,157,140,165,157,140,165,310,426,451,272,429,388,280,420,437,198,363,338,280,437,445,263,403,420,296,461,436,3080,35
43,66,100,126,141,74,90,108,350,416,393,321,421,387,297,423,397,302,443,428,346,420,487,313,403,387,321,429,411,2998,35
91,132,116,133,100,83,82,116,203,335,294,371,487,503,197,330,313,337,437,470,279,362,379,404,486,487,296,412,378,2940,35
99,132,100,156,190,165,117,140,648,780,747,197,297,329,675,831,775,214,404,370,305,470,495,303,420,468,1408,1548,1525,4849,35
116,133,83,107,124,109,117,132,624,757,740,312,395,445,346,453,429,280,404,387,279,388,403,237,354,346,270,402,387,3269,35
96,115,96,117,101,109,134,54,140,255,236,700,796,815,351,468,447,775,876,892,135,244,236,373,507,482,111,165,245,3407,36
111,147,110,88,108,109,128,135,332,479,443,104,214,251,160,248,270,129,237,217,150,259,258,74,202,183,13,148,141,1898,36
66,153,76,139,101,49,33,51,79,232,145,123,199,276,100,239,176,59,160,198,74,123,175,105,138,154,97,148,130,1305,36
93,148,113,125,148,112,111,130,91,239,184,118,231,266,103,228,216,85,233,210,60,172,208,116,227,228,112,242,223,1665,36
104,98,130,109,114,115,89,35,661,759,765,64,194,162,21,130,151,108,222,217,27,142,141,79,168,194,52,87,141,1806,36
102,98,93,129,135,139,117,120,153,251,255,324,417,422,642,771,735,335,470,464,111,250,246,114,231,253,1141,1261,1258,3753,36
106,135,121,131,107,144,131,123,124,259,230,513,634,648,115,246,236,89,196,220,904,1048,1011,330,461,474,291,414,422,3364,36
93,120,70,79,20,18,51,71,2,122,95,37,107,157,47,126,117,54,74,133,124,142,144,22,73,40,67,138,118,875,36
111,66,7,46,135,62,4,53,52,118,163,112,119,178,72,118,79,30,165,76,10,72,145,18,22,80,74,127,78,852,36
146,145,108,6,113,121,111,105,8,153,154,19,127,164,130,136,238,2,115,8,2,123,115,6,117,127,2,107,113,1024,36
71,107,166,123,114,110,78,85,352,459,423,234,400,341,228,351,394,48,162,171,4,114,118,82,160,192,57,142,135,1859,36
69,92,58,43,95,85,75,58,81,173,150,98,156,190,111,154,169,88,183,131,66,151,161,37,112,122,69,127,144,1125,36
80,80,97,131,108,97,132,29,145,225,225,108,205,188,2,133,99,3,111,134,18,115,126,36,168,133,69,98,201,1135,36
114,98,87,88,87,136,124,129,2789,2887,2903,51,138,149,48,136,135,45,132,133,31,167,118,14,138,150,3,132,127,3844,36
105,136,157,119,111,111,109,117,373,509,478,4,161,140,10,129,167,38,149,157,32,143,143,39,148,150,49,166,158,1510,36
230,75,85,79,70,82,97,46,134,209,364,74,159,149,98,177,183,54,124,133,123,205,193,144,241,226,19,65,116,1410,36
111,149,131,121,102,108,78,92,60,209,171,70,201,219,96,217,227,113,215,234,99,207,201,81,159,189,118,210,196,1529,36
85,111,100,92,98,76,66,56,118,229,203,153,253,264,152,244,252,140,238,232,136,212,234,117,183,193,136,192,202,1636,36
97,145,19,62,84,84,33,9,23,168,120,217,236,362,72,134,91,74,158,136,143,227,227,293,326,377,73,82,106,1428,36
81,70,90,84,76,99,99,83,516,586,597,118,208,188,107,191,197,120,196,204,114,213,190,110,209,209,125,208,224,1892,36
86,101,131,147,80,110,86,104,139,240,225,188,319,289,23,170,154,8,88,155,49,159,129,24,110,134,48,152,134,1324,36
86,112,71,71,65,43,59,95,77,189,163,65,136,177,299,370,370,98,163,169,91,134,156,39,98,82,25,120,84,1296,36
87,110,109,110,94,52,118,111,808,918,895,91,200,201,82,192,191,67,161,177,86,138,180,368,486,420,84,195,202,2377,36
92,129,9,62,138,69,71,77,63,192,155,90,99,219,89,151,98,26,164,88,2,71,140,70,141,139,13,90,84,1000,36
101,82,38,40,58,69,84,34,108,190,209,134,172,216,130,170,168,101,159,141,232,301,290,80,164,149,229,263,313,1520,36
75,52,112,90,63,8,21,56,105,157,180,19,131,71,40,130,152,51,114,141,96,104,159,77,98,85,62,118,83,927,36
112,152,89,138,111,94,94,112,16,168,128,58,147,210,3,141,92,96,207,234,6,100,117,55,149,149,32,144,126,1168,36
109,119,78,87,80,100,82,91,81,200,190,57,135,176,73,160,151,88,168,175,716,816,796,84,166,184,83,174,165,1928,36
133,111,84,116,135,107,96,270,90,201,223,282,366,393,103,219,187,285,420,401,43,150,178,102,198,209,81,351,177,2038,36
146,138,97,70,130,102,120,125,27,165,173,36,133,174,45,115,142,48,178,118,5,107,135,48,168,150,3,128,123,1140,36
95,77,75,94,85,58,76,85,121,198,216,98,173,175,117,211,192,116,201,210,144,202,229,399,475,457,107,192,183,1747,37
66,13,142,77,10,88,113,4,67,80,133,70,212,83,59,136,201,91,101,168,24,112,34,23,136,111,29,33,142,876,37
87,65,47,84,93,84,74,74,118,183,205,109,156,174,99,183,146,82,175,166,99,183,192,117,191,201,118,192,192,1350,37
104,5,11,70,11,95,75,65,116,121,220,84,95,89,128,198,139,75,86,145,16,111,27,161,236,256,108,173,183,1124,37
82,76,103,77,95,95,95,85,115,191,197,71,174,147,116,193,219,96,191,173,106,201,201,97,192,192,97,182,192,1406,37
118,67,92,111,92,104,56,93,109,176,227,89,181,156,100,211,192,1159,1251,1270,127,231,219,116,172,220,100,193,156,2533,37
81,64,93,83,75,48,86,67,136,200,217,128,221,192,108,191,201,109,184,192,154,202,229,125,211,173,116,183,202,1473,37
86,57,67,75,70,123,65,77,113,170,199,124,191,181,107,182,174,109,179,184,38,161,108,34,99,157,226,303,291,1371,37
82,47,84,47,87,84,47,63,135,182,217,127,211,174,117,164,201,136,223,183,68,152,155,136,183,220,183,246,230,1443,37
121,14,60,5,72,105,19,17,57,71,178,79,139,93,96,101,156,59,131,64,38,143,110,1,20,106,1,18,20,744,37
118,134,13,77,3,85,103,67,17,151,135,38,51,172,62,139,75,43,46,120,90,175,93,8,111,93,14,81,117,872,37
135,69,88,70,86,94,58,85,92,161,227,141,229,210,94,164,182,104,190,174,88,182,174,107,165,201,116,201,174,1427,37
136,112,112,110,130,157,142,134,99,211,235,89,201,201,99,209,211,200,330,310,136,293,266,127,269,284,12,146,154,1795,37
73,96,85,86,95,93,104,68,197,293,270,106,191,202,135,221,220,87,182,173,108,201,203,107,211,200,161,229,265,1601,37
95,40,41,4,49,49,4,73,134,174,229,160,201,200,45,49,86,2,51,6,52,101,101,44,48,93,4,77,8,796,37
108,42,4,71,43,4,43,41,43,85,151,70,74,112,1,72,5,78,121,149,62,66,105,2,45,6,84,125,127,696,37
91,68,77,12,36,16,12,42,134,202,225,88,165,156,51,63,128,168,204,180,41,57,77,142,154,158,77,119,89,1055,37
93,39,4,4,68,4,73,42,97,136,190,27,31,66,42,46,46,40,108,44,28,32,96,5,78,9,49,91,122,615,37
100,94,-84,81,79,42,85,76,97,191,197,117,33,211,101,182,17,101,180,182,141,183,220,132,217,174,97,173,182,1259,37
63,4,79,50,4,49,41,11,98,102,161,2,81,6,60,110,139,52,56,102,2,51,6,62,103,111,45,56,86,622,37
72,77,75,87,77,70,81,68,105,182,177,80,155,157,80,167,155,77,154,164,97,167,174,113,194,183,84,152,165,1243,37
87,66,47,56,56,56,102,70,406,472,493,135,182,201,127,183,174,100,156,156,538,594,594,448,550,504,128,198,230,2422,37
62,73,74,84,103,83,93,75,109,182,171,338,412,411,118,202,192,62,165,146,99,182,202,81,174,164,90,165,183,1544,37
130,69,60,4,62,60,4,75,2,71,132,62,122,131,45,49,105,2,64,6,46,106,108,79,83,139,1520,1595,1524,2220,37
110,121,96,104,114,215,95,149,106,227,216,98,194,219,97,201,193,142,256,246,590,805,704,143,238,358,125,274,220,2305,37
74,61,57,96,76,52,10,150,123,184,197,105,162,166,116,212,173,133,209,229,16,68,92,88,98,140,116,266,126,1273,37
73,68,68,50,41,76,59,59,113,181,186,106,174,174,115,165,183,133,174,183,151,227,192,125,184,201,124,183,183,1361,37
5,9,54,58,2,71,40,4,27,36,32,3,57,12,36,94,90,41,43,99,21,92,23,44,84,115,45,49,85,460,37
116,49,7,72,51,3,112,73,109,158,225,47,54,96,18,90,25,36,87,108,22,25,73,6,118,9,639,712,751,1360,37
50,20,55,13,30,45,16,84,81,101,131,67,122,87,42,55,97,13,43,26,21,66,51,45,61,90,104,188,120,686,37
79,77,110,75,91,61,93,103,157,234,236,167,277,244,410,485,520,572,663,647,186,247,277,156,249,217,155,258,248,2492,38
69,80,85,60,89,82,79,89,616,696,685,168,253,248,459,519,544,693,782,753,153,235,242,151,230,233,151,240,230,3024,38
67,90,79,110,88,94,107,85,268,358,335,156,235,246,180,290,259,153,241,263,170,264,258,167,274,261,172,257,279,1986,38
95,85,77,103,110,78,80,109,217,302,312,188,265,273,129,232,206,151,261,254,123,201,233,171,251,249,107,216,187,1823,38
66,60,83,60,63,77,76,61,142,202,208,83,166,143,150,210,233,145,208,205,109,186,172,98,174,175,124,185,200,1397,38
73,97,94,59,70,62,78,109,173,270,246,135,229,232,284,343,378,622,692,681,184,246,254,184,262,246,152,261,230,2376,38
97,76,77,86,73,73,76,89,257,333,354,183,260,259,241,327,318,781,854,867,213,286,286,158,234,231,213,302,289,2693,38
82,77,62,70,79,58,75,77,212,289,294,211,273,288,158,228,220,590,669,660,544,602,623,515,590,573,131,208,206,2941,38
94,118,89,105,73,92,86,119,271,389,365,145,234,263,142,247,231,186,259,291,198,290,271,171,257,263,145,264,231,2034,38
97,72,88,86,73,106,96,105,202,274,299,172,260,244,143,229,231,192,265,278,184,290,257,139,235,245,152,257,248,1907,38
77,59,60,60,75,75,79,77,110,169,187,146,206,205,113,173,173,102,177,162,81,156,156,99,178,174,66,143,145,1279,38
70,75,60,59,75,83,61,92,97,172,167,154,214,229,114,173,174,103,178,162,84,167,159,92,153,175,66,158,127,1285,38
67,89,96,92,88,104,83,88,205,294,272,182,278,271,180,272,276,170,258,262,200,304,288,202,285,306,204,292,287,2050,38
65,62,78,74,78,60,88,72,216,278,281,183,261,245,945,1019,1023,706,784,780,195,255,273,144,232,204,131,203,219,3097,38
69,75,61,77,85,95,94,76,169,244,238,157,218,232,570,647,631,588,673,665,160,255,245,92,186,187,139,215,233,2507,38
68,77,66,85,78,93,89,76,168,245,236,182,248,259,139,224,205,132,210,217,2036,2129,2114,272,361,365,126,202,215,3687,38
34,92,87,59,33,4,19,23,102,194,136,127,214,219,301,360,388,90,123,149,83,87,116,51,70,55,64,87,83,1169,38
84,102,93,69,62,75,98,89,198,300,282,141,234,243,459,528,552,753,815,822,213,288,275,181,279,256,164,253,262,2781,38
63,46,76,95,58,83,77,65,192,238,255,139,215,185,54,149,130,124,182,219,141,224,199,64,141,147,110,175,187,1387,38
67,92,76,61,60,59,59,78,128,220,195,109,185,201,128,189,204,113,173,174,97,156,157,101,160,160,71,149,130,1299,38
65,62,60,61,44,78,59,75,126,188,191,112,172,174,113,174,173,132,176,193,83,161,127,67,126,145,86,161,145,1223,38
85,73,76,75,93,64,77,87,209,282,294,776,852,849,186,261,262,109,202,184,112,176,205,95,172,159,112,199,189,2229,38
75,76,61,76,75,74,74,109,101,177,176,141,202,217,112,188,173,100,175,176,84,158,159,114,188,188,55,164,129,1327,38
79,93,97,94,103,92,118,97,203,296,282,165,262,258,118,212,215,152,255,246,205,297,308,153,271,245,126,223,244,1895,38
69,76,80,86,95,120,108,88,184,260,253,137,217,213,184,270,264,129,224,215,122,242,217,113,221,233,155,243,263,1746,38
86,77,80,88,85,99,97,81,181,258,267,225,305,302,169,257,249,158,243,246,172,271,257,132,229,231,135,216,232,1865,38
77,63,71,117,91,76,86,108,228,291,305,246,317,309,230,347,301,156,247,273,200,276,291,169,255,245,144,252,230,2062,38
83,77,95,74,29,77,86,77,166,243,249,155,250,232,240,314,335,950,979,1024,271,348,300,141,227,218,276,353,362,2797,38
68,100,109,110,24,11,36,17,562,662,630,54,163,154,96,206,205,282,306,392,58,69,82,255,291,266,49,66,85,1831,38
79,62,78,59,75,60,51,92,97,159,176,112,190,174,96,155,174,86,161,145,100,160,175,114,165,174,78,170,129,1239,38
28,101,71,81,44,31,43,99,8,109,36,11,82,112,16,97,87,55,99,136,37,68,81,84,127,115,12,111,55,721,39
60,83,44,42,74,20,85,57,103,186,163,97,141,180,12,54,56,55,129,97,33,53,107,41,126,61,12,69,97,818,39
67,56,43,87,80,67,71,70,70,126,137,14,57,70,40,127,83,2,82,89,15,82,95,28,99,95,13,83,84,723,39
98,81,72,70,83,74,51,70,14,95,112,13,85,94,110,180,182,1,84,71,26,100,109,30,81,104,41,111,92,834,39
53,83,41,76,56,71,57,85,43,126,96,15,56,98,69,145,110,22,78,98,41,112,97,27,84,98,13,98,70,752,39
53,89,70,71,70,98,71,74,97,186,150,92,162,181,112,183,182,110,180,181,112,210,182,98,169,196,109,183,180,1326,39
58,86,58,85,67,83,80,82,3,89,61,26,84,112,27,112,85,2,69,87,29,112,96,18,98,101,2,84,82,706,39
94,100,40,99,40,72,72,84,26,126,120,1,41,101,55,154,95,1,41,100,69,141,109,11,83,83,111,195,183,875,39
59,54,58,84,71,54,71,69,1,55,60,434,492,488,128,212,186,79,150,163,1,55,72,69,140,123,1,70,72,1233,39
40,71,68,85,67,86,56,85,56,127,96,1,69,72,42,127,110,1,68,86,28,114,95,12,68,98,28,113,84,726,39
39,55,72,90,56,87,74,86,29,84,68,27,99,82,12,102,84,8,64,98,41,128,97,22,96,109,13,99,87,711,39
68,58,85,69,72,82,71,76,13,71,81,26,111,84,1,70,86,26,98,95,1,83,73,27,98,109,21,97,92,696,39
67,59,61,86,85,61,58,70,55,114,122,11,72,70,37,123,98,12,97,98,22,83,107,55,113,116,12,82,70,751,39
66,88,85,83,58,71,71,68,125,213,191,107,192,195,14,97,99,41,99,124,12,83,70,27,98,98,1,69,72,917,39
55,85,57,71,44,67,86,53,26,111,81,27,84,112,14,85,71,67,111,138,1,68,45,56,142,123,1,54,87,710,39
42,72,44,84,71,72,16,116,25,97,67,40,84,112,13,97,57,55,126,139,55,127,126,38,54,110,55,171,71,798,39
47,31,20,3,11,31,21,45,209,240,256,34,54,65,97,100,117,70,81,73,83,114,94,33,54,64,96,141,117,831,39
39,59,40,75,16,73,25,45,65,124,104,27,67,86,55,130,95,36,52,111,55,128,71,29,54,102,68,113,93,707,39
54,85,58,70,58,81,43,97,12,97,66,26,84,111,13,83,71,41,99,111,15,96,73,56,99,137,1,98,44,710,39
81,85,71,75,56,87,55,86,9,94,90,12,83,97,23,98,94,13,69,88,27,114,83,13,68,100,27,113,82,720,39
80,89,43,71,65,100,13,98,42,131,122,8,51,97,55,126,98,18,83,89,27,127,92,15,28,115,96,194,109,820,39
80,56,87,100,85,72,58,16,70,126,150,42,129,98,80,180,167,96,181,196,25,97,110,69,127,141,40,56,98,976,39
82,92,54,72,64,72,57,77,18,110,100,1,55,93,41,113,95,19,83,91,26,98,90,12,69,84,41,118,98,728,39
43,85,83,70,56,62,57,85,190,275,233,29,112,114,14,84,97,27,83,97,27,89,83,36,93,98,13,98,70,877,39
87,84,86,71,35,58,3,42,7,91,94,1,87,85,23,94,109,34,69,105,55,113,90,40,43,98,165,207,168,791,39
53,71,17,73,4,34,51,57,69,140,122,26,43,97,67,140,84,25,29,98,80,114,84,27,78,61,55,112,106,709,39
45,71,25,44,45,87,9,102,79,150,124,30,55,101,83,127,108,38,83,82,54,141,99,34,43,121,80,182,89,826,39
74,90,68,86,66,101,67,73,1,91,75,15,83,105,27,113,95,2,68,88,27,128,93,1,68,102,69,142,136,767,39
28,86,21,59,2,100,99,56,67,153,95,33,54,119,69,128,90,38,40,97,68,168,70,96,195,196,27,83,126,849,39
69,40,57,73,71,85,43,85,1,41,70,83,140,123,41,114,98,11,82,84,27,112,98,12,55,97,41,126,84,739,39
18,40,23,3,26,108,2,151,72,112,90,70,93,110,28,31,51,34,60,37,1,109,27,92,94,200,102,253,104,770,40
29,8,3,64,65,6,11,34,33,41,62,57,60,65,17,81,20,99,164,163,22,28,87,24,35,30,3,37,14,475,40
9,4,62,8,6,43,13,3,46,50,55,9,71,13,14,22,76,41,47,49,19,62,25,1,14,44,55,58,68,333,40
8,13,44,4,29,16,44,82,67,80,75,39,83,52,87,91,131,11,40,15,106,122,135,35,79,51,724,806,768,1309,40
139,17,3,84,5,7,11,1,77,94,216,44,47,61,49,133,52,1,6,85,67,74,72,39,50,46,36,37,47,580,40
3,8,43,21,10,27,13,2,240,248,243,7,50,15,16,37,59,371,381,392,90,117,100,125,138,152,48,50,61,1024,40
8,2,16,3,61,14,1,42,50,52,58,39,55,41,46,49,62,7,68,10,49,63,110,20,21,34,26,68,27,384,40
10,2,20,3,2,22,3,1,99,101,109,50,70,52,30,33,50,47,49,50,60,82,62,29,32,51,37,38,40,415,40
50,39,12,11,43,16,41,43,21,60,71,49,61,88,39,50,51,70,113,81,70,86,113,56,97,72,59,102,100,619,40
31,3,62,13,42,65,4,63,89,92,120,7,69,10,131,144,193,266,308,279,129,194,171,95,99,160,27,90,31,1027,40
30,12,23,4,4,31,5,2,69,81,99,28,51,40,39,43,62,46,50,50,39,70,43,29,34,60,35,37,40,396,40
47,91,45,52,53,75,73,118,1,92,48,26,71,117,29,81,74,29,82,81,39,114,92,48,121,123,261,379,334,987,40
11,3,12,3,36,46,104,34,52,55,63,117,129,120,28,31,40,121,157,124,46,92,82,136,240,182,68,102,172,817,40
26,74,74,44,34,3,17,50,20,94,46,28,102,102,17,61,91,48,82,92,38,41,72,37,54,40,26,76,43,536,40
21,30,3,44,3,64,5,3,11,41,32,98,101,128,38,82,41,68,71,112,160,224,163,29,34,93,131,134,136,708,40
6,4,54,12,22,13,4,5,19,23,25,3,57,7,40,52,94,81,103,93,19,32,41,25,29,38,100,105,104,407,40
25,10,33,52,13,53,102,91,32,42,57,23,56,33,111,163,144,110,123,162,88,141,101,153,255,206,907,998,1009,1803,40
11,3,37,35,25,19,2,21,123,126,134,49,86,52,31,66,68,49,74,84,1,20,26,45,47,64,40,61,42,491,40
4,39,3,2,61,5,2,41,58,97,62,81,84,120,27,29,30,50,111,52,20,25,81,26,28,31,48,89,50,467,40
59,52,14,33,42,42,13,4,111,163,170,49,63,101,57,90,71,48,90,81,30,72,72,19,32,61,36,40,49,609,40
9,2,46,4,3,42,2,3,98,100,107,69,115,71,1,5,47,41,44,45,38,80,41,10,12,52,47,50,49,415,40
80,12,6,67,7,3,60,13,81,93,161,59,65,71,4,71,10,25,32,92,33,36,40,21,81,24,29,42,89,500,40
7,5,25,4,3,8,2,61,82,87,89,69,94,74,1,5,26,61,64,65,117,125,120,35,37,43,19,80,21,499,40
25,6,62,6,2,41,4,4,36,42,61,10,72,16,29,35,91,44,46,50,38,79,40,41,45,82,27,31,31,375,40
18,3,42,5,4,39,5,2,139,142,157,60,102,63,19,24,61,24,28,29,73,112,77,3,8,42,38,40,43,474,40
49,81,53,43,23,3,24,28,142,223,191,50,103,131,110,153,163,28,51,71,19,22,42,77,101,80,2,30,26,732,40
8,91,12,61,6,5,42,1,30,121,38,62,74,153,121,182,133,32,38,93,30,35,36,181,223,186,47,48,89,729,40
5,3,52,52,49,30,52,12,60,63,65,18,70,21,122,174,174,58,107,110,6,36,55,69,121,99,1,13,53,589,40
27,23,31,53,31,15,58,83,36,59,63,51,82,74,41,94,72,18,49,71,69,84,100,68,126,83,3,86,61,607,40
50,24,3,46,33,14,4,40,264,288,314,47,50,71,28,74,31,117,150,163,639,653,672,247,251,261,41,81,45,1597,40
144,100,57,50,56,85,86,64,3044,3144,3188,384,441,484,125,175,182,102,158,152,151,236,207,99,185,184,90,154,176,4637,41
116,123,139,88,119,94,97,110,279,402,395,174,313,297,65,153,204,76,195,164,89,183,208,81,178,175,74,184,171,1724,41
161,144,117,111,104,105,118,116,224,368,385,597,714,741,98,209,215,84,188,195,90,195,194,81,199,186,70,186,188,2220,41
114,104,161,97,116,108,95,158,11,115,125,225,386,329,63,160,224,85,201,182,80,188,196,109,204,217,110,268,205,1636,41
100,69,157,94,136,106,126,130,144,213,244,1050,1207,1119,79,173,236,91,227,185,100,206,236,91,217,197,79,209,205,2552,41
123,94,66,98,99,95,96,87,471,565,594,141,207,235,559,657,625,68,167,166,127,222,226,102,198,197,118,205,214,2344,41
107,136,264,95,272,126,98,99,135,271,242,109,373,245,67,162,331,68,340,163,57,183,329,50,148,176,76,175,174,1759,41
83,165,130,121,126,107,43,67,465,630,548,56,186,221,76,197,206,56,182,177,59,166,185,88,131,195,111,178,154,1753,41
136,182,341,283,74,114,96,77,77,259,213,295,636,477,90,373,431,96,170,379,575,689,649,69,165,183,79,156,175,2584,41
117,97,103,131,150,79,109,288,14,111,131,234,337,331,68,199,171,57,207,188,77,156,227,94,203,173,77,365,186,1695,41
129,108,82,76,122,120,119,113,76,184,205,1162,1244,1270,98,174,180,843,965,919,36,156,158,76,195,196,66,179,185,3226,41
113,130,138,126,128,126,366,131,252,382,365,520,658,650,45,171,183,79,207,205,58,184,186,68,434,194,87,218,453,2367,41
99,94,96,107,87,96,93,97,114,208,213,153,249,247,96,203,192,68,155,175,100,196,187,89,182,185,100,197,193,1489,41
77,163,75,93,102,107,84,116,1492,1655,1569,2073,2148,2236,163,256,238,92,194,185,83,190,185,99,183,206,68,184,152,4887,41
106,143,126,106,274,121,94,102,220,363,326,144,270,287,68,174,194,79,353,185,53,174,327,79,173,200,66,168,160,1781,41
124,199,107,125,96,83,303,116,155,354,279,261,368,460,81,206,188,79,175,204,111,194,207,89,392,172,59,175,362,1988,41
78,105,105,95,115,95,109,128,85,190,163,152,257,257,121,216,226,91,206,186,80,175,195,87,196,182,67,195,176,1513,41
117,112,114,147,127,76,95,115,123,235,240,39,153,151,69,216,183,42,169,189,67,143,194,87,182,163,91,206,186,1421,41
178,126,133,127,520,127,282,114,79,205,257,69,202,195,51,178,184,84,604,211,61,188,581,60,342,187,68,182,350,2079,41
126,94,92,117,105,289,129,106,52,146,178,154,246,248,78,195,170,68,173,185,81,370,186,58,187,347,78,184,207,1627,41
170,125,137,116,126,132,117,65,161,286,331,36,173,161,72,188,209,68,194,184,47,179,173,65,182,197,89,154,206,1526,41
145,126,103,73,147,97,99,118,154,280,299,740,843,866,111,184,214,57,204,130,79,176,226,101,200,198,85,203,184,2235,41
116,171,115,74,130,85,141,294,117,288,233,665,780,836,90,164,205,78,208,152,78,163,208,242,383,327,87,381,228,2483,41
126,76,155,125,105,128,138,127,128,204,254,233,388,309,82,207,237,90,195,215,67,195,172,78,216,206,58,185,196,1716,41
177,93,139,157,103,108,297,307,276,369,453,234,373,327,106,263,245,52,155,209,57,165,160,79,376,187,61,368,358,2246,41
220,129,148,149,97,69,74,52,161,290,381,68,216,197,66,215,214,60,157,209,87,156,184,128,202,197,162,214,236,1670,41
141,165,135,138,588,131,125,96,99,264,240,280,415,445,87,225,222,247,835,385,67,198,655,65,190,196,88,184,213,2452,41
113,83,116,138,93,95,176,95,35,118,148,162,278,245,88,226,204,91,184,229,90,185,183,93,269,188,91,186,267,1559,41
126,127,124,270,137,314,129,134,78,205,204,244,368,371,91,361,215,109,246,379,57,371,194,68,197,382,56,190,185,2064,41
147,99,39,77,129,130,25,156,351,450,498,82,121,181,46,123,85,14,143,91,150,280,279,196,221,326,2,158,27,1643,41
91,93,80,68,84,80,81,84,81,174,172,44,124,137,94,162,174,70,154,138,64,144,148,56,137,136,56,140,137,1126,42
19,130,107,56,70,47,25,60,120,250,139,3,110,133,16,72,123,32,102,88,105,152,175,2,27,49,70,130,95,862,42
106,100,80,97,100,98,85,88,103,203,209,226,306,326,68,165,148,41,141,138,62,160,162,51,136,149,63,151,148,1368,42
94,78,148,101,68,21,94,24,49,127,143,98,246,176,174,275,322,15,83,116,85,106,153,2,96,23,126,150,220,1177,42
116,32,69,12,16,8,41,76,168,200,284,182,251,214,246,258,315,95,111,107,74,82,90,51,92,59,50,126,91,1236,42
128,120,83,121,32,25,28,22,54,174,182,67,150,187,127,248,210,4,36,125,109,134,141,1,29,26,43,65,71,964,42
68,88,80,92,86,45,57,27,104,192,172,136,216,224,82,174,162,279,365,371,2,47,88,54,111,99,56,83,113,1256,42
26,77,69,82,82,80,84,70,112,189,138,84,153,161,104,186,173,66,148,148,83,163,165,79,163,159,90,160,174,1188,42
82,91,27,16,20,27,108,91,107,198,189,570,597,661,94,110,121,38,58,54,173,200,193,16,124,43,47,138,155,1507,42
125,69,46,17,42,109,16,21,30,99,155,90,136,159,57,74,103,72,114,89,67,176,109,67,83,176,83,104,99,911,42
85,95,50,36,47,26,105,108,104,199,189,54,104,149,39,75,89,63,110,99,45,71,92,56,161,82,94,202,199,1007,42
75,34,14,80,98,95,85,22,120,154,195,51,65,85,101,181,115,3,101,83,3,98,101,16,101,111,181,203,266,978,42
79,96,68,41,41,15,13,25,106,202,185,106,174,202,106,147,174,55,96,96,23,38,64,96,109,111,62,87,75,932,42
77,81,96,64,12,59,79,16,131,212,208,130,226,211,313,377,409,72,84,136,51,110,63,115,194,174,45,61,124,1341,42
64,15,23,94,22,11,18,23,330,345,394,61,84,76,49,143,72,69,91,163,95,106,117,71,89,82,52,75,70,997,42
103,95,70,50,12,88,102,90,80,175,183,129,199,224,213,263,283,90,102,140,104,192,116,121,223,209,85,175,187,1432,42
62,65,70,82,105,82,83,80,131,196,193,120,190,185,79,161,149,91,196,173,93,175,198,117,200,199,121,201,204,1381,42
54,70,70,85,85,81,81,80,105,175,159,79,149,149,78,163,148,53,138,138,76,157,161,57,138,138,70,150,151,1124,42
102,23,12,33,19,14,57,14,117,140,219,107,119,130,29,62,41,84,103,117,38,52,57,86,143,100,13,27,70,748,42
113,19,12,16,12,21,67,13,65,84,178,90,102,109,81,97,93,82,94,98,61,82,73,79,146,100,9,22,76,740,42
79,56,67,82,80,72,94,78,130,186,209,118,185,174,94,176,161,130,210,212,82,154,162,2,96,74,15,93,109,1179,42
50,59,95,72,93,134,95,107,141,200,191,301,396,360,178,250,273,91,184,163,81,215,174,41,136,175,55,162,150,1593,42
91,81,94,94,70,162,33,118,143,224,234,93,187,174,129,223,223,230,300,324,2,164,72,51,84,213,81,199,114,1472,42
103,22,99,23,16,23,112,12,169,191,272,344,443,366,57,80,156,34,50,57,66,89,82,2,114,25,2,14,114,1084,42
86,58,18,34,20,77,11,18,119,177,205,50,68,108,15,49,33,136,156,170,3,80,23,68,79,145,57,75,68,770,42
91,83,27,14,16,14,67,22,117,200,208,102,129,185,72,86,99,37,53,51,98,112,114,2,69,16,84,106,151,846,42
106,16,13,93,32,13,20,9,105,121,211,44,57,60,89,182,102,81,113,174,41,54,73,49,69,62,54,63,74,765,42
75,83,12,15,12,15,21,46,126,209,201,42,54,125,89,104,101,69,81,84,102,117,114,61,82,76,64,110,85,832,42
17,32,53,22,52,9,20,12,105,137,122,72,125,104,79,101,132,129,181,151,70,79,122,66,86,75,90,102,110,828,42
17,13,30,11,42,19,81,23,31,44,48,102,132,115,63,74,93,65,107,76,94,113,136,32,113,51,184,207,265,807,42
111,108,71,146,114,82,82,101,106,214,217,118,189,226,51,197,122,582,696,728,112,194,226,156,238,238,132,233,214,2072,43
82,97,116,127,142,141,172,126,128,225,210,77,193,174,38,165,154,57,199,184,53,194,195,19,191,160,78,204,250,1453,43
109,141,146,136,158,41,137,139,73,214,182,42,188,183,28,164,174,111,269,247,69,110,227,277,414,318,274,413,411,1881,43
90,105,96,89,146,129,115,120,87,192,177,72,168,177,87,176,183,79,225,168,26,155,172,65,180,194,21,141,136,1327,43
115,121,106,107,187,83,118,94,56,177,171,86,192,207,89,196,195,695,882,802,113,196,300,101,219,184,57,151,175,2128,43
146,110,96,106,151,132,144,157,32,142,178,87,183,197,79,185,175,89,240,195,8,140,159,70,214,202,60,217,204,1467,43
121,98,155,203,98,130,74,191,90,188,211,58,213,156,59,262,214,44,142,247,87,217,185,120,194,250,37,228,111,1565,43
63,175,124,107,137,106,124,83,3,178,66,3,127,178,36,143,160,29,166,136,25,131,162,28,152,134,9,92,133,1052,43
115,135,93,127,139,73,123,106,74,209,189,161,254,296,40,167,133,478,617,605,121,194,260,132,255,205,78,184,201,1995,43
81,121,139,125,126,95,208,114,70,191,151,34,173,155,65,190,204,82,208,207,68,163,194,91,299,186,58,172,266,1477,43
99,75,87,106,136,114,116,117,4,79,103,58,145,133,26,132,113,6,142,112,2,116,138,17,133,131,65,182,181,1028,43
106,130,177,82,184,132,169,132,84,214,190,128,305,258,100,182,277,40,224,122,47,179,231,31,200,163,54,186,223,1596,43
100,105,136,170,126,101,146,145,84,189,184,79,215,184,132,302,268,177,303,347,93,194,219,102,248,203,39,184,185,1735,43
41,94,109,110,93,148,119,138,2,96,43,27,136,121,21,131,130,5,98,115,19,167,112,8,127,156,3,141,122,937,43
132,131,87,116,166,133,125,120,67,198,199,94,181,225,99,215,186,152,318,268,49,182,215,92,217,225,121,241,246,1684,43
80,163,107,162,102,141,138,128,88,251,168,401,508,564,89,251,196,537,639,699,94,235,196,300,438,441,77,205,215,2607,43
10,59,106,126,128,102,155,71,45,104,55,18,124,77,24,150,130,7,135,133,19,121,147,7,162,109,4,75,159,881,43
98,124,105,72,120,126,85,148,92,216,190,70,175,194,123,195,228,165,285,237,41,167,161,80,165,206,29,177,114,1478,43
109,92,145,93,162,107,155,125,100,192,209,451,596,543,91,184,236,70,232,163,86,193,248,312,467,419,82,207,237,2180,43
103,54,28,93,69,68,95,88,13,67,116,42,70,96,1,94,29,45,114,138,2,70,71,2,97,70,4,92,99,707,43
33,39,95,70,96,74,95,71,3,42,36,22,117,61,12,82,107,19,115,89,8,82,104,7,102,81,25,96,120,669,43
100,108,127,110,78,158,116,302,103,211,203,108,235,216,77,187,204,117,195,227,331,489,409,48,164,206,58,360,174,1941,43
27,143,75,106,72,96,100,101,5,148,32,2,77,145,49,155,124,13,85,119,16,112,88,24,124,120,3,104,103,832,43
54,90,74,120,74,110,87,151,2,92,56,56,130,146,29,149,103,4,78,124,38,148,112,25,112,135,6,157,93,920,43
107,115,125,105,116,180,127,93,80,195,187,71,196,186,80,185,205,448,564,553,89,269,205,47,174,227,109,202,236,1892,43
116,116,249,132,128,148,106,95,67,183,183,90,339,206,535,667,784,80,208,212,76,224,204,89,195,237,77,172,183,2104,43
87,87,102,100,110,95,122,106,1,88,88,17,119,104,17,117,119,19,129,119,6,101,116,32,154,127,27,133,149,928,43
120,114,107,137,139,69,117,104,2,116,122,26,133,140,36,173,143,27,166,164,20,89,159,82,199,151,55,159,172,1155,43
101,106,85,146,104,76,105,115,63,169,164,90,175,196,118,264,203,905,1009,1051,100,176,204,180,285,256,98,213,203,2392,43
56,90,73,79,84,85,108,113,40,130,96,4,77,94,23,102,96,9,93,88,27,112,111,9,117,94,5,118,113,805,43
113,103,122,104,87,79,95,97,97,200,210,72,194,175,70,174,192,121,208,225,105,184,192,196,291,275,198,295,293,1659,44
84,108,96,87,80,98,95,82,104,212,188,52,148,160,121,208,217,104,184,191,87,185,167,345,440,443,96,178,191,1639,44
92,106,87,87,146,139,97,81,106,212,198,78,165,184,98,185,185,95,241,182,88,227,234,78,175,217,102,183,199,1480,44
104,95,86,99,64,86,135,95,104,199,208,90,176,185,80,179,166,118,182,217,97,183,161,95,230,181,306,401,441,1654,44
108,111,118,113,106,80,82,99,88,199,196,83,201,194,105,218,223,87,193,200,103,183,209,120,202,200,135,234,217,1538,44
111,37,86,94,112,136,78,89,140,177,251,112,198,149,250,344,336,88,200,182,89,225,201,64,142,200,105,194,183,1591,44
94,95,108,104,114,96,102,118,97,192,191,97,205,192,67,171,175,71,185,175,86,182,200,81,183,177,66,184,168,1396,44
92,110,120,82,87,112,100,67,99,209,191,73,193,183,121,203,241,128,215,210,71,183,158,147,247,259,301,368,401,1710,44
95,104,78,62,130,89,66,81,70,174,165,122,200,226,124,186,202,138,268,200,69,158,199,120,186,209,135,216,201,1483,44
125,96,79,79,98,87,75,84,262,358,387,89,168,185,104,183,183,95,193,174,329,416,427,113,188,200,99,183,174,1814,44
97,111,104,88,94,88,122,113,114,225,211,57,161,168,113,201,217,96,190,184,689,777,783,54,176,142,104,217,226,2044,44
91,88,96,108,94,90,104,62,105,193,196,87,183,175,71,179,167,136,230,244,97,187,191,109,213,199,105,167,209,1443,44
90,104,105,105,88,101,123,189,73,177,163,79,184,183,62,167,167,62,150,167,62,163,150,291,414,392,77,266,200,1611,44
36,78,104,113,121,112,54,72,102,180,138,88,192,166,79,192,183,71,192,184,79,191,200,1116,1170,1228,129,201,183,2354,44
134,62,63,113,95,70,54,89,131,193,265,130,193,192,95,208,158,80,175,193,131,201,226,113,167,183,103,192,157,1463,44
112,121,104,104,62,39,83,115,89,210,201,79,183,200,88,192,192,130,192,234,187,226,249,46,129,85,82,197,165,1441,44
99,113,113,78,87,113,95,80,72,185,171,71,184,184,264,342,377,170,257,248,465,578,552,71,166,184,130,210,225,2021,44
108,128,78,103,76,118,63,126,91,219,199,1190,1268,1318,80,183,158,432,508,535,324,442,400,99,162,217,112,238,175,3128,44
75,70,97,104,85,79,31,97,201,271,276,103,200,173,80,184,177,114,199,218,155,234,240,154,185,233,86,183,117,1531,44
99,91,69,110,128,102,98,62,96,187,195,111,180,202,124,234,193,89,217,199,87,189,215,107,205,209,94,156,192,1467,44
127,103,105,79,28,63,115,84,99,202,226,39,144,142,78,157,183,148,176,227,96,159,124,137,252,200,285,369,400,1586,44
93,98,95,104,98,121,110,120,87,185,180,86,181,184,72,176,167,79,177,183,144,265,242,56,166,177,73,193,183,1436,44
91,69,106,88,97,95,112,136,117,186,208,89,195,158,278,366,384,79,176,167,79,174,176,87,199,182,80,216,192,1603,44
99,100,107,116,71,87,57,123,89,189,188,75,182,175,68,184,175,277,348,393,80,167,151,364,421,451,99,222,156,1812,44
101,122,87,87,80,79,123,80,55,177,156,88,175,210,88,175,175,146,226,233,79,158,159,273,396,352,75,155,198,1563,44
119,71,99,78,105,98,89,118,72,143,191,103,202,174,94,172,193,398,503,476,229,327,334,84,173,182,120,238,209,1877,44
110,136,113,70,96,97,89,77,115,251,225,23,136,159,79,149,192,89,185,159,70,167,166,478,567,575,371,448,460,2013,44
78,103,104,88,121,102,116,71,140,243,218,139,243,242,88,176,192,487,608,575,122,224,243,1555,1671,1657,113,184,229,3427,44
102,103,78,130,104,114,144,95,97,200,199,106,184,209,113,243,191,46,150,176,88,202,192,780,924,894,106,201,250,2206,44
75,106,87,70,81,118,137,113,124,230,199,152,239,258,113,183,200,162,243,232,31,149,112,138,275,256,56,169,193,1563,44
62,168,79,131,150,122,106,136,142,310,204,133,212,301,117,248,196,75,225,206,39,161,189,94,200,216,81,217,187,1635,45
43,63,121,45,42,82,19,64,181,244,224,129,250,192,66,111,187,38,80,83,66,148,108,76,95,158,29,93,48,1064,45
84,115,96,110,149,92,107,92,84,199,168,77,173,192,61,171,157,61,210,171,4,96,153,66,173,158,63,155,170,1261,45
83,115,138,19,173,79,145,117,283,398,366,129,267,244,154,173,292,82,255,101,62,141,235,113,258,192,40,157,185,1732,45
47,169,123,74,114,6,139,72,200,369,247,103,226,272,462,536,585,222,336,296,493,499,607,141,280,147,202,274,341,2567,45
93,22,4,23,62,39,51,27,75,97,168,128,132,150,20,43,24,86,148,109,108,147,170,105,156,144,98,125,149,941,45
110,71,79,89,104,146,103,112,114,185,224,119,198,190,109,198,188,113,217,202,125,271,229,62,165,208,116,228,219,1572,45
81,149,38,107,120,100,112,145,260,409,341,133,171,282,149,256,187,136,256,243,82,182,202,105,217,205,142,287,254,1859,45
70,135,105,147,79,63,140,26,272,407,342,92,197,227,4,151,109,76,155,223,36,99,115,22,162,85,10,36,150,1277,45
67,108,103,119,87,118,95,101,157,265,224,35,138,143,67,186,170,75,162,194,84,202,171,23,118,141,65,166,160,1304,45
28,49,78,55,40,73,73,50,291,340,319,205,283,254,417,472,495,198,238,253,114,187,154,85,158,158,78,128,151,1834,45
83,70,112,148,111,137,109,121,301,371,384,395,507,465,78,226,190,89,200,237,68,205,179,30,139,167,146,267,255,1998,45
105,165,102,94,128,101,140,123,223,388,328,103,205,268,271,365,373,231,359,325,187,288,315,136,276,237,192,315,332,2301,45
43,62,74,69,42,21,5,6,84,146,127,31,105,93,10,79,84,46,88,115,24,45,66,302,307,323,132,138,137,951,45
36,40,16,47,52,56,50,34,67,107,103,66,82,106,47,94,63,108,160,155,45,101,97,12,62,68,35,69,85,711,45
13,14,82,52,82,11,228,57,295,309,308,1471,1553,1485,109,161,191,76,158,128,133,144,215,64,292,75,34,91,262,2721,45
49,101,88,72,218,20,77,79,238,339,287,146,234,247,91,163,179,66,284,138,2,22,220,54,131,74,79,158,156,1380,45
7,188,113,91,68,135,120,126,432,620,439,125,238,313,135,226,248,156,224,247,70,205,138,116,236,251,81,207,201,1963,45
8,125,48,91,90,102,62,89,267,392,275,146,194,271,247,338,295,177,267,268,138,240,228,124,186,226,143,232,205,1857,45
83,103,150,92,137,118,139,110,248,351,331,131,281,234,175,267,325,102,239,194,85,203,222,40,179,158,280,390,419,1993,45
175,126,90,295,83,132,154,141,257,383,432,186,276,312,5,300,95,92,175,387,17,149,100,10,164,142,50,191,204,1813,45
62,67,76,102,54,17,64,130,248,315,310,241,317,308,137,239,213,96,150,198,177,194,231,99,163,116,83,213,147,1653,45
87,204,121,502,89,302,135,130,99,303,186,25,146,229,64,566,185,40,129,542,57,359,146,33,168,335,48,178,183,1936,45
35,68,94,64,75,64,38,71,200,268,235,125,219,193,87,151,181,128,203,192,106,170,181,132,170,196,84,155,122,1371,45
48,31,19,90,93,88,121,75,331,362,379,329,348,360,290,380,309,159,252,249,101,189,194,232,353,320,207,282,328,2214,45
96,75,102,44,141,100,103,98,550,625,646,76,178,151,114,158,216,64,205,108,9,109,150,22,125,122,42,140,145,1636,45
63,159,135,176,78,101,90,99,251,410,314,141,276,300,33,209,168,153,231,329,88,189,166,347,437,448,373,472,463,2287,45
12,64,95,70,37,79,108,105,226,290,238,129,224,193,161,231,256,160,197,230,237,316,274,151,259,230,124,229,232,1758,45
81,89,58,103,11,9,14,3,317,406,398,160,218,249,178,281,236,112,123,215,96,105,107,84,98,93,71,74,85,1386,45
69,52,71,71,103,55,70,54,125,177,194,78,149,130,89,160,160,63,166,134,28,83,131,61,131,116,35,89,105,1024,45
76,96,129,125,120,105,121,107,152,248,228,151,280,247,377,502,506,132,252,257,265,370,385,328,449,433,165,272,286,2449,46
6,36,35,7,26,4,87,37,28,64,34,53,88,89,59,66,94,52,78,59,46,50,72,66,153,70,22,59,109,564,46
84,87,104,121,88,112,112,102,98,185,182,179,283,266,175,296,279,280,368,401,99,211,187,150,262,262,83,185,195,1874,46
69,110,110,119,118,90,81,79,199,309,268,149,259,259,176,295,286,207,325,326,184,274,302,234,315,324,194,273,275,2119,46
62,69,40,71,4,48,6,77,31,100,93,49,89,118,17,88,57,39,43,110,18,66,22,58,64,106,20,97,26,609,46
52,108,71,86,93,94,93,77,232,340,284,224,295,332,194,280,265,214,307,300,209,303,302,211,304,305,178,255,271,2136,46
70,58,55,24,122,65,68,39,9,67,79,32,87,90,53,77,108,99,221,123,4,69,126,24,92,89,46,85,114,768,46
52,80,61,31,44,6,5,48,19,99,71,35,96,115,2,33,63,89,133,120,83,89,127,40,45,46,69,117,74,664,46
117,120,131,151,106,128,122,100,13,133,130,61,192,181,32,183,163,331,437,482,78,206,184,56,178,184,10,110,132,1556,46
105,144,119,127,130,118,121,94,176,320,281,183,302,327,189,316,308,198,328,325,198,316,328,143,264,261,154,248,275,2199,46
104,143,108,110,110,133,122,119,99,242,203,373,481,516,173,283,281,339,449,449,171,304,281,197,319,330,81,200,203,2382,46
72,55,25,68,39,15,30,24,21,76,93,51,76,106,31,99,56,25,64,93,21,36,60,272,302,287,42,66,72,791,46
91,122,108,130,103,121,128,107,98,220,189,250,358,372,165,295,273,278,381,408,76,197,179,178,306,299,143,250,271,2098,46
58,97,70,108,95,97,97,75,249,346,307,279,349,376,198,306,268,220,315,328,199,296,294,219,316,316,176,251,273,2237,46
102,107,154,129,118,127,124,104,188,295,290,142,296,249,164,293,318,176,294,305,168,295,286,158,282,285,148,252,272,2109,46
86,110,117,110,104,109,100,76,141,251,227,143,260,253,168,278,285,164,268,274,219,328,323,167,267,276,158,234,258,1972,46
128,125,141,128,111,129,113,133,40,165,168,182,323,307,222,350,363,210,321,338,248,377,359,205,318,334,164,297,277,2279,46
84,89,94,80,98,96,82,49,196,285,280,200,294,289,202,282,296,210,308,290,187,283,285,211,293,307,181,230,263,2059,46
49,57,12,34,2,129,43,74,30,87,79,43,55,100,31,65,43,53,55,87,20,149,22,16,59,145,3,77,46,596,46
53,2,38,30,94,62,102,14,120,122,173,266,304,268,144,174,182,63,157,93,17,79,111,11,113,73,84,98,186,1100,46
5,4,13,4,13,33,3,3,59,63,64,1,14,5,64,68,77,177,190,181,11,44,24,117,120,150,136,139,139,643,46
102,103,130,129,129,118,105,99,145,248,247,130,260,233,148,277,278,139,268,268,166,284,295,179,284,297,131,230,236,1953,46
37,66,66,63,75,77,68,78,87,153,124,87,153,153,99,162,165,78,153,141,86,163,161,87,155,164,85,163,153,1139,46
13,38,34,85,5,2,67,9,81,119,94,9,43,47,69,154,103,54,59,139,87,89,92,1,68,3,76,85,143,630,46
46,63,80,76,66,106,67,73,133,196,179,119,199,182,100,176,180,117,183,193,108,214,174,90,157,196,111,184,178,1355,46
37,69,34,79,63,68,66,55,20,89,57,28,62,97,20,99,54,3,66,82,18,86,81,11,77,79,9,64,75,580,46
6,12,32,6,21,19,11,38,50,62,56,23,55,35,2,8,34,156,177,162,1006,1025,1027,42,53,61,39,77,50,1463,46
7,33,82,13,7,47,30,2,82,115,89,18,100,51,62,75,144,18,25,31,4,51,11,78,108,125,31,33,61,514,46
4,8,4,8,27,7,40,64,198,206,202,8,12,16,78,86,82,58,85,66,13,20,40,249,289,256,7,71,47,773,46
23,2,19,7,53,8,25,3,55,57,78,2,21,4,58,65,77,1,54,8,103,111,156,51,76,59,41,44,66,451,46
97,109,105,112,97,131,148,95,121,230,218,2,107,111,49,161,154,17,114,129,61,192,158,108,256,239,275,370,423,1527,47
82,105,114,106,118,106,117,106,92,197,174,76,190,181,233,339,347,82,200,188,94,200,212,93,210,199,12,118,129,1536,47
64,142,106,143,144,100,95,119,91,233,155,45,151,187,83,226,189,44,188,187,28,128,172,104,199,204,11,130,106,1319,47
89,118,106,161,77,106,105,93,91,209,180,23,129,141,46,207,152,10,87,171,70,176,147,35,140,141,61,154,166,1191,47
94,108,116,143,141,154,145,116,103,211,197,47,163,155,70,213,186,22,163,165,70,224,211,80,225,234,32,148,177,1441,47
87,94,116,83,106,96,105,118,139,233,226,94,210,188,141,224,257,70,176,153,22,118,128,94,199,190,106,224,211,1471,47
90,70,125,108,123,125,120,70,569,639,659,333,458,403,191,299,316,305,428,413,253,378,376,350,470,475,335,405,455,3167,47
113,141,76,139,154,143,130,118,57,198,170,30,106,171,15,154,91,22,176,161,80,223,234,79,209,222,255,373,385,1552,47
74,118,107,106,106,130,137,126,91,209,165,94,201,212,221,327,328,59,165,165,129,259,235,81,218,211,532,658,669,2111,47
111,118,116,118,118,105,155,132,207,325,318,106,222,224,117,235,233,82,200,200,24,129,142,34,189,139,104,236,259,1647,47
108,142,140,129,134,117,140,121,73,215,181,2,142,144,45,174,185,19,153,148,95,212,229,15,155,132,135,256,275,1415,47
73,77,132,143,129,98,113,132,196,273,269,23,155,100,15,158,147,25,154,168,107,205,236,19,132,117,82,214,195,1364,47
78,92,131,47,119,96,112,95,263,355,341,241,372,333,194,241,325,216,335,263,59,155,178,347,459,443,251,346,363,2341,47
80,143,106,144,95,113,118,117,164,307,244,43,149,186,105,249,211,32,127,176,76,189,171,69,187,182,23,140,141,1428,47
52,129,143,125,129,99,116,118,178,307,230,47,190,176,86,211,229,92,221,217,18,117,147,72,188,171,59,177,175,1463,47
105,143,126,119,118,117,94,84,3,146,108,1,127,144,58,177,184,82,200,201,58,175,176,83,177,200,68,152,162,1259,47
77,131,105,121,107,122,95,107,265,396,342,147,252,278,227,348,332,96,203,217,49,171,156,226,321,348,72,179,167,1947,47
73,95,118,117,106,119,118,105,67,162,140,10,128,105,353,470,471,12,118,129,22,141,128,281,399,400,1,106,119,1597,47
101,105,129,127,153,123,163,104,80,185,181,71,200,176,60,187,189,27,180,154,15,138,168,130,293,253,2,106,165,1390,47
80,109,71,110,95,112,124,83,144,253,224,95,166,204,144,254,215,190,285,300,226,338,321,222,346,334,500,583,624,2305,47
58,95,85,108,60,90,85,119,166,261,224,167,252,262,143,251,228,60,120,168,125,215,185,192,277,282,167,286,252,1720,47
95,100,127,104,93,106,118,94,115,215,210,77,204,177,53,157,180,69,162,173,48,154,141,33,151,139,83,177,201,1315,47
71,187,130,114,132,117,144,106,208,395,279,48,178,235,203,317,333,164,296,278,127,244,259,296,440,413,829,935,973,2876,47
72,113,97,95,106,152,95,84,292,405,364,133,230,246,265,360,362,146,252,241,143,295,249,126,221,278,132,216,227,2051,47
108,95,107,156,167,104,154,127,91,186,199,104,211,199,22,178,129,92,259,248,93,197,260,70,224,174,2,129,156,1492,47
92,115,121,95,107,96,63,71,141,256,233,160,281,275,96,191,217,248,355,343,132,228,239,248,311,344,180,251,243,1965,47
97,93,85,118,118,107,95,117,34,127,131,95,180,188,66,184,151,106,224,224,59,166,177,21,116,128,141,258,236,1352,47
87,118,143,131,117,93,128,117,102,220,189,47,190,165,45,176,188,10,127,141,107,200,224,107,235,200,154,271,282,1506,47
109,143,102,143,100,118,129,142,51,194,160,24,126,167,276,419,378,15,115,158,329,447,429,59,188,177,58,200,187,1798,47
90,110,130,105,129,94,129,117,287,397,377,71,201,181,210,315,340,49,178,154,11,105,140,316,445,410,37,154,166,1885,47
159,82,73,57,94,164,84,74,166,248,325,184,257,266,236,293,309,237,331,294,236,400,330,145,229,309,201,275,285,2192,48
65,67,76,53,111,68,59,43,188,255,253,199,275,266,190,243,266,219,330,272,171,239,282,214,273,282,172,215,231,1895,48
81,52,52,57,35,59,43,76,230,282,311,205,257,257,205,262,257,292,327,349,230,289,265,272,315,331,189,265,232,2078,48
98,61,59,45,60,69,69,43,214,275,312,213,272,274,231,276,290,228,288,273,214,283,274,187,256,256,155,198,224,1946,48
55,85,68,78,53,84,52,77,181,266,236,213,281,298,181,259,249,220,273,298,213,297,266,164,216,248,163,240,215,1887,48
73,76,76,62,71,68,59,76,198,274,271,189,265,265,215,277,291,236,307,298,211,279,282,189,248,257,156,232,215,1955,48
75,75,67,75,65,81,87,51,181,256,256,224,291,299,197,272,264,226,291,301,197,278,262,201,288,282,129,180,216,1931,48
63,73,64,67,30,43,43,59,247,320,310,267,331,340,168,235,232,463,493,530,285,328,315,396,439,439,213,272,256,2481,48
58,57,42,43,18,25,35,33,262,319,320,332,374,389,239,282,281,379,397,422,290,315,308,354,389,379,215,248,250,2382,48
73,69,69,83,91,61,51,68,188,257,261,222,291,291,188,271,257,199,290,282,207,268,298,212,263,273,164,232,215,1945,48
71,36,34,48,43,59,35,35,298,334,369,330,364,366,255,303,289,333,376,381,222,281,265,296,331,355,246,281,281,2341,48
56,52,24,57,44,60,43,60,206,258,262,263,287,315,207,264,231,258,302,315,221,281,265,329,372,389,180,240,223,2060,48
32,68,44,61,55,56,43,43,468,536,500,306,350,374,246,307,290,304,359,365,270,326,325,265,308,321,214,257,257,2475,48
86,60,76,35,47,61,65,68,166,226,252,230,306,290,205,240,281,259,306,294,205,266,252,279,344,340,224,292,289,2066,48
65,48,61,68,68,34,101,44,214,262,279,217,278,265,205,273,266,189,257,257,256,290,324,163,264,197,172,216,273,1905,48
71,52,35,43,40,51,51,51,214,266,285,234,269,286,210,253,245,265,305,308,224,275,264,288,339,339,189,240,240,2018,48
62,69,31,43,48,68,60,59,222,291,284,283,314,352,297,340,328,314,362,357,266,334,314,264,324,332,230,289,290,2316,48
40,43,19,60,101,51,59,85,222,265,262,280,299,323,214,274,233,263,364,323,189,240,290,255,314,306,173,258,232,2054,48
97,52,65,51,43,36,43,59,215,267,312,295,360,347,217,268,282,355,398,406,238,274,281,312,355,348,156,215,199,2234,48
32,60,42,42,122,68,83,59,286,346,318,267,309,327,229,271,271,281,403,323,185,253,307,305,388,373,173,232,256,2234,48
78,51,51,45,41,61,51,68,217,268,295,223,274,274,255,300,306,287,328,332,265,326,306,263,314,324,197,265,248,2153,48
13,67,44,68,35,23,43,43,168,235,181,205,249,272,172,240,216,263,298,331,251,274,286,246,289,269,171,214,214,1812,48
56,59,42,44,52,43,51,51,247,306,303,347,389,406,231,275,273,347,399,391,237,280,289,305,356,348,172,223,223,2284,48
26,52,68,55,60,69,60,43,203,255,229,205,273,257,222,277,290,252,312,307,205,274,265,187,247,256,172,215,232,1879,48
64,60,78,36,65,52,59,52,198,258,262,214,292,274,203,239,281,262,327,298,212,264,277,185,244,237,148,200,207,1888,48
64,58,69,70,69,44,76,43,208,266,272,172,241,230,188,258,257,203,272,273,213,257,282,187,263,231,148,191,224,1812,48
32,43,35,37,50,51,43,76,264,307,296,255,290,298,247,284,282,303,353,340,265,316,315,273,316,324,221,297,264,2195,48
48,76,40,57,42,60,43,70,247,323,295,206,246,282,232,289,272,309,351,366,231,291,273,246,289,306,172,242,215,2079,48
15,78,61,64,48,76,77,68,72,150,87,270,331,348,230,294,291,212,260,276,222,298,270,173,250,249,163,231,240,1829,48
139,92,36,27,43,51,44,70,312,404,451,339,375,431,262,289,298,370,413,397,256,307,299,329,373,380,155,225,199,2525,48
59,102,35,12,53,33,77,41,35,137,94,42,77,144,55,67,90,51,104,63,35,68,88,10,87,43,13,54,90,653,49
86,88,64,2,28,21,58,18,49,137,135,63,127,151,55,57,119,64,92,66,84,105,112,30,88,51,57,75,115,767,49
98,58,87,67,16,37,27,69,40,98,138,3,90,61,18,85,105,60,76,127,51,88,67,46,73,83,53,122,80,730,49
69,79,143,2,35,11,69,29,28,107,97,44,187,123,135,137,278,21,56,23,65,76,100,51,120,62,36,65,105,817,49
66,112,67,3,68,48,101,80,44,156,110,61,128,173,29,32,96,42,110,45,50,98,118,12,113,60,90,170,191,873,49
99,57,31,29,3,69,47,47,13,70,112,28,59,85,43,72,74,68,71,97,29,98,32,29,76,98,62,109,109,654,49
51,87,59,58,3,81,29,78,31,118,82,12,71,99,21,79,80,29,32,87,40,121,43,44,73,125,31,109,60,654,49
81,79,78,91,68,4,25,46,47,126,128,50,128,129,54,145,132,15,83,106,29,33,97,53,78,57,50,96,75,770,49
39,5,36,70,81,8,100,49,86,91,125,61,97,66,116,186,152,28,109,98,22,30,103,8,108,16,17,66,117,726,49
79,139,52,168,4,89,63,14,311,450,390,18,70,157,39,207,91,39,43,207,41,130,45,26,89,115,38,52,101,1120,49
94,36,4,46,4,59,4,68,83,119,177,49,53,85,73,119,77,73,77,119,29,88,33,69,73,128,10,78,14,701,49
64,23,81,49,55,45,110,41,51,74,115,22,103,45,23,72,104,42,97,91,22,67,77,19,129,64,3,44,113,650,49
61,20,90,3,93,56,9,35,1,21,62,54,144,74,30,33,120,29,122,32,17,73,110,56,65,112,51,86,60,605,49
26,28,62,37,69,16,58,33,51,79,77,32,94,60,45,82,107,32,101,69,45,61,114,31,89,47,30,63,88,595,49
73,65,103,20,26,8,75,71,1,66,74,30,133,95,98,118,201,19,45,39,82,90,108,35,110,43,87,158,162,793,49
89,78,39,77,55,123,98,37,71,149,160,68,107,146,65,142,104,20,75,97,270,393,325,51,149,174,30,67,128,1171,49
108,98,61,59,37,64,4,26,49,147,157,34,95,132,95,154,156,37,74,96,23,87,60,40,44,104,51,77,55,786,49
71,50,74,63,29,151,3,35,14,64,85,87,161,137,27,90,101,64,93,127,72,223,101,30,33,181,41,76,44,811,49
98,111,100,17,57,35,85,20,34,145,132,31,131,142,37,54,137,52,109,69,41,76,98,52,137,87,13,33,98,783,49
65,88,45,27,121,35,25,68,1,89,66,19,64,107,37,64,82,32,153,59,20,55,141,49,74,84,43,111,68,675,49
81,44,46,17,36,35,78,34,42,86,123,141,187,185,36,53,82,23,59,40,58,93,94,20,98,55,54,88,132,745,49
14,23,79,38,80,77,48,28,81,104,95,57,136,80,25,63,104,22,102,60,17,94,97,41,89,118,47,75,95,677,49
77,46,71,54,13,80,39,102,90,136,167,59,130,105,8,62,79,40,53,94,21,101,34,36,75,116,21,123,60,757,49
74,101,30,100,64,70,68,41,10,111,84,1,31,102,21,121,51,2,66,102,40,110,104,203,271,273,56,97,124,881,49
75,46,19,36,3,27,3,34,17,63,92,45,64,91,42,78,61,72,75,108,41,68,44,121,124,148,3,37,6,584,49
88,120,24,77,76,47,4,37,29,149,117,8,32,128,43,120,67,21,97,98,54,101,130,72,76,119,40,77,44,740,49
95,11,69,99,79,65,76,52,2,13,97,50,119,61,18,117,87,30,109,129,2,67,81,21,97,86,12,64,88,681,49
114,160,50,36,25,2,56,44,51,211,165,2,52,162,24,60,74,54,79,90,71,73,96,65,121,67,41,85,97,795,49
54,22,58,3,133,3,69,32,52,74,106,55,113,77,39,42,97,44,177,47,70,73,203,41,110,44,31,63,100,706,49
70,12,109,62,67,4,45,56,40,52,110,15,124,27,16,78,125,15,82,77,106,110,173,30,75,34,52,108,97,699,49
5,81,76,65,73,77,64,69,156,237,161,407,483,488,244,309,320,269,342,334,265,342,338,233,297,310,186,255,250,2270,50
41,69,64,65,77,79,89,80,283,352,324,224,288,293,242,307,306,199,276,264,165,244,242,218,307,297,188,268,277,2083,50
31,68,68,80,76,120,80,77,307,375,338,185,253,253,220,300,288,241,317,321,220,340,296,156,236,276,177,254,257,2106,50
59,68,80,80,6,78,77,59,197,265,256,175,255,243,174,254,254,252,258,332,215,293,221,209,286,287,230,289,307,1959,50
79,76,69,79,80,102,79,91,194,270,273,185,254,261,185,264,254,163,243,242,208,310,288,206,285,308,218,309,297,2014,50
24,53,68,83,77,33,78,66,700,753,724,540,608,593,293,376,361,406,483,489,275,308,352,276,354,309,276,342,354,3248,50
24,89,82,80,29,89,96,68,253,342,277,232,314,321,257,337,339,323,352,403,208,297,237,233,329,322,222,290,318,2285,50
28,91,78,78,122,68,78,82,593,684,621,209,287,300,186,264,264,164,286,242,154,222,276,218,296,286,221,303,299,2370,50
69,91,16,81,111,79,67,81,255,346,324,311,327,402,244,325,260,207,318,288,164,243,275,186,253,265,263,344,330,2225,50
43,144,77,88,67,96,94,74,430,574,473,176,253,320,190,278,267,242,309,330,220,316,287,198,292,294,196,270,290,2335,50
55,78,82,57,79,78,75,78,563,641,618,294,376,372,251,308,333,360,439,417,221,299,300,213,288,291,241,319,316,2725,50
26,67,90,66,90,87,73,108,704,771,730,439,529,506,319,385,409,318,408,384,253,340,343,216,289,303,285,393,358,3141,50
43,77,90,62,80,75,47,65,374,451,417,243,333,320,225,287,315,206,286,268,167,242,247,295,342,370,321,386,368,2370,50
54,78,77,77,75,77,67,72,209,287,263,145,222,223,178,255,255,188,263,265,198,275,273,198,265,275,317,389,384,2010,50
39,67,91,81,58,62,103,69,205,272,244,175,266,242,207,288,298,205,263,286,179,241,237,143,246,205,173,242,276,1857,50
70,80,52,79,74,77,95,77,384,464,454,203,255,283,230,309,282,321,395,400,210,287,284,219,314,296,181,258,276,2352,50
43,84,99,78,81,90,85,79,295,379,338,306,405,390,264,342,363,196,277,274,228,318,309,202,287,292,229,308,314,2359,50
11,11,66,70,68,69,107,66,644,655,655,1204,1270,1215,194,264,260,295,363,365,208,277,276,397,504,466,179,245,286,3589,50
38,85,21,69,86,78,32,76,302,387,340,578,599,663,260,329,281,242,328,311,289,367,375,289,321,367,253,329,285,2698,50
60,82,57,79,69,79,79,76,538,620,598,316,373,398,229,308,286,218,287,297,340,419,409,250,329,329,244,320,323,2716,50
29,80,67,76,80,68,92,75,346,426,375,286,353,366,323,399,390,227,307,303,240,308,320,251,343,319,234,309,326,2474,50
50,68,67,66,81,67,64,56,307,375,357,296,363,364,244,310,311,229,310,295,230,297,311,232,296,299,243,299,307,2300,50
13,68,68,60,114,81,79,67,239,307,252,483,551,551,572,632,640,350,464,410,236,317,350,416,495,497,299,366,378,3145,50
58,80,118,299,68,137,78,80,396,476,454,261,379,341,1340,1639,1458,2,70,301,2036,2173,2104,199,277,336,218,298,296,5370,50
37,22,68,79,80,79,80,89,353,375,390,209,277,231,196,275,264,218,298,297,241,320,321,261,341,340,208,297,288,2220,50
44,69,49,75,68,81,66,79,249,318,293,225,274,294,234,309,283,176,244,251,217,298,285,208,274,289,207,286,273,2047,50
32,65,64,66,110,79,85,66,338,403,370,220,284,285,232,298,296,199,309,265,197,276,307,297,382,376,269,335,354,2319,50
41,74,69,79,88,89,99,85,598,672,639,230,299,304,240,319,309,188,276,267,197,286,285,190,289,279,177,262,276,2444,50
39,60,69,67,69,70,76,70,185,245,224,194,263,254,185,252,254,176,245,243,206,276,275,187,263,257,218,288,294,1871,50
51,58,77,81,79,34,89,112,328,386,379,562,639,620,216,297,293,252,331,333,254,288,333,207,296,241,220,332,309,2620,50
13,71,36,61,69,76,45,84,168,239,181,161,197,232,170,231,206,147,216,208,139,215,208,225,270,301,194,278,239,1659,51
6,57,63,56,60,79,77,70,334,391,340,138,201,195,120,176,183,119,179,175,130,209,190,132,209,211,109,179,186,1550,51
54,61,69,85,20,45,47,68,167,228,221,147,216,208,115,200,184,139,159,224,117,162,137,137,184,182,127,195,174,1398,51
43,45,80,85,101,53,53,94,146,191,189,166,246,211,166,251,246,140,241,225,136,189,237,146,199,199,180,274,233,1634,51
121,111,102,95,70,88,21,28,113,224,234,214,316,325,71,166,173,21,91,116,96,184,166,36,57,124,120,148,141,1307,51
67,102,89,72,61,70,80,86,127,229,194,127,216,229,118,190,207,152,213,224,148,218,209,135,215,205,161,247,241,1595,51
24,69,69,72,13,20,112,83,267,336,291,131,200,200,121,193,190,157,170,229,148,168,161,53,165,73,295,378,407,1634,51
18,63,60,117,95,102,135,74,119,182,137,310,370,373,254,371,314,65,160,182,96,198,191,89,224,191,90,164,225,1687,51
5,70,8,80,93,44,86,72,137,207,142,333,341,403,128,208,136,126,219,206,115,159,208,121,207,165,99,171,185,1517,51
57,61,78,97,70,92,35,62,140,201,197,131,209,192,95,192,173,101,171,198,132,224,202,130,165,222,156,218,191,1437,51
62,77,83,38,94,71,83,16,297,374,359,114,197,191,123,161,206,145,239,183,128,199,222,103,186,174,133,149,216,1567,51
64,83,104,88,63,96,76,85,136,219,200,133,237,216,351,439,455,369,432,457,143,239,206,79,155,175,105,190,181,1975,51
29,68,88,113,71,54,63,84,170,238,199,294,382,362,119,232,207,178,249,291,143,197,214,135,198,189,130,214,193,1739,51
15,102,12,88,70,71,59,54,453,555,468,164,176,266,86,174,98,318,388,406,131,202,201,102,161,173,121,175,180,1846,51
6,14,58,60,21,78,68,110,192,206,198,289,347,303,103,163,161,148,169,208,80,158,101,128,196,206,147,257,215,1502,51
59,127,77,102,86,114,110,116,388,515,447,114,191,241,106,208,183,404,490,506,617,731,703,84,194,198,132,248,242,2636,51
27,61,92,81,70,77,82,59,346,407,373,104,196,165,116,197,208,141,211,222,322,399,392,179,261,256,108,167,190,1865,51
59,49,60,61,70,54,120,67,122,171,181,159,219,208,105,166,165,345,415,406,154,208,224,122,242,176,52,119,172,1599,51
23,65,58,50,51,51,62,60,146,211,169,136,194,201,140,190,198,134,185,184,311,362,362,139,201,190,137,197,199,1563,51
80,57,67,28,79,102,105,85,90,147,170,120,187,177,154,182,221,311,390,339,121,223,200,303,408,405,77,162,182,1779,51
98,100,81,89,70,71,102,73,101,201,199,115,196,215,101,190,182,103,173,192,120,191,190,362,464,433,136,209,238,1722,51
20,44,18,34,41,109,22,79,34,78,54,124,142,168,4,38,22,27,68,61,21,130,62,15,37,124,17,96,39,609,51
52,74,44,39,12,53,45,61,15,89,67,34,78,108,21,60,65,60,72,99,13,66,25,31,76,84,21,82,66,575,51
72,47,72,112,5,36,74,28,49,96,121,1,73,48,577,689,649,28,33,140,5,41,10,29,103,65,10,38,84,1145,51
63,45,65,67,32,32,43,70,37,82,100,21,86,66,81,148,146,34,66,101,34,66,66,5,48,37,367,437,410,996,51
32,54,52,54,60,70,46,54,119,173,151,106,158,160,123,177,175,102,162,156,87,157,147,105,151,175,95,149,141,1159,51
42,33,63,69,28,58,89,67,24,57,66,18,81,51,13,82,76,37,65,106,30,88,58,134,223,192,141,208,230,846,51
76,65,29,37,74,88,20,83,89,154,165,2,31,67,37,74,66,1,75,38,13,101,87,19,39,107,14,97,34,647,51
43,66,50,42,87,75,60,82,275,341,318,118,168,184,323,365,373,164,251,206,103,178,190,91,151,166,139,221,199,1718,51
11,10,69,40,45,57,49,42,143,153,154,503,572,513,142,182,211,122,167,162,132,189,177,313,362,370,150,192,199,1828,51
127,107,108,120,109,130,129,108,32,139,159,74,182,181,52,172,160,62,171,182,84,214,193,41,170,171,52,160,181,1335,52
63,87,76,119,97,87,119,96,136,223,199,135,211,222,128,247,204,115,212,234,137,224,234,115,234,202,361,457,480,1871,52
124,117,164,152,149,126,129,161,74,191,198,65,229,182,59,211,223,51,200,203,17,143,166,266,395,392,40,201,169,1694,52
1511,282,109,173,110,143,138,130,350,632,1861,6,115,288,73,246,182,29,139,202,72,215,182,42,180,185,41,171,179,3209,52
174,139,140,119,163,118,159,142,2,141,176,49,189,188,41,160,181,63,226,182,40,158,203,26,185,144,38,180,197,1413,52
86,118,118,123,109,153,119,142,50,168,136,53,171,171,28,151,146,63,172,186,40,193,149,29,148,182,63,205,182,1294,52
127,97,102,140,98,129,142,151,57,154,184,134,236,231,83,223,185,20,118,160,105,234,203,20,162,149,72,223,214,1477,52
124,119,163,104,128,130,142,132,32,151,156,63,226,182,23,127,186,41,169,145,33,163,161,40,182,170,51,183,193,1325,52
118,131,131,135,135,165,118,150,34,165,152,64,195,195,166,301,297,47,182,182,13,178,148,40,158,205,52,202,170,1499,52
97,133,151,75,120,77,17,162,81,214,178,167,318,300,104,179,255,95,215,170,158,235,278,57,74,134,169,331,186,1663,52
156,142,134,141,144,129,131,163,44,186,200,24,158,166,95,236,229,30,174,171,92,221,236,30,161,159,136,299,267,1591,52
128,123,118,118,129,119,164,107,62,185,190,62,180,185,64,182,182,320,449,438,105,224,234,61,225,180,61,168,225,1741,52
130,115,150,144,119,109,120,108,14,129,144,52,202,167,182,326,332,27,146,171,52,161,171,83,203,192,40,148,160,1445,52
143,119,140,163,150,152,141,162,15,134,158,54,194,173,39,202,179,2,152,165,71,223,221,264,405,416,29,191,170,1644,52
129,103,131,115,152,108,118,157,17,120,146,106,237,209,22,137,153,42,194,157,72,180,224,31,149,139,86,243,204,1389,52
118,97,107,131,108,118,139,142,52,149,170,75,182,172,20,151,127,30,138,161,22,140,130,97,236,215,71,213,210,1327,52
105,154,108,153,138,120,116,151,80,234,185,40,148,194,63,216,171,206,344,359,47,167,185,287,403,407,86,237,202,1854,52
125,140,132,133,89,61,118,164,32,172,157,62,194,202,49,182,181,113,202,246,23,84,112,217,335,278,63,227,181,1521,52
91,76,110,97,119,132,96,129,101,177,192,276,386,352,72,169,182,84,203,181,63,195,182,61,157,193,74,203,170,1581,52
104,119,119,120,129,96,119,117,19,138,123,200,319,319,222,342,341,448,577,568,94,190,223,63,182,159,116,233,235,2085,52
139,127,131,109,152,134,207,419,3,130,142,105,236,232,92,201,223,95,247,204,30,164,182,36,243,170,72,491,279,1851,52
92,109,176,113,163,146,169,143,101,210,193,84,260,193,67,180,243,71,234,184,14,160,177,22,191,168,105,248,274,1575,52
104,131,118,119,130,119,154,114,45,176,149,82,200,213,74,193,192,31,161,150,105,224,235,125,279,244,22,136,176,1473,52
128,66,131,128,118,120,118,139,86,152,214,115,246,181,9,137,140,64,182,192,30,150,148,63,181,183,53,192,171,1368,52
68,70,22,106,131,138,106,96,303,373,371,38,60,108,196,302,218,76,207,182,21,159,152,638,744,776,86,182,192,2095,52
103,62,96,120,98,97,65,75,173,235,276,371,467,433,169,289,265,147,245,267,316,413,414,215,280,312,171,246,236,2278,52
138,142,151,132,153,91,151,120,24,166,162,29,180,171,39,171,190,81,234,213,57,148,210,127,278,218,39,159,190,1474,52
107,105,97,111,97,118,138,107,321,426,428,115,212,220,95,206,192,161,258,272,20,138,117,116,254,234,33,140,171,1741,52
115,129,98,81,99,120,99,106,141,270,256,137,235,266,481,562,579,169,268,250,212,332,311,179,278,299,167,273,266,2333,52
131,106,130,118,119,119,97,151,23,129,154,318,448,424,42,160,172,41,160,159,95,214,214,105,202,224,63,214,160,1658,52
48,39,30,31,2,4,4,51,86,125,134,95,125,134,2,33,32,141,143,172,2,6,4,68,72,72,4,55,8,607,53
6,44,6,29,37,13,3,42,43,87,49,89,95,133,62,91,68,45,82,74,55,68,92,106,109,119,44,86,47,624,53
41,6,24,47,7,55,26,74,120,126,161,53,77,59,57,104,81,88,95,135,26,81,33,36,62,91,15,89,41,675,53
32,9,47,18,20,50,4,25,85,94,117,24,71,33,4,22,51,48,68,66,18,68,38,15,19,65,59,84,63,458,53
11,18,38,32,23,65,16,63,85,103,96,30,68,48,53,85,91,34,57,66,60,125,83,104,120,169,4,67,20,636,53
47,134,4,91,6,29,28,24,44,178,91,7,11,141,66,157,70,50,56,141,57,86,63,33,61,62,3,27,31,623,53
43,49,24,49,18,70,17,6,40,89,83,109,133,158,33,82,57,78,96,127,16,86,34,3,20,73,47,53,64,602,53
6,4,8,63,6,65,4,15,57,61,63,63,71,67,7,70,15,75,81,138,14,79,20,142,146,207,102,117,106,631,53
8,3,6,7,5,8,2,10,103,106,111,36,42,39,67,74,73,32,37,39,33,41,38,142,144,150,16,26,18,478,53
90,53,57,61,3,3,9,7,237,290,327,93,150,146,2,63,59,7,10,68,103,106,106,50,59,53,103,110,112,878,53
28,102,38,22,64,65,19,12,60,162,88,19,57,121,44,66,82,91,155,113,85,150,149,35,54,100,31,43,50,715,53
15,69,90,38,41,70,59,32,35,104,50,32,122,101,7,45,97,64,105,102,8,78,49,49,108,119,2,34,61,611,53
4,45,5,69,36,18,36,4,29,74,33,24,29,69,29,98,34,23,59,92,19,37,55,100,136,118,2,6,38,443,53
80,4,53,20,51,5,22,68,65,69,145,3,56,7,96,116,149,15,66,35,3,8,54,56,78,61,2,70,24,543,53
10,6,9,90,4,5,5,56,4,10,14,22,31,28,14,104,23,59,63,149,34,39,38,74,79,79,3,59,8,395,53
7,141,32,45,17,2,28,9,319,460,326,21,53,162,105,150,137,2,19,47,41,43,58,42,70,44,28,37,56,839,53
89,9,6,17,11,60,32,19,3,12,92,27,33,36,105,122,111,33,44,50,11,71,22,21,53,81,37,56,69,480,53
8,21,11,47,64,52,64,7,35,56,43,89,100,110,30,77,41,29,93,76,9,61,73,24,88,76,41,48,105,531,53
21,103,39,60,28,107,5,50,22,125,43,28,67,131,61,121,100,19,47,79,24,131,52,7,12,114,99,149,104,673,53
15,53,56,60,29,73,57,55,41,94,56,26,82,79,31,91,87,23,52,83,21,94,50,35,92,108,2,57,59,577,53
9,11,10,41,5,42,19,22,60,71,69,3,13,14,60,101,70,123,128,164,2,44,7,70,89,112,47,69,66,524,53
7,89,68,13,28,4,27,10,49,138,56,49,117,138,60,73,128,37,65,50,103,107,131,15,42,19,140,150,167,699,53
6,51,36,40,46,52,54,99,2,53,8,218,254,269,15,55,51,59,105,99,3,55,49,32,86,84,13,112,67,726,53
8,27,6,83,19,19,4,43,65,92,73,14,20,41,32,115,38,2,21,85,52,71,71,64,68,83,2,45,6,440,53
16,7,91,9,20,70,49,16,100,107,116,3,94,10,3,12,94,59,79,68,2,72,22,2,51,72,22,38,71,469,53
6,45,63,6,4,4,27,22,50,95,56,105,168,150,21,27,84,86,90,92,20,24,24,27,54,31,60,82,87,546,53
52,51,83,6,56,47,54,52,10,61,62,59,142,110,11,17,94,55,111,61,12,59,68,32,86,79,17,69,71,597,53
10,4,9,24,46,19,5,32,2,6,12,49,58,53,45,69,54,3,49,27,23,42,69,61,66,80,109,141,114,441,53
27,17,54,65,28,47,38,17,29,46,56,113,167,130,132,197,186,68,96,133,23,70,51,31,69,78,2,19,40,691,53
28,49,54,89,48,60,44,56,26,75,54,44,98,93,2,91,56,22,70,111,2,62,50,43,87,103,9,65,53,576,53
25,26,3,66,71,49,26,41,130,156,155,75,78,101,168,234,171,81,152,147,11,60,82,81,107,130,28,69,54,881,54
4,4,86,26,63,149,94,4,23,27,27,49,135,53,57,83,143,57,120,83,1,150,64,1,95,150,50,54,144,668,54
37,6,37,35,3,53,19,27,60,66,97,86,123,92,14,49,51,70,73,105,57,110,60,2,21,55,55,82,74,561,54
5,18,63,32,31,33,29,25,93,111,98,31,94,49,15,47,78,41,72,73,62,95,93,129,158,162,24,49,53,631,54
67,4,16,63,36,3,25,74,1,5,68,69,85,73,13,76,29,43,79,106,47,50,83,45,70,48,11,85,36,517,54
7,5,98,14,3,72,25,50,36,41,43,15,113,20,4,18,102,42,45,56,35,107,38,134,159,206,43,93,68,583,54
4,37,72,4,43,69,15,55,59,96,63,34,106,71,37,41,109,36,79,40,25,94,68,37,52,106,48,103,63,575,54
15,66,4,43,12,4,3,4,27,93,42,46,50,112,14,57,18,86,98,129,22,26,34,66,69,70,72,76,75,484,54
4,109,80,3,39,3,13,116,1,110,5,2,82,111,95,98,175,57,96,60,69,72,108,57,70,60,11,127,24,659,54
7,18,63,41,16,18,111,101,52,70,59,70,133,88,65,106,128,201,217,242,76,94,92,104,215,122,822,923,933,1765,54
25,60,60,71,37,37,5,66,21,81,46,59,119,119,24,95,84,59,96,130,23,60,60,36,41,73,48,114,53,631,54
5,23,112,84,84,26,10,80,46,69,51,89,201,112,21,105,133,36,120,120,2,28,86,57,67,83,18,98,28,693,54
57,28,10,130,4,53,9,8,53,81,110,91,101,119,19,149,29,10,14,140,3,56,7,24,33,77,59,67,68,558,54
17,39,67,4,84,40,13,70,213,252,230,23,90,62,13,17,80,37,121,41,10,50,94,32,45,72,12,82,25,674,54
30,54,54,9,3,100,11,10,39,93,69,129,183,183,314,323,368,72,75,81,2,102,5,37,48,137,49,59,60,913,54
6,58,63,31,8,95,27,5,25,83,31,94,157,152,2,33,65,27,35,58,35,130,43,11,38,106,43,48,70,530,54
6,14,8,35,16,19,49,15,28,42,34,111,119,125,50,85,58,47,63,82,27,46,43,33,82,52,35,50,84,493,54
4,2,26,52,85,10,61,15,68,70,72,124,150,126,29,81,55,32,117,84,230,240,315,93,154,103,70,85,131,901,54
5,3,80,36,5,46,3,16,86,89,91,74,154,77,2,38,82,45,50,81,21,67,26,24,27,70,53,69,56,499,54
9,3,28,15,62,60,50,6,34,37,43,582,610,585,44,59,72,57,119,72,23,83,85,36,86,96,43,49,93,1052,54
5,46,71,71,37,96,75,85,62,108,67,58,129,104,20,91,91,5,42,76,3,99,40,16,91,112,22,107,97,672,54
25,16,10,71,4,14,61,6,71,87,96,66,76,82,135,206,145,3,7,74,149,163,153,57,118,71,59,65,120,747,54
7,54,27,8,96,85,21,15,65,119,72,70,97,124,100,108,127,21,117,29,23,108,119,73,94,158,84,99,105,749,54
7,4,73,98,41,5,21,82,133,137,140,17,90,21,21,119,94,16,57,114,47,52,88,60,81,65,22,104,43,647,54
19,6,7,28,9,60,14,18,13,19,32,47,54,53,68,96,75,64,73,92,56,116,65,35,49,95,29,47,43,473,54
8,110,53,5,16,62,66,72,33,143,41,2,55,112,49,54,102,41,57,46,8,70,24,35,101,97,17,89,83,577,54
10,97,31,45,82,5,64,33,41,138,51,27,58,124,72,117,103,2,84,47,41,46,123,90,154,95,12,45,76,652,54
7,4,84,6,4,135,87,35,126,130,133,48,132,52,16,22,100,83,87,89,7,142,11,78,165,213,38,73,125,758,54
5,18,25,57,27,65,12,56,83,101,88,108,133,126,33,90,58,39,66,96,127,192,154,54,66,119,72,128,84,781,54
31,8,66,44,135,48,15,29,52,60,83,32,98,40,6,50,72,12,147,56,4,52,139,23,38,71,31,60,46,536,54
115,57,70,74,111,66,74,88,22,79,137,25,95,82,36,110,106,5,116,79,2,68,113,20,94,86,17,105,91,782,55
51,64,70,69,63,78,72,53,39,103,90,33,103,97,17,86,87,42,105,111,2,80,65,23,95,101,31,84,103,707,55
45,70,78,70,75,77,73,68,25,95,70,23,101,93,4,74,82,21,96,91,107,184,182,11,84,88,21,89,94,768,55
14,24,71,90,43,22,5,73,21,45,35,32,103,56,3,93,74,4,47,94,40,62,83,61,66,83,7,80,12,510,55
102,96,58,91,63,15,60,27,2,98,104,33,91,129,2,93,60,125,188,216,71,86,134,88,148,103,38,65,98,871,55
47,87,79,99,79,85,72,73,16,103,63,27,106,114,19,118,98,3,82,102,20,105,99,20,92,105,20,93,92,746,55
43,109,94,107,58,71,73,68,140,249,183,435,529,544,5,112,99,2,60,109,23,94,81,44,117,115,14,82,87,1286,55
39,4,139,51,113,38,64,35,107,111,146,1,140,5,2,53,141,15,128,66,1,39,114,27,91,65,36,71,100,672,55
44,125,48,71,68,84,67,82,22,147,66,2,50,127,22,93,70,27,95,98,20,104,88,14,81,98,25,107,92,721,55
36,61,85,82,77,87,77,77,28,89,64,49,134,110,20,102,105,17,94,99,20,107,97,2,79,89,15,92,92,733,55
106,114,112,58,64,8,57,55,1,115,107,22,134,136,20,78,132,43,107,101,39,47,103,57,114,65,2,57,59,758,55
84,79,74,107,47,64,61,67,4,83,88,30,104,109,3,110,77,18,65,125,18,82,65,32,93,96,2,69,63,690,55
83,84,84,84,70,62,70,46,19,103,102,21,105,105,22,106,106,22,92,106,33,95,103,23,93,85,47,93,117,770,55
103,78,74,73,82,81,61,61,15,93,118,22,96,100,19,92,93,20,102,93,15,96,97,20,81,101,33,94,94,757,55
76,71,62,61,70,72,59,76,32,103,108,33,95,104,31,92,93,24,94,85,33,105,103,35,94,107,19,95,78,754,55
72,45,72,72,61,60,63,61,34,79,106,21,93,66,24,96,96,32,93,104,20,80,81,45,108,105,18,79,81,700,55
36,60,49,98,37,72,72,65,23,83,59,43,92,103,22,120,71,19,56,117,21,93,58,21,93,93,19,84,91,657,55
83,97,78,82,61,9,44,89,8,105,91,2,80,99,11,93,89,22,83,104,120,129,181,25,69,34,2,91,46,733,55
25,71,55,61,92,58,73,61,35,106,60,24,79,95,21,82,76,23,115,84,2,60,94,9,82,67,32,93,105,642,55
96,69,138,53,107,106,70,84,34,103,130,45,183,114,4,57,142,3,110,56,10,116,117,25,95,131,20,104,90,864,55
55,73,81,76,60,76,27,14,34,107,89,1,82,74,43,119,124,20,80,96,16,92,76,32,59,108,59,73,86,667,55
69,72,60,60,75,48,25,49,21,93,90,34,94,106,33,93,93,21,96,81,19,67,94,70,95,118,32,81,57,688,55
71,120,32,68,63,73,63,43,19,139,90,3,35,123,13,81,45,46,109,114,8,81,71,31,94,104,83,126,146,736,55
34,121,27,59,137,8,43,58,6,127,40,2,29,123,127,186,154,17,154,76,5,13,142,23,66,31,24,82,67,691,55
10,86,73,60,60,54,60,62,8,94,18,19,92,105,21,81,94,45,105,105,17,71,77,44,104,98,23,85,83,642,55
81,59,64,70,60,57,51,79,23,82,104,32,96,91,20,90,84,33,93,103,25,82,85,44,95,101,32,111,83,730,55
32,72,61,60,63,62,71,49,31,103,63,20,81,92,32,92,93,21,84,81,42,104,105,20,91,82,34,83,105,670,55
70,74,56,63,74,75,91,57,20,94,90,31,87,105,25,88,81,20,94,83,17,92,91,107,198,182,22,79,113,802,55
29,62,62,75,65,62,48,66,41,103,70,21,83,83,42,117,104,2,67,77,46,108,111,19,67,81,56,122,104,696,55
100,55,61,60,62,10,44,15,20,75,120,30,91,85,21,81,82,45,107,105,2,12,64,73,117,83,56,71,100,654,55
65,89,115,124,125,162,65,89,95,184,160,79,194,168,41,165,156,37,162,161,49,211,174,41,106,203,63,152,128,1239,56
123,32,71,6,78,75,74,70,23,55,146,56,127,88,33,39,104,90,168,96,88,163,166,108,182,183,92,162,166,1019,56
64,182,18,66,72,98,26,62,2,184,66,1,19,183,19,85,37,2,74,68,10,108,82,41,67,139,34,96,60,697,56
57,109,32,88,79,66,5,59,4,113,61,2,34,111,50,138,82,8,87,96,22,88,101,71,76,137,90,149,95,742,56
125,6,4,69,56,92,48,62,1,7,126,57,61,63,49,118,53,43,99,112,13,105,69,39,87,131,35,97,83,699,56
49,64,67,38,72,27,74,32,33,97,82,19,86,83,18,56,85,60,132,98,45,72,117,22,96,49,76,108,150,696,56
9,28,63,42,5,47,32,55,58,86,67,8,71,36,13,55,76,60,65,102,18,65,23,63,95,110,13,68,45,514,56
84,47,78,99,40,28,43,21,31,78,115,75,153,122,4,103,82,30,70,129,64,92,104,22,65,50,1,22,44,667,56
80,70,20,82,73,21,88,4,4,74,84,31,51,101,63,145,83,30,103,112,107,128,180,22,110,43,51,55,139,746,56
8,8,7,100,84,84,49,70,2,10,10,37,44,45,49,149,56,3,87,103,2,86,86,41,90,125,99,169,148,643,56
97,93,74,64,67,47,17,4,107,200,204,25,99,118,58,122,132,119,186,183,115,162,182,37,54,84,59,63,76,983,56
81,75,70,69,30,44,4,34,7,82,88,37,107,112,29,98,99,2,32,71,54,98,84,49,53,93,31,65,35,616,56
55,54,33,8,62,15,24,19,31,85,86,22,55,76,60,68,93,63,125,71,105,120,167,29,53,44,80,99,104,660,56
110,129,4,11,38,133,63,74,24,153,134,3,7,132,28,39,32,71,109,82,39,172,77,3,66,136,22,96,85,752,56
37,75,58,10,52,6,14,83,43,118,80,28,86,103,24,34,82,123,175,133,132,138,184,27,41,33,99,182,113,811,56
84,100,99,109,99,77,61,100,64,164,148,61,160,161,63,172,162,63,162,172,74,151,173,133,194,210,95,195,156,1282,56
34,109,6,28,64,48,26,25,83,192,117,137,143,246,25,53,31,12,76,40,28,76,92,36,62,84,42,67,68,703,56
48,46,56,77,39,14,19,57,113,159,161,29,85,75,21,98,77,28,67,105,71,85,110,1,20,15,39,96,58,658,56
90,62,73,21,4,49,72,6,2,64,92,25,98,87,12,33,85,81,85,102,39,88,43,88,160,137,113,119,185,737,56
103,51,9,5,18,54,42,31,17,68,120,55,64,106,64,69,73,89,107,94,8,62,26,4,46,58,73,104,115,623,56
7,25,29,92,4,23,18,27,2,27,9,54,83,79,30,122,59,18,22,110,58,81,62,80,98,103,62,89,80,529,56
119,40,36,23,14,4,6,15,4,44,123,46,82,86,49,72,85,64,78,87,71,75,85,74,80,78,110,125,116,675,56
73,105,8,87,115,15,63,47,2,107,75,9,17,114,60,147,68,46,161,133,2,17,117,2,65,17,45,92,108,679,56
58,7,6,50,52,35,10,84,90,97,148,83,89,90,37,87,43,107,159,157,136,171,188,80,90,115,1,85,11,836,56
59,44,57,34,13,40,59,72,61,105,120,8,65,52,58,92,115,83,96,117,119,159,132,126,185,166,109,181,168,942,56
92,97,5,25,40,77,60,6,3,100,95,35,40,132,40,65,45,89,129,114,3,80,43,20,80,97,85,91,145,677,56
7,5,57,22,27,40,131,121,2,7,9,64,121,69,31,53,88,51,78,73,65,105,92,63,194,103,31,152,162,717,56
46,96,22,98,73,27,86,50,2,98,48,31,53,127,42,140,64,3,76,101,27,54,100,40,126,67,27,77,113,670,56
83,59,47,61,73,36,44,38,2,61,85,62,109,121,110,171,157,104,177,165,59,95,132,31,75,67,122,160,166,931,56
72,69,20,126,28,5,56,88,4,73,76,35,55,104,40,166,60,65,93,191,57,62,85,83,139,88,42,130,98,790,56
112,100,87,118,151,107,120,126,59,159,171,92,179,192,83,201,170,21,172,139,63,170,214,85,205,192,81,207,201,1405,57
96,95,103,60,92,76,39,83,0,95,96,1,104,96,18,78,121,1,93,61,21,97,113,21,60,97,107,190,146,813,57
25,7,42,28,8,55,48,145,30,37,55,69,111,76,51,79,93,177,185,205,68,123,76,3,51,58,10,155,58,766,57
90,83,49,76,27,30,26,2,2,85,92,2,51,85,53,129,102,26,53,102,52,82,79,55,81,85,157,159,183,730,57
104,109,87,98,112,101,83,67,49,158,153,104,191,213,63,161,150,64,176,162,56,157,168,59,142,160,87,154,170,1243,57
94,85,64,60,21,11,19,82,24,109,118,1,65,86,54,114,118,28,49,88,92,103,113,79,98,90,17,99,36,731,57
70,67,69,94,49,42,31,26,27,94,97,100,169,167,1,95,70,20,69,114,38,80,87,52,83,94,61,87,92,747,57
76,66,78,91,53,26,14,55,25,91,101,2,80,68,3,94,81,29,82,120,29,55,82,79,93,105,55,110,69,681,57
73,43,31,9,53,23,99,30,128,171,201,61,92,104,63,72,94,51,104,60,45,68,98,53,152,76,1,31,100,763,57
80,89,101,66,75,59,7,38,1,90,81,3,104,92,3,69,104,2,77,68,19,78,94,67,74,126,27,65,34,637,57
50,67,105,53,91,71,72,107,29,96,79,14,119,81,1,54,106,15,106,68,1,72,92,2,74,73,20,127,92,698,57
66,49,65,109,64,69,112,63,21,70,87,21,86,70,17,126,82,0,64,109,9,78,73,1,113,70,76,139,188,742,57
59,100,32,38,17,22,4,88,18,118,77,24,56,124,42,80,74,75,92,113,54,76,71,81,85,103,52,140,56,706,57
32,8,60,18,80,61,93,72,66,74,98,53,113,61,58,76,118,62,142,80,19,80,99,2,95,63,30,102,123,714,57
63,74,74,67,101,57,45,36,3,77,66,22,96,96,11,78,85,2,103,69,12,69,113,35,80,92,52,88,97,654,57
104,102,75,100,102,92,78,74,96,198,200,48,123,150,65,165,140,58,160,158,89,181,191,79,157,171,73,147,151,1235,57
102,89,102,108,51,35,36,47,73,162,175,72,174,161,1,109,103,5,56,113,31,66,82,36,72,71,65,112,101,853,57
88,86,79,54,85,79,87,49,50,136,138,84,163,170,80,134,159,577,662,631,93,172,178,70,157,149,112,161,199,1673,57
67,41,82,95,73,71,75,78,42,83,109,111,193,152,2,97,84,24,97,119,2,73,75,1,76,72,14,92,89,778,57
26,16,57,23,12,16,37,93,36,52,62,52,109,68,28,51,85,113,125,136,41,57,53,136,173,152,1,94,38,687,57
84,99,65,76,88,97,98,80,702,801,786,91,156,190,96,172,161,72,160,148,115,212,203,72,170,169,58,138,156,1893,57
47,48,88,100,159,154,66,100,107,155,154,67,155,115,73,173,161,70,229,170,44,198,203,61,127,215,178,278,244,1362,57
35,95,62,86,20,35,15,103,44,139,79,1,63,96,42,128,104,4,24,90,81,116,101,51,66,86,46,149,61,720,57
61,86,109,111,89,115,110,99,106,192,167,63,172,149,61,172,170,70,159,181,85,200,174,29,139,144,252,351,362,1446,57
50,84,89,84,130,99,110,118,95,179,145,63,152,147,98,182,187,47,177,131,71,170,201,95,205,194,30,148,140,1263,57
119,86,86,64,100,67,89,69,65,151,184,56,142,142,2,66,88,15,115,79,1,68,101,3,92,70,2,71,91,824,57
86,82,82,89,88,78,53,89,1,83,87,1,83,83,13,102,95,10,98,99,4,82,92,6,59,84,44,133,97,726,57
94,59,37,69,3,67,26,57,7,66,101,50,87,109,53,122,90,33,36,102,52,119,55,27,53,94,27,84,53,661,57
100,69,86,113,110,106,158,97,85,154,185,101,187,170,73,186,159,68,178,181,85,191,195,61,219,167,13,110,171,1325,57
68,54,35,51,47,31,69,24,8,62,76,49,84,103,35,86,70,39,86,90,39,70,86,31,100,62,53,77,122,633,57
16,7,4,5,3,6,7,4,137,144,153,19,23,26,194,199,198,30,33,35,128,134,131,105,112,111,52,56,59,717,58
5,5,25,27,35,16,57,4,140,145,145,20,45,25,164,191,189,4,39,31,110,126,145,76,133,92,43,47,100,731,58
6,38,63,5,15,43,45,12,107,145,113,1,64,39,177,182,240,24,39,29,167,210,182,5,50,48,109,121,154,817,58
5,5,6,74,18,5,54,5,169,174,174,186,192,191,6,80,12,102,120,176,110,115,128,2,56,7,150,155,204,897,58
11,6,6,8,41,11,29,4,83,89,94,42,48,48,160,168,166,2,43,10,142,153,183,60,89,71,85,89,114,690,58
5,5,7,5,16,4,5,25,252,257,257,2,9,7,243,248,250,15,31,20,86,90,102,117,122,121,20,45,25,807,58
4,7,7,6,54,24,4,44,104,111,108,66,73,73,222,228,229,16,70,22,87,111,141,127,131,151,20,64,24,792,58
5,7,23,22,82,13,6,6,146,153,151,2,25,9,143,165,166,2,84,24,57,70,139,113,119,126,51,57,57,678,58
6,5,2,75,5,7,26,4,166,171,172,46,48,51,186,261,188,126,131,201,120,127,125,30,56,37,180,184,206,984,58
6,4,36,24,22,89,26,17,170,174,176,160,196,164,151,175,187,177,199,201,116,205,138,113,139,202,199,216,225,1310,58
27,7,18,8,15,16,15,14,145,152,172,143,161,150,145,153,163,157,172,165,147,163,162,148,163,164,148,162,163,1153,58
5,6,23,20,82,5,10,43,151,157,156,6,29,12,175,195,198,1,83,21,93,98,175,116,126,121,9,52,19,745,58
4,5,27,5,54,5,22,3,133,138,137,32,59,37,202,207,229,2,56,7,100,105,154,160,182,165,5,8,27,759,58
4,30,57,4,48,24,44,5,111,141,115,3,60,33,162,166,219,3,51,7,108,132,156,101,145,125,41,46,85,745,58
6,5,28,18,5,8,15,27,148,153,154,165,193,170,140,158,168,178,183,196,172,180,177,159,174,167,161,188,176,1235,58
6,38,5,17,58,5,7,4,85,123,91,62,67,100,170,187,175,1,59,18,88,93,146,158,165,163,19,23,26,723,58
4,5,4,23,26,22,29,3,114,119,118,42,46,47,199,222,203,4,30,27,363,385,389,78,107,100,71,74,100,987,58
9,73,6,8,9,5,7,31,2,75,11,95,101,168,90,98,96,152,161,160,66,71,75,33,40,38,140,171,147,726,58
5,10,4,4,18,5,8,23,130,140,135,26,30,36,189,193,193,9,27,13,120,125,138,106,114,111,1,24,9,658,58
4,14,45,7,39,4,6,47,110,124,114,4,49,18,178,185,223,3,42,10,114,118,153,96,102,100,8,55,14,679,58
5,12,6,7,20,5,14,37,98,110,103,89,95,101,137,144,143,5,25,12,176,181,196,14,28,19,157,194,171,782,58
21,34,3,4,6,7,56,9,183,217,204,2,5,36,130,134,133,159,165,163,106,113,112,14,70,21,138,147,194,872,58
6,47,130,5,32,18,6,18,164,211,170,2,132,49,75,80,205,2,34,7,110,128,142,132,138,150,8,26,14,755,58
5,6,41,7,51,28,20,52,123,129,128,18,59,24,173,180,214,2,53,9,141,169,192,99,119,127,2,54,22,768,58
8,9,16,8,27,8,27,17,111,120,119,25,41,34,215,223,231,3,30,11,150,158,177,66,93,74,75,92,102,765,58
4,5,6,12,26,24,6,30,174,179,178,2,8,7,162,174,168,76,102,88,87,111,113,127,133,151,3,33,9,744,58
18,22,54,7,6,26,49,14,132,154,150,2,56,24,174,181,228,27,33,34,185,211,191,4,53,30,98,112,147,818,58
4,7,45,5,36,34,10,40,157,164,161,11,56,18,125,130,170,95,131,100,64,98,100,130,140,164,5,45,15,768,58
23,7,19,6,7,75,40,8,175,182,198,81,100,88,40,46,59,162,169,168,8,83,15,73,113,148,110,118,150,834,58
4,16,45,6,16,18,132,19,124,140,128,1,46,17,200,206,245,3,19,9,176,194,192,2,134,20,11,30,143,773,58
74,110,91,90,101,111,58,69,71,181,145,120,211,230,147,237,238,61,162,151,43,154,144,133,191,244,129,198,187,1408,59
40,61,5,62,34,53,62,44,128,189,168,182,187,243,94,156,99,126,160,188,100,153,134,108,170,161,91,135,153,1190,59
78,110,95,86,46,102,81,78,14,124,92,77,172,187,20,106,115,113,159,199,34,136,80,11,92,113,84,162,165,1029,59
66,77,91,117,37,110,112,97,94,171,160,97,188,174,69,186,160,226,263,343,109,219,146,104,216,214,124,221,236,1530,59
48,62,100,119,100,121,121,99,198,260,246,50,150,112,15,134,115,108,208,227,48,169,148,141,262,262,140,239,261,1470,59
65,39,123,141,129,99,98,114,138,177,203,43,166,82,15,156,138,97,226,238,80,179,209,143,241,242,44,158,142,1368,59
65,98,130,96,73,30,140,91,33,131,98,35,165,133,1,97,131,24,97,120,89,119,162,93,233,123,41,132,181,1039,59
29,85,69,35,62,82,37,62,143,228,172,133,202,218,209,244,278,138,200,173,152,234,214,197,234,279,136,198,173,1569,59
65,130,158,4,16,136,89,125,53,183,118,58,216,188,123,127,281,55,71,59,181,317,197,180,269,316,103,228,192,1476,59
149,108,59,108,80,48,98,65,15,123,164,218,277,326,114,222,173,25,105,133,107,155,187,49,147,97,40,105,138,1283,59
48,99,64,109,130,73,92,80,54,153,102,160,224,259,64,173,128,356,486,465,58,131,188,115,207,188,69,149,161,1571,59
29,91,67,119,74,126,118,66,85,176,114,89,156,180,86,205,153,200,274,319,90,216,164,97,215,223,158,224,276,1495,59
66,96,75,80,77,106,61,23,98,194,164,82,157,178,89,169,164,85,162,165,98,204,175,41,102,147,368,391,429,1445,59
81,43,103,109,111,169,85,56,91,134,172,52,155,95,21,130,124,25,136,134,19,188,130,60,145,229,59,115,144,1084,59
62,73,91,89,81,102,78,68,63,136,125,89,180,162,79,168,170,46,127,135,106,208,187,35,113,137,121,189,199,1183,59
54,142,83,111,49,101,62,69,53,195,107,72,155,214,89,200,172,2,51,113,146,247,195,112,174,213,129,198,191,1274,59
31,92,91,131,58,149,73,90,88,180,119,133,224,225,24,155,115,100,158,231,106,255,164,29,102,178,63,153,136,1258,59
73,78,93,103,81,70,114,63,185,263,258,183,276,261,154,257,247,132,213,235,202,272,283,398,512,468,173,236,287,2102,59
83,87,101,79,67,96,37,90,94,181,177,131,232,218,91,170,192,94,161,173,125,221,192,102,139,198,71,161,108,1348,59
74,81,74,88,70,23,73,113,27,108,101,77,151,158,15,103,89,68,138,156,180,203,250,29,102,52,120,233,193,1112,59
64,62,65,62,9,103,113,38,182,244,246,190,255,252,182,244,247,255,264,317,145,248,154,139,252,242,161,199,274,1770,59
74,69,64,12,73,62,52,60,210,279,284,153,217,222,158,170,222,145,218,157,95,157,168,119,171,181,140,200,192,1486,59
82,97,104,102,94,7,16,11,93,190,175,96,200,193,49,151,153,49,143,151,199,206,293,82,98,89,176,187,192,1257,59
83,64,124,126,84,103,90,81,88,152,171,54,178,118,36,162,160,184,268,310,82,185,166,79,169,182,61,142,151,1339,59
78,91,75,87,66,81,69,71,140,231,218,122,197,213,182,269,257,141,207,228,117,198,183,208,277,289,156,227,225,1684,59
62,94,61,88,52,82,62,69,153,247,215,192,253,286,145,233,206,176,228,264,189,271,241,100,162,182,139,208,201,1664,59
68,47,47,81,106,84,75,54,50,97,118,151,198,198,190,271,237,21,127,102,138,222,244,26,101,110,97,151,172,1235,59
33,86,113,83,78,59,72,41,151,237,184,205,318,291,90,173,203,144,222,227,200,259,278,145,217,204,185,226,257,1685,59
75,56,46,84,69,88,70,67,174,230,249,179,225,235,149,233,195,223,292,307,152,240,221,361,431,449,249,316,319,2042,59
10,41,56,72,23,44,50,28,189,230,199,183,239,224,150,222,206,246,269,318,208,252,231,199,249,243,191,219,241,1690,59
76,101,107,103,113,100,102,59,164,265,240,156,263,257,206,309,313,124,237,227,159,259,272,172,274,272,120,179,222,1862,60
32,209,81,59,45,52,58,64,100,309,132,80,161,289,86,145,167,113,158,172,90,142,135,98,156,150,84,148,142,1251,60
126,117,150,70,107,115,150,76,77,194,203,736,886,853,733,803,883,339,446,409,779,894,886,97,247,212,123,199,273,3795,60
51,47,59,77,58,104,28,88,114,161,165,116,175,163,82,159,141,84,142,161,71,175,129,126,154,230,72,160,100,1177,60
34,68,87,52,16,27,60,52,368,436,402,231,318,299,211,263,298,439,455,491,262,289,278,180,240,207,97,149,157,2184,60
122,133,168,134,250,132,135,94,129,262,251,92,260,225,618,752,786,992,1242,1126,2,134,252,113,248,245,105,199,240,3219,60
25,4,93,102,87,17,4,74,87,91,112,71,164,75,14,116,107,23,110,125,115,132,202,46,50,63,397,471,401,1159,60
55,44,76,63,80,6,53,76,114,158,169,130,206,174,73,136,149,67,147,130,337,343,417,126,179,132,245,321,298,1545,60
92,91,113,142,97,342,159,139,127,218,219,240,353,331,652,794,765,136,233,278,96,438,193,105,264,447,102,241,261,2633,60
82,77,194,111,135,69,159,114,123,200,205,96,290,173,95,206,289,147,282,258,105,174,240,125,284,194,107,221,266,1739,60
189,147,139,60,56,72,5,113,1,148,190,12,151,159,50,110,189,57,113,117,27,99,83,98,103,170,26,139,31,1052,60
65,104,90,76,77,69,52,67,98,202,163,61,151,165,59,135,149,56,133,132,80,149,157,97,149,166,125,192,177,1176,60
123,118,67,166,129,185,135,126,233,351,356,258,325,376,203,369,270,195,324,361,88,273,217,171,306,356,138,264,273,2335,60
38,82,26,52,61,17,76,83,135,217,173,78,104,160,140,192,166,120,181,172,159,176,220,62,138,79,65,148,141,1194,60
65,14,31,88,3,67,4,110,90,104,155,72,103,86,40,128,71,25,28,113,53,120,56,116,120,183,413,523,417,1191,60
56,70,60,87,59,76,69,60,81,151,137,79,139,149,89,176,149,228,287,315,81,157,140,64,133,140,88,148,157,1247,60
122,117,62,89,56,100,34,72,5,122,127,11,73,128,2,91,64,14,70,103,2,102,58,2,36,102,29,101,63,717,60
147,202,110,117,143,42,184,144,64,266,211,72,182,274,147,264,257,981,1124,1098,168,210,311,97,281,139,303,447,487,2921,60
36,77,18,52,6,68,68,20,325,402,361,130,148,207,180,232,198,190,196,242,76,144,82,97,165,165,114,134,182,1457,60
104,77,76,59,87,44,65,96,73,150,177,89,165,166,98,157,174,106,193,165,96,140,183,113,178,157,75,171,140,1258,60
195,167,177,120,168,160,100,59,249,416,444,313,490,480,55,175,232,120,288,240,105,265,273,97,197,257,148,207,248,2233,60
59,72,119,32,62,24,69,48,66,138,125,2,121,74,1,33,120,3,65,35,87,111,149,1,70,25,2,50,71,647,60
104,106,68,69,153,161,120,92,123,229,227,116,184,222,163,232,231,105,258,174,104,265,257,3531,3651,3692,112,204,232,5127,60
56,60,9,60,44,52,77,60,131,191,187,210,219,270,110,170,119,171,215,231,146,198,190,138,215,190,139,199,216,1463,60
34,34,76,52,21,96,69,68,306,340,340,114,190,148,114,166,190,143,164,195,140,236,161,102,171,198,97,165,166,1466,60
40,45,44,48,109,53,52,45,137,182,177,146,190,191,130,178,174,128,237,176,55,108,164,97,149,150,130,175,182,1259,60
105,134,109,101,127,161,111,149,1934,2068,2039,172,281,306,147,248,256,442,569,543,280,441,407,89,200,250,104,253,215,4165,60
37,39,88,85,81,62,51,64,140,179,177,92,180,131,93,178,181,56,137,141,256,318,337,114,165,176,104,168,155,1362,60
52,61,101,67,71,90,91,69,113,174,165,93,194,154,225,292,326,130,201,197,284,374,355,12,103,102,90,159,181,1549,60
48,60,51,44,6,69,65,70,139,199,187,189,240,249,130,174,181,503,509,547,85,154,91,94,159,163,78,148,143,1631,60
89,103,61,4,107,118,80,65,32,135,121,80,141,183,67,71,128,67,174,71,24,142,131,36,116,154,32,97,112,965,61
57,41,31,23,137,109,83,20,76,117,133,91,122,132,101,124,132,66,203,89,51,160,188,22,105,131,101,121,184,1009,61
101,116,116,82,69,92,18,72,117,233,218,117,233,233,85,167,201,47,116,129,94,186,163,150,168,242,53,125,71,1329,61
6,137,5,107,8,41,61,79,176,313,182,4,9,141,208,315,213,134,142,241,37,78,45,93,154,134,38,117,99,1134,61
138,102,40,5,133,126,91,84,2,104,140,103,143,205,88,93,128,66,199,71,3,129,136,2,93,128,80,164,171,1063,61
83,110,116,73,97,57,28,50,5,115,88,3,119,113,30,103,146,102,199,175,304,361,401,80,108,137,87,137,115,1225,61
59,130,97,91,33,24,62,83,36,166,95,43,140,173,38,129,135,55,88,146,122,146,155,151,213,175,100,183,162,1124,61
9,81,21,4,130,20,7,118,48,129,57,80,101,161,93,97,114,65,195,69,91,111,221,86,93,106,87,205,94,940,61
80,21,8,73,13,19,105,77,80,101,160,94,102,115,101,174,109,96,109,169,59,78,72,77,182,96,22,99,127,925,61
66,114,131,120,146,123,132,89,29,143,95,42,173,156,33,153,164,31,177,151,3,126,149,56,188,179,17,106,149,1132,61
62,137,89,85,7,33,107,95,2,139,64,32,121,169,31,116,120,101,108,186,114,147,121,68,175,101,92,187,199,1055,61
87,115,96,29,4,92,119,119,20,135,107,67,163,182,91,120,187,98,102,127,118,210,122,22,141,114,21,140,140,1098,61
106,143,122,21,95,132,76,62,33,176,139,102,224,245,101,122,223,225,320,246,103,235,198,66,142,198,38,100,114,1425,61
70,105,103,31,49,18,19,6,29,134,99,23,126,128,72,103,175,46,95,77,88,106,137,277,296,295,112,118,131,1048,61
96,84,101,112,122,130,134,96,81,165,177,98,199,182,8,120,109,26,148,138,24,154,146,2,136,132,3,99,137,1117,61
75,88,48,4,61,45,96,94,2,90,77,316,364,404,106,110,154,74,135,78,71,116,132,33,129,78,68,162,164,1181,61
108,95,122,62,15,96,105,110,81,176,189,172,294,267,182,244,304,69,84,131,89,185,104,104,209,200,33,143,138,1443,61
93,147,162,116,39,16,109,113,2,149,95,45,207,192,30,146,192,67,106,183,95,111,134,130,239,146,15,128,124,1179,61
31,95,119,107,73,64,70,74,88,183,119,42,161,137,52,159,171,81,154,188,41,105,114,70,140,134,33,107,103,1040,61
130,82,105,94,102,108,59,86,116,198,246,62,167,144,117,211,222,18,120,112,31,139,133,22,81,130,57,143,116,1189,61
12,6,83,122,152,45,8,63,96,102,108,113,196,119,17,139,100,2,154,124,3,48,155,61,69,106,67,130,75,850,61
23,70,64,69,85,60,68,63,51,121,74,39,103,109,43,112,107,35,120,104,45,105,130,23,91,83,45,108,113,783,61
23,117,75,41,95,127,41,47,126,243,149,2,77,119,39,80,114,91,186,132,57,184,152,60,101,187,55,102,96,996,61
99,89,66,39,2,29,49,106,38,127,137,32,98,121,64,103,130,89,91,128,94,123,96,87,136,116,34,140,83,917,61
34,104,97,100,27,20,118,96,52,156,86,33,130,137,30,130,127,66,93,166,86,106,113,90,208,110,56,152,174,1009,61
88,87,118,103,78,103,61,86,31,118,119,76,194,163,26,129,144,64,142,167,3,106,81,42,103,145,33,119,94,999,61
81,130,64,62,129,98,76,39,13,143,94,54,118,184,60,122,124,62,191,124,21,119,150,28,104,126,68,107,144,985,61
132,84,98,75,35,6,54,100,4,88,136,45,143,129,28,103,126,60,95,135,111,117,146,99,153,105,41,141,95,972,61
89,38,3,96,79,19,120,95,50,88,139,89,92,127,80,176,83,17,96,113,59,78,138,92,212,111,69,164,189,995,61
94,90,117,111,58,50,6,107,85,175,179,19,136,109,3,114,120,32,90,143,68,118,126,100,106,150,66,173,72,1006,61
49,91,49,5,7,5,12,6,3,94,52,283,332,374,73,78,122,509,516,514,9,14,16,393,405,398,90,96,102,1584,62
38,49,6,7,17,7,41,31,2,51,40,263,269,312,136,143,142,295,312,302,86,93,103,497,538,504,64,95,105,1539,62
49,6,5,23,87,6,91,79,177,183,226,283,288,289,57,80,62,603,690,626,31,37,118,391,482,397,4,83,95,1892,62
74,31,179,54,80,120,99,163,3,34,77,308,487,339,3,57,182,339,419,393,68,188,148,367,466,487,12,175,111,1900,62
26,48,12,58,73,59,59,7,116,164,142,359,371,407,105,163,117,172,245,230,103,162,176,161,220,220,552,559,611,1910,62
45,128,90,53,107,94,128,78,39,167,84,212,302,340,40,93,130,426,533,479,66,160,173,363,491,457,3,81,131,1872,62
36,84,83,111,122,117,94,61,53,137,89,279,362,363,268,379,351,305,427,416,88,205,210,173,267,290,275,336,369,2149,62
38,95,98,77,71,77,110,57,43,138,81,217,315,312,64,141,162,196,267,273,133,210,204,473,583,550,32,89,142,1781,62
73,77,82,45,106,139,105,112,2,79,75,162,244,239,156,201,238,171,277,216,35,174,141,236,341,375,2,114,107,1503,62
8,66,49,69,105,66,101,110,3,69,11,328,377,394,45,114,94,290,395,359,2,68,107,945,1046,1011,3,113,104,2190,62
7,79,97,117,96,129,90,57,58,137,65,232,329,311,17,134,114,163,259,280,78,207,174,292,382,421,50,107,140,1562,62
7,6,123,42,101,78,122,38,102,108,109,192,315,198,18,60,141,319,420,361,2,80,103,219,341,297,21,59,143,1390,62
43,82,81,31,72,71,81,124,57,139,100,247,328,329,27,58,108,387,459,418,33,104,105,323,404,394,17,141,98,1676,62
77,55,55,104,99,61,59,83,2,57,79,345,400,400,95,199,150,216,315,320,24,85,123,321,380,382,10,93,69,1606,62
49,107,83,78,46,47,56,50,92,199,141,207,290,314,92,170,175,269,315,347,187,234,233,342,398,389,128,178,184,1833,62
56,82,62,93,84,136,26,33,20,102,76,279,341,361,12,105,74,250,334,343,17,153,101,244,270,380,70,103,96,1464,62
26,60,101,4,75,64,37,38,11,71,37,230,331,290,14,18,115,256,331,260,41,105,116,280,317,344,53,91,90,1290,62
32,117,93,129,122,112,110,103,31,148,63,136,229,253,23,152,116,242,364,371,12,124,134,246,356,358,13,116,123,1521,62
75,112,106,89,111,76,110,100,3,115,78,150,256,262,35,124,141,238,349,327,3,79,114,318,428,394,20,120,130,1546,62
69,96,118,90,85,92,77,106,3,99,72,202,320,298,3,93,121,255,340,345,22,114,107,259,336,351,31,137,108,1508,62
91,56,105,37,97,35,26,68,2,58,93,260,365,316,2,39,107,263,360,300,15,50,112,306,332,341,248,316,274,1611,62
5,46,98,181,93,106,112,43,5,51,10,304,402,350,15,196,113,205,298,386,34,140,127,336,448,442,2,45,114,1585,62
40,58,99,121,97,83,70,86,15,73,55,303,402,361,43,164,142,79,176,200,41,124,138,423,493,506,3,89,73,1561,62
185,18,129,77,167,73,111,56,2,20,187,171,300,189,3,80,132,166,333,243,3,76,170,285,396,358,16,72,127,1462,62
50,83,39,112,94,134,63,81,3,86,53,332,371,415,2,114,41,338,432,450,15,149,109,278,341,412,11,92,74,1635,62
34,35,108,70,97,52,72,62,29,64,63,242,350,277,2,72,110,224,321,294,20,72,117,332,404,384,29,91,101,1408,62
37,78,75,39,71,8,81,65,2,80,39,332,407,410,31,70,106,348,419,387,81,89,152,322,403,330,3,68,84,1573,62
75,14,86,95,91,107,108,85,224,238,299,243,329,257,140,235,226,264,355,359,140,247,231,287,395,394,157,242,265,2116,62
67,85,155,64,73,87,112,125,3,88,70,252,407,337,3,67,158,594,667,658,15,102,88,524,636,611,56,181,168,2215,62
45,87,108,37,71,43,157,31,22,109,67,135,243,222,39,76,147,396,467,433,37,80,108,293,450,336,2,33,159,1503,62
3,246,95,59,32,23,79,24,70,316,73,63,158,309,13,72,108,101,133,160,293,316,325,20,99,43,65,89,144,1186,63
38,27,145,3,34,2,70,65,46,73,84,32,177,59,85,88,230,86,120,89,107,109,141,131,201,133,75,140,145,946,63
67,15,4,58,99,48,57,12,106,121,173,94,98,109,73,131,77,1,100,59,29,77,128,20,77,68,71,83,128,754,63
94,89,63,86,53,17,113,49,22,111,116,63,126,152,8,94,71,36,89,122,70,87,123,41,154,58,29,78,142,833,63
70,111,60,4,36,52,110,23,38,149,108,32,92,143,94,98,154,39,75,43,69,121,105,1,111,53,20,43,130,759,63
81,38,5,32,69,68,80,13,54,92,135,125,130,163,251,283,256,31,100,63,30,98,99,8,88,76,41,54,121,926,63
7,44,35,34,5,79,59,9,58,102,65,47,82,91,58,92,93,86,91,120,40,119,45,20,79,99,66,75,125,647,63
23,15,104,86,4,67,31,58,78,93,101,38,142,53,1,87,105,44,48,130,107,174,111,157,188,224,61,119,92,874,63
78,87,142,3,27,67,86,35,1,88,79,1,143,88,119,122,261,72,99,75,95,162,122,1,87,68,43,78,129,857,63
73,46,124,104,72,28,36,51,1,47,74,66,190,112,127,231,251,127,199,231,128,156,200,29,65,57,90,141,126,1102,63
89,100,24,50,14,7,23,85,95,195,184,44,68,144,33,83,57,43,57,93,143,150,157,34,57,41,55,140,78,839,63
6,47,75,144,33,3,57,27,59,106,65,106,181,153,86,230,161,309,342,453,94,97,127,23,80,26,73,100,130,1142,63
59,37,112,10,46,3,114,81,51,88,110,31,143,68,122,132,234,52,98,62,72,75,118,31,145,34,52,133,166,873,63
58,57,77,90,74,84,132,90,95,152,153,87,164,144,88,178,165,36,110,126,58,142,132,21,153,105,66,156,198,1113,63
84,23,130,44,138,24,83,90,359,382,443,60,190,83,84,128,214,30,168,74,72,96,210,42,125,66,16,106,99,1279,63
53,68,55,16,101,69,76,18,31,99,84,31,86,99,65,81,120,114,215,130,130,199,231,1,77,70,36,54,112,864,63
4,2,40,61,87,26,3,60,83,85,87,91,131,93,38,99,78,22,109,83,31,57,118,104,107,130,42,102,45,694,63
48,123,133,56,49,137,60,5,21,144,69,3,136,126,50,106,183,141,190,197,69,206,118,30,90,167,72,77,132,997,63
3,6,28,90,104,94,133,111,80,86,83,139,167,145,250,340,278,71,175,161,62,156,166,41,174,135,97,208,230,1309,63
3,2,43,30,209,87,54,24,85,87,88,79,122,81,44,74,87,22,231,52,89,176,298,54,108,141,65,89,119,890,63
57,49,18,59,19,96,24,91,17,66,74,68,86,117,54,113,72,69,88,128,1,97,20,52,76,148,75,166,99,749,63
90,47,164,5,61,41,109,65,52,99,142,1,165,48,117,122,281,28,89,33,56,97,117,1,110,42,1,66,110,838,63
58,69,20,47,5,88,4,31,42,111,100,35,55,104,74,121,94,120,125,167,4,92,9,56,60,144,64,95,68,717,63
109,77,119,34,58,20,29,134,12,89,121,57,176,134,79,113,198,37,95,71,23,43,81,95,124,115,38,172,67,921,63
62,243,101,43,284,56,82,276,124,367,186,72,173,315,131,174,232,57,341,100,87,143,371,111,193,167,71,347,153,1800,63
110,122,26,146,46,2,54,62,28,150,138,20,46,142,139,285,165,30,76,176,97,99,143,57,111,59,49,111,103,988,63
101,19,91,106,67,59,4,116,53,72,154,67,158,86,23,129,114,43,110,149,43,102,110,96,100,155,57,173,61,945,63
85,58,79,94,58,11,100,79,85,143,170,186,265,244,2,96,81,31,89,125,55,66,113,19,119,30,21,100,121,963,63
22,67,3,17,35,58,67,36,76,143,98,115,118,182,57,74,60,79,114,96,30,88,65,10,77,68,243,279,310,915,63
4,90,3,35,79,50,82,36,183,273,187,9,12,99,86,121,89,118,197,153,18,68,97,83,165,133,106,142,188,982,63
82,75,72,33,3,83,31,3,375,450,457,287,359,362,336,369,408,58,61,91,255,338,258,1756,1787,1839,58,61,89,3507,64
84,84,84,84,73,61,52,40,92,176,176,99,183,183,91,175,175,112,185,196,101,162,174,154,206,215,135,175,187,1346,64
60,22,79,101,103,94,42,72,647,669,707,158,237,180,80,181,159,72,175,173,102,196,205,101,143,195,142,214,184,1875,64
85,74,21,94,83,84,51,91,106,180,191,153,174,227,123,217,144,89,172,183,132,216,215,113,164,197,124,215,175,1423,64
65,53,66,104,61,95,84,80,125,178,190,112,178,165,674,778,740,123,184,227,194,289,255,98,182,193,114,194,198,2048,64
49,93,96,76,68,75,116,106,2082,2175,2131,462,558,555,129,205,225,104,172,180,337,412,405,305,421,380,315,421,431,4413,64
67,63,53,63,47,61,66,74,107,170,174,111,164,174,121,184,174,137,184,200,147,208,194,119,185,180,120,194,186,1356,64
9,4,81,71,82,65,81,91,47,51,56,124,205,128,81,152,162,93,175,164,102,167,184,112,193,177,72,163,153,1115,64
45,83,95,64,83,85,71,71,90,173,135,217,312,300,89,153,184,355,438,419,101,186,184,308,379,393,115,186,186,1872,64
51,67,62,65,57,68,77,83,107,174,158,297,359,364,116,181,178,139,196,204,114,182,171,107,184,175,100,183,177,1510,64
91,62,76,84,73,78,108,94,169,231,260,87,163,149,70,154,146,100,173,184,76,154,149,68,176,146,57,151,165,1293,64
87,70,71,63,86,96,43,63,111,181,198,124,195,194,113,176,184,120,206,183,98,194,184,109,152,205,134,197,177,1388,64
49,238,76,83,76,83,156,116,1426,1664,1475,112,188,350,79,162,155,91,167,174,70,153,146,1246,1402,1329,317,433,473,4218,64
91,106,127,103,105,121,50,117,274,380,365,182,309,288,264,367,391,236,341,339,201,322,306,179,229,300,257,374,307,2413,64
76,117,97,107,89,104,103,64,623,740,699,122,219,239,104,211,201,110,199,217,271,375,360,377,480,481,215,279,318,2579,64
103,94,115,92,85,83,43,103,141,235,244,215,330,309,533,625,648,419,504,511,224,307,309,144,187,227,1209,1312,1252,3603,64
81,53,64,74,93,76,48,93,119,172,200,124,188,177,108,182,172,111,204,185,92,168,185,137,185,213,98,191,146,1371,64
15,68,46,84,96,62,83,85,360,428,375,139,185,207,124,208,170,99,195,183,121,183,217,195,278,257,356,441,439,1933,64
20,51,43,53,44,67,55,45,143,194,163,135,178,186,131,184,174,315,359,368,122,189,166,116,171,183,138,183,193,1478,64
25,85,74,63,51,84,87,74,183,268,208,172,246,257,172,235,246,218,269,281,142,226,193,572,659,656,117,191,204,2119,64
82,84,73,70,53,71,44,33,100,184,182,91,164,175,94,164,167,111,164,181,535,606,588,142,186,213,357,390,401,1940,64
50,48,63,75,53,65,82,85,138,186,188,82,145,130,122,197,185,118,171,193,112,177,165,99,181,164,81,166,163,1273,64
60,60,77,62,74,52,96,79,133,193,193,122,199,182,139,201,216,133,207,195,141,193,215,133,229,185,136,215,232,1497,64
70,98,95,98,90,103,63,53,275,373,345,159,254,257,168,266,263,142,232,240,146,249,236,132,195,235,154,207,217,1846,64
36,85,82,83,93,65,96,81,112,197,148,100,182,185,93,176,175,102,195,185,121,186,214,108,204,173,104,185,200,1361,64
51,31,86,80,103,86,84,85,173,204,224,133,219,164,101,181,187,123,226,203,90,176,193,272,356,358,112,197,196,1610,64
38,39,55,74,86,62,65,40,379,418,417,184,239,223,150,224,205,112,198,186,151,213,237,152,217,214,174,214,239,1761,64
80,103,51,84,116,74,123,96,390,493,470,585,636,688,162,246,213,112,228,196,561,635,677,153,276,227,163,259,286,2853,64
105,98,87,86,82,82,95,88,479,577,584,65,152,163,109,195,196,131,213,217,91,173,173,101,196,183,1538,1626,1633,3237,64
48,69,93,78,62,81,105,97,148,217,196,203,296,272,108,186,201,133,195,211,124,205,186,122,227,203,112,209,217,1583,64
5,50,70,16,86,90,80,33,177,227,182,136,206,186,180,196,250,136,222,152,91,181,177,96,176,186,197,230,277,1443,65
33,91,72,46,87,51,35,60,133,224,166,124,196,215,114,160,186,124,211,170,121,172,208,137,172,188,153,213,188,1381,65
54,72,77,81,110,70,58,63,141,213,195,144,221,216,91,172,168,98,208,179,105,175,215,129,187,199,117,180,175,1410,65
91,41,58,126,110,118,89,113,148,189,239,184,242,225,99,225,157,98,208,224,188,306,298,139,228,257,89,202,178,1691,65
85,87,93,106,152,80,142,122,98,185,183,98,191,185,84,190,177,52,204,158,18,98,170,99,241,179,556,678,698,1872,65
29,63,127,210,89,153,71,126,269,332,298,124,251,187,151,361,278,31,120,241,133,286,222,88,159,241,132,258,203,1796,65
61,65,37,125,91,78,98,57,248,313,309,338,375,403,245,370,282,121,212,246,133,211,224,101,199,179,127,184,225,1925,65
89,35,81,64,60,77,78,60,249,284,338,105,186,140,125,189,206,117,177,181,129,206,189,99,177,176,129,189,207,1497,65
148,228,109,117,123,113,87,118,330,558,478,235,344,463,226,343,335,194,317,311,783,896,906,126,213,239,89,207,176,3026,65
6,136,78,82,103,153,102,123,163,299,169,376,454,512,86,168,164,101,204,183,80,233,183,34,136,187,67,190,169,1690,65
118,104,97,67,79,80,119,59,719,823,837,128,225,232,234,301,331,26,105,93,127,207,206,98,217,178,69,128,188,2124,65
91,139,115,117,126,144,91,118,67,206,158,20,135,159,81,198,196,116,242,233,98,242,224,89,180,233,86,204,177,1498,65
80,93,82,59,105,95,110,97,106,199,186,94,176,187,119,178,201,138,243,197,113,208,218,148,258,243,228,325,338,1667,65
57,76,32,75,72,130,90,88,140,216,197,170,202,246,108,183,140,121,193,196,141,271,213,39,129,169,109,197,199,1448,65
102,104,183,107,43,61,79,91,149,253,251,121,304,225,37,144,220,136,179,243,90,151,133,100,179,161,43,134,122,1446,65
61,8,67,51,79,93,80,67,227,235,288,131,198,139,126,177,193,120,199,171,104,197,183,96,176,189,121,188,201,1431,65
39,92,111,69,144,66,28,91,188,280,227,124,235,216,342,411,453,106,250,175,2,68,146,100,128,166,69,160,97,1571,65
93,77,57,97,101,89,99,127,273,350,366,180,237,257,93,190,150,125,226,222,95,184,196,89,188,178,70,197,169,1665,65
80,98,117,65,94,74,89,113,194,292,274,136,253,234,417,482,534,198,292,263,371,445,465,196,285,270,103,216,192,2345,65
107,65,112,53,60,74,53,40,177,242,284,51,163,116,32,85,144,172,232,225,89,163,149,34,87,108,112,152,165,1231,65
26,86,112,82,76,75,102,48,185,271,211,501,613,587,128,210,240,184,260,266,156,231,232,134,236,209,184,232,286,2079,65
90,104,89,71,101,91,133,88,104,208,194,742,831,846,126,197,215,292,393,363,126,217,227,568,701,659,117,205,250,2842,65
91,99,82,112,98,69,106,94,1228,1327,1319,271,353,370,701,813,783,408,506,520,244,313,342,319,425,388,194,288,300,4116,65
67,61,80,87,116,81,140,105,135,196,202,107,187,168,58,145,138,61,177,148,98,179,214,87,227,168,101,206,241,1384,65
67,54,87,62,57,64,83,80,178,232,245,328,415,382,175,237,262,333,390,395,182,246,239,199,282,263,403,483,486,2352,65
80,17,78,55,49,61,49,57,182,199,262,130,208,147,111,166,189,123,172,178,106,167,155,149,198,210,121,178,170,1368,65
96,29,89,72,30,52,173,67,174,203,270,101,190,130,86,158,175,147,177,219,137,189,167,297,470,349,52,119,225,1602,65
36,13,37,53,52,64,46,42,235,248,271,142,179,155,125,178,162,145,197,198,116,180,168,138,184,202,129,171,175,1373,65
54,66,64,111,115,172,10,86,236,302,290,107,171,173,133,244,197,149,264,260,99,271,214,48,58,220,41,127,51,1491,65
10,89,90,117,103,99,32,98,177,266,187,108,198,197,115,232,205,84,187,201,102,201,205,111,143,210,147,245,179,1482,65
124,93,96,111,109,85,98,87,38,131,162,212,308,305,25,136,121,141,250,252,37,122,146,69,167,154,24,111,122,1349,66
109,97,96,80,83,68,112,66,187,284,296,84,180,181,17,97,113,106,189,186,38,106,121,95,207,163,1,67,113,1239,66
94,71,136,124,95,97,97,83,117,188,211,175,311,246,59,183,195,187,282,311,107,204,202,47,144,144,119,202,216,1608,66
142,98,110,136,78,82,110,111,64,162,206,1,111,99,637,773,747,169,247,305,84,166,162,62,172,144,150,261,260,2034,66
124,138,108,112,98,95,128,50,177,315,301,11,119,149,72,184,180,243,341,355,37,132,135,107,235,202,1,51,129,1501,66
110,94,68,96,81,70,129,60,45,139,155,119,187,213,107,203,175,50,131,146,84,154,165,84,213,154,1,61,130,1198,66
109,124,91,143,115,84,165,81,218,342,327,1096,1187,1220,0,143,91,233,348,376,220,304,335,71,236,155,107,188,272,2857,66
123,67,112,78,110,55,55,93,1,68,124,60,172,127,14,92,126,37,147,115,37,92,147,62,117,117,1879,1972,1934,2783,66
95,96,137,122,123,96,107,98,96,192,191,117,254,213,25,147,162,37,160,159,37,133,160,48,155,144,46,144,153,1280,66
137,110,96,124,109,83,109,82,220,330,357,25,121,135,61,185,157,13,122,137,61,144,170,38,147,121,49,131,158,1317,66
94,109,129,87,99,66,96,82,26,135,120,61,190,170,1,88,130,70,169,157,1,67,100,151,247,217,49,131,145,1121,66
113,137,109,110,93,111,109,127,94,231,207,13,122,150,107,217,216,1,94,111,49,160,142,60,169,171,49,176,158,1282,66
96,123,68,152,94,83,82,112,81,204,177,37,105,160,73,225,141,1,95,153,106,189,200,50,132,133,71,183,153,1229,66
106,82,123,123,152,93,119,96,128,210,234,37,160,119,63,186,186,0,152,123,1,94,153,66,185,159,4056,4152,4175,5245,66
121,125,96,138,98,55,53,78,73,198,194,12,108,137,73,211,169,37,135,175,83,138,181,89,142,144,2770,2848,2823,3901,66
94,96,82,97,110,128,58,114,199,295,293,95,177,191,84,181,166,394,504,491,165,293,275,41,99,169,78,192,136,1835,66
122,69,96,68,110,86,94,42,104,173,226,95,191,164,107,175,203,50,160,118,95,181,205,54,148,140,83,125,177,1275,66
135,124,96,112,107,97,71,110,60,184,195,12,108,136,95,207,191,1,108,113,58,155,165,49,120,146,61,171,132,1188,66
107,96,123,123,128,62,126,80,312,408,419,152,275,248,13,136,136,326,454,449,30,92,158,47,173,109,1,81,127,1726,66
96,96,109,97,109,96,110,94,48,144,144,24,133,120,37,134,146,38,147,135,201,297,310,37,147,133,38,132,148,1230,66
109,124,83,110,98,123,82,97,83,207,192,26,109,150,117,227,200,39,137,149,108,231,206,12,94,135,72,169,154,1283,66
148,138,111,111,107,112,100,98,24,162,172,12,123,150,48,159,159,3,110,114,60,172,167,1,101,113,29,127,129,1102,66
122,120,110,123,109,110,68,82,1,121,123,47,157,167,26,149,136,60,169,183,50,160,159,38,106,148,49,131,117,1115,66
121,110,110,82,138,123,109,127,130,240,251,13,123,123,119,201,229,26,164,108,48,171,186,17,126,140,70,197,179,1343,66
106,124,95,127,65,113,65,97,102,226,208,13,108,137,142,269,237,1,66,128,83,196,148,1,66,114,61,158,126,1195,66
109,111,109,122,97,97,108,56,82,193,191,37,146,148,36,158,145,37,134,159,47,144,144,25,133,122,49,105,157,1122,66
96,96,95,90,97,111,69,96,83,179,179,84,179,180,67,157,162,48,145,138,35,146,132,47,116,158,61,157,130,1175,66
123,122,96,124,110,97,95,70,26,148,149,37,133,159,49,173,145,26,136,150,50,147,160,48,143,145,38,108,133,1111,66
94,125,83,124,97,138,80,111,71,196,165,24,107,149,49,173,132,26,123,150,37,175,134,15,95,153,39,150,119,1113,66
120,119,97,147,66,127,107,95,14,133,134,49,146,168,17,164,114,0,66,147,48,175,114,1,108,128,13,108,120,1020,66
85,26,50,161,16,40,27,53,88,114,173,35,85,61,43,204,93,8,24,169,96,136,112,111,138,151,13,66,40,852,67
93,131,20,33,21,72,85,15,2,133,95,38,58,169,84,117,104,125,146,158,12,84,33,40,125,112,27,42,112,798,67
65,28,68,157,18,22,61,71,49,77,114,107,175,135,17,174,85,3,21,160,93,115,111,46,107,68,49,120,110,854,67
53,19,31,58,47,106,82,29,64,83,117,118,149,137,21,79,52,57,104,115,46,152,93,39,121,145,37,66,119,807,67
39,37,51,73,15,28,100,78,90,127,129,57,108,94,59,132,110,20,35,93,121,149,136,17,117,45,33,111,133,818,67
71,77,68,83,92,47,27,49,23,100,94,49,117,126,29,112,97,33,125,116,68,115,160,29,56,76,91,140,118,836,67
118,128,49,35,34,45,101,36,4,132,122,25,74,153,86,121,135,42,76,77,100,145,134,41,142,86,15,51,116,859,67
28,61,59,28,53,16,121,53,35,96,63,74,133,135,182,210,241,42,95,70,47,63,100,112,233,128,49,102,170,960,67
76,56,30,68,16,65,114,15,50,106,126,52,82,108,72,140,102,70,86,138,41,106,57,29,143,94,28,43,142,782,67
50,17,53,160,19,23,36,62,36,53,86,93,146,110,27,187,80,4,23,164,83,106,102,53,89,76,58,120,94,774,67
67,93,70,80,36,79,88,28,14,107,81,41,111,134,49,129,119,22,58,102,57,136,93,12,100,91,32,60,120,768,67
128,17,47,69,14,45,76,59,4,21,132,74,121,91,46,115,93,49,63,118,88,133,102,167,243,212,59,118,135,942,67
81,111,76,117,32,22,63,61,2,113,83,13,89,124,19,136,95,26,58,143,85,107,117,46,109,68,54,115,117,808,67
48,104,61,63,21,51,135,21,27,131,75,36,97,140,66,129,127,56,77,119,89,140,110,13,148,64,14,35,149,805,67
19,23,92,26,67,82,85,205,146,169,165,3,95,26,76,102,168,46,113,72,22,104,89,28,113,110,30,235,115,950,67
90,30,18,78,101,101,57,106,118,148,208,133,151,163,2,80,20,27,128,105,30,131,131,3,60,104,2,108,59,896,67
56,18,88,148,17,110,16,83,76,94,132,159,247,177,2,150,90,13,30,161,60,170,77,43,59,153,104,187,120,993,67
91,134,59,44,111,89,47,15,2,136,93,2,61,136,72,116,131,244,355,288,90,179,201,2,49,91,58,73,105,1060,67
82,133,58,36,35,67,105,40,2,135,84,17,75,150,95,131,153,38,73,74,74,141,109,27,132,94,2,42,107,811,67
20,83,81,99,16,36,16,110,41,124,61,59,140,142,13,112,94,53,69,152,77,113,93,108,124,144,17,127,33,829,67
25,51,54,116,41,127,15,45,104,155,129,33,87,84,2,118,56,2,43,118,79,206,120,3,18,130,91,136,106,788,67
19,170,41,99,17,17,38,41,29,199,48,2,43,172,25,124,66,18,35,117,126,143,143,93,131,110,30,71,68,765,67
32,17,61,61,90,28,40,72,77,94,109,91,152,108,66,127,127,34,124,95,19,47,109,64,104,92,44,116,84,796,67
65,18,85,113,49,38,18,52,75,93,140,61,146,79,2,115,87,2,51,115,92,130,141,64,82,102,93,145,111,827,67
31,62,39,101,23,29,14,59,47,109,78,77,116,139,18,119,57,30,53,131,132,161,155,71,85,100,80,139,94,813,67
68,55,35,103,18,18,22,71,26,81,94,42,77,97,33,136,68,16,34,119,66,84,84,82,104,100,38,109,60,693,67
30,41,52,135,19,52,16,46,54,95,84,64,116,105,24,159,76,20,39,155,54,106,73,57,73,109,77,123,93,741,67
57,23,97,84,24,23,70,61,89,112,146,29,126,52,15,99,112,32,56,116,111,134,135,29,99,52,48,109,118,792,67
70,115,110,73,16,19,39,50,2,117,72,17,127,132,5,78,115,70,86,143,74,93,90,74,113,93,53,103,92,787,67
17,33,20,18,33,129,43,83,139,172,156,2,22,35,186,204,206,85,118,103,57,186,90,5,48,134,2,85,45,852,67
90,142,127,132,27,94,108,107,28,170,118,151,278,293,13,145,140,153,180,285,58,152,85,59,167,153,23,130,131,1312,68
11,108,118,81,69,73,71,84,133,241,144,32,150,140,262,343,380,181,250,262,294,367,363,23,94,96,95,179,166,1635,68
81,95,119,91,146,129,80,113,72,167,153,94,213,189,94,185,213,826,972,917,111,240,257,33,113,162,195,308,275,2279,68
86,67,96,98,95,118,94,93,85,152,171,79,175,146,94,192,190,187,282,285,261,379,356,121,215,239,169,262,263,1743,68
82,142,150,65,106,109,95,85,94,236,176,22,172,164,11,76,161,36,142,101,47,156,153,71,166,180,33,118,128,1148,68
86,89,69,113,103,97,97,106,92,181,178,485,554,574,7,120,76,14,117,127,887,984,990,353,450,450,84,190,181,2682,68
31,74,73,99,55,71,77,78,224,298,255,69,142,143,268,367,341,134,189,233,213,284,268,212,289,283,438,516,515,2116,68
72,123,115,121,142,107,118,145,172,295,244,255,370,378,201,322,316,207,349,328,122,229,264,155,273,262,47,192,165,2102,68
73,93,83,57,95,49,61,43,110,203,183,10,93,103,40,97,123,21,116,78,23,72,118,21,82,70,88,131,149,867,68
83,119,105,118,95,96,123,108,226,345,309,456,561,575,144,262,249,93,188,211,95,191,190,140,263,236,92,200,215,2093,68
78,86,84,72,96,49,30,71,24,110,102,91,175,177,57,129,141,23,119,95,58,107,154,502,532,551,146,217,176,1467,68
47,92,95,71,87,113,108,61,122,214,169,346,441,438,96,167,191,178,265,249,219,332,306,113,221,226,81,142,189,1829,68
85,131,39,107,72,129,143,130,35,166,120,221,260,352,84,191,123,23,95,130,59,188,131,73,216,202,25,155,168,1356,68
35,108,81,71,82,85,34,95,120,228,155,59,140,167,179,250,260,83,165,154,95,180,177,93,127,178,179,274,213,1399,68
5,121,120,82,48,71,66,108,2,123,7,21,141,142,14,96,134,21,69,103,84,155,132,267,333,338,124,232,190,1154,68
39,62,58,60,71,97,55,97,168,230,207,19,77,81,44,104,102,24,95,84,59,156,130,14,69,111,47,144,102,914,68
40,54,60,33,69,81,83,84,30,84,70,70,130,124,50,83,110,48,117,81,18,99,87,32,115,113,13,97,96,765,68
27,72,82,77,81,95,80,35,96,168,123,191,273,263,222,299,304,44,125,121,178,273,259,204,284,299,119,154,199,1603,68
73,97,110,84,86,99,69,111,393,490,466,352,462,449,277,361,387,268,354,352,333,432,419,72,141,171,308,419,377,2732,68
112,89,46,108,73,93,83,68,92,181,204,42,88,131,22,130,68,745,818,853,119,212,192,94,177,187,97,165,180,1883,68
4,56,109,117,104,104,85,120,33,89,37,155,264,211,130,247,239,98,202,215,101,205,205,90,175,194,140,260,225,1446,68
67,79,97,99,47,96,97,119,316,395,383,339,436,418,310,409,407,651,698,750,71,167,118,355,452,451,222,341,319,2965,68
48,91,96,189,105,130,136,106,147,238,195,58,154,149,96,285,192,36,141,225,155,285,260,60,196,190,31,137,167,1484,68
82,81,23,122,72,42,93,96,295,376,377,83,106,164,10,132,33,268,340,390,75,117,147,19,112,61,295,391,388,1656,68
53,120,102,91,70,38,72,180,168,288,221,3,105,123,34,125,136,12,82,103,94,132,164,22,94,60,130,310,202,1189,68
73,215,86,81,74,89,120,108,70,285,143,21,107,236,117,198,203,47,121,128,63,152,137,192,312,281,55,163,175,1411,68
83,67,72,60,61,57,118,28,2,69,85,71,143,138,22,82,94,92,153,152,15,72,76,60,178,117,13,41,131,821,68
69,99,87,46,86,99,95,98,1,100,70,224,311,323,9,55,96,292,378,338,272,371,358,81,176,180,224,322,319,1782,68
46,60,144,112,128,43,119,71,25,85,71,22,166,82,390,502,534,70,198,182,18,61,146,34,153,77,2,73,121,1284,68
50,97,46,94,60,43,58,83,70,167,120,11,57,108,24,118,70,12,72,106,63,106,123,26,84,69,34,117,92,771,68
107,119,118,62,114,113,133,113,9,128,116,43,161,162,28,90,146,33,147,95,41,154,155,17,150,130,13,126,146,1063,69
31,130,106,87,116,88,110,116,8,138,39,17,123,147,22,109,128,34,150,121,13,101,129,67,177,155,1,117,111,946,69
121,150,112,149,118,132,143,98,43,193,164,1,113,151,30,179,142,9,127,158,17,149,135,5,148,137,1,99,144,1129,69
83,98,86,113,105,105,98,103,116,214,199,128,214,226,136,249,222,120,225,233,110,215,215,144,242,249,93,196,191,1638,69
81,115,80,113,104,90,71,123,97,212,178,154,234,269,134,247,214,128,232,241,136,226,240,151,222,241,145,268,216,1722,69
101,131,96,113,85,104,78,117,16,147,117,1,97,132,48,161,144,9,94,122,77,181,162,43,121,147,57,174,135,1076,69
96,109,107,113,131,111,108,97,158,267,254,138,245,247,125,238,232,163,294,276,138,249,269,134,242,245,119,216,227,1847,69
73,121,95,103,113,97,78,130,109,230,182,111,206,232,114,217,209,93,206,196,119,216,232,119,197,216,103,233,181,1578,69
79,131,2,119,122,80,11,107,17,148,96,110,112,241,24,143,26,2,124,121,93,173,215,87,98,167,167,274,178,1151,69
85,114,138,95,114,104,71,130,115,229,200,110,248,224,79,174,217,111,225,206,110,214,224,145,216,249,119,249,190,1640,69
76,88,107,104,88,95,96,94,45,133,121,118,225,206,101,205,208,120,208,224,127,222,215,120,216,215,121,215,217,1500,69
91,111,106,110,129,109,3,114,30,141,121,9,115,120,27,137,133,34,163,144,25,134,154,115,118,224,40,154,43,1053,69
79,113,96,72,42,74,105,104,203,316,282,145,241,258,155,227,251,170,212,242,184,258,226,129,234,203,110,214,215,1781,69
35,96,66,87,78,113,80,86,97,193,132,391,457,487,119,206,185,171,249,258,137,250,215,129,209,242,75,161,155,1760,69
91,92,83,113,95,77,95,104,110,202,201,155,238,247,104,217,187,129,224,242,155,232,250,138,233,215,103,207,198,1644,69
81,104,107,96,106,52,97,112,117,221,198,121,228,225,108,204,215,119,225,215,118,170,224,111,208,163,136,248,233,1585,69
62,69,85,119,104,130,82,122,109,178,171,158,243,227,101,220,186,131,235,250,120,250,224,134,216,264,153,275,235,1679,69
132,62,96,80,140,112,96,77,107,169,239,162,258,224,178,258,274,129,269,209,75,187,215,180,276,292,113,190,209,1739,69
96,47,134,127,111,96,106,102,187,234,283,129,263,176,148,275,282,133,244,260,146,242,257,197,303,293,130,232,236,1889,69
54,138,117,97,73,94,112,138,91,229,145,168,285,306,94,191,211,166,239,263,113,207,186,155,267,249,120,258,232,1730,69
55,104,110,121,86,77,89,69,112,216,167,137,247,241,114,235,224,113,199,234,174,251,260,124,213,201,336,405,425,1821,69
140,102,95,105,98,94,149,88,82,184,222,105,200,207,103,208,198,128,226,233,118,212,216,94,243,188,49,137,198,1550,69
12,65,78,96,86,111,123,72,134,199,146,142,220,207,129,225,207,162,248,258,80,191,166,136,259,247,101,173,224,1527,69
63,70,97,80,82,87,113,84,136,206,199,112,209,182,178,258,275,286,368,366,162,249,244,129,242,216,105,189,218,1784,69
61,107,164,113,68,88,122,52,94,201,155,126,290,233,85,198,249,165,233,278,180,268,248,119,241,207,386,438,508,1930,69
73,92,48,121,43,123,87,77,135,227,208,141,189,233,128,249,176,189,232,310,111,234,154,119,206,242,146,223,233,1633,69
113,125,105,78,128,141,113,97,111,236,224,82,187,207,128,206,233,130,258,208,111,252,239,100,213,241,136,233,249,1698,69
71,72,122,87,95,97,93,95,137,209,208,143,265,215,128,215,250,172,267,259,120,217,215,172,265,269,112,207,205,1716,69
33,84,114,121,108,82,80,42,111,195,144,129,243,213,126,247,240,153,261,274,185,267,293,82,162,164,51,93,131,1501,69
104,107,127,137,131,87,122,61,148,255,252,101,228,208,146,283,273,172,303,309,128,215,259,42,164,129,16,77,138,1629,69
72,56,96,93,16,33,5,109,28,84,100,32,128,88,29,122,125,25,41,118,89,122,105,68,73,101,68,177,73,819,70
12,5,69,84,4,72,5,77,37,42,49,61,130,66,98,182,167,75,79,159,42,114,46,26,31,98,79,156,84,746,70
62,29,19,79,38,4,30,54,77,106,139,60,79,89,40,119,59,57,95,136,36,40,74,43,73,47,62,116,92,690,70
117,11,54,47,87,46,6,1,45,56,162,107,161,118,3,50,57,151,238,198,2,48,89,77,83,123,55,56,61,809,70
50,7,101,38,3,61,92,86,46,53,96,96,197,103,87,125,188,23,26,61,100,161,103,57,149,118,113,199,205,960,70
73,68,146,97,86,74,42,52,20,88,93,46,192,114,41,138,187,171,257,268,129,203,215,2,44,76,37,89,79,1084,70
56,70,21,41,44,46,9,77,36,106,92,66,87,136,18,59,39,60,104,101,28,74,72,45,54,91,49,126,58,666,70
66,12,59,68,30,10,43,35,1,13,67,57,116,69,76,144,135,138,168,206,108,118,138,92,135,102,37,72,80,832,70
92,94,83,68,72,24,97,86,79,173,171,40,123,134,54,122,137,48,120,116,32,56,104,71,168,95,3,89,100,943,70
34,41,40,94,151,75,103,42,117,158,151,28,68,69,45,139,85,98,249,192,106,181,257,4,107,79,83,125,186,1061,70
77,111,104,71,96,88,61,51,113,224,190,60,164,171,95,166,199,160,256,231,101,189,197,130,191,218,119,170,180,1437,70
51,31,50,79,20,56,102,47,37,68,88,33,83,64,16,95,66,41,61,120,15,71,35,30,132,86,79,126,181,687,70
60,7,60,76,105,25,13,83,55,62,115,149,209,156,22,98,82,31,136,107,16,41,121,55,68,80,41,124,54,798,70
61,84,83,4,53,67,61,52,139,223,200,1,84,85,36,40,119,27,80,31,64,131,117,39,100,106,56,108,117,827,70
6,25,125,40,89,105,88,98,89,114,95,1,126,26,58,98,183,35,124,75,19,124,108,34,122,139,2,100,90,814,70
91,58,55,38,98,148,16,70,4,62,95,27,82,85,41,79,96,91,189,129,25,173,123,63,79,211,96,166,112,921,70
85,88,91,98,42,34,77,26,31,119,116,7,98,95,19,117,110,34,76,132,30,64,72,72,149,106,14,40,91,748,70
7,26,53,94,69,35,126,12,29,55,36,38,91,64,31,125,84,29,98,123,17,52,86,38,164,73,22,34,148,626,70
62,76,84,75,41,26,4,70,33,109,95,58,142,134,29,104,113,47,88,122,45,71,86,60,64,86,92,162,96,802,70
83,27,30,109,54,84,62,68,56,83,139,53,83,80,54,163,84,5,59,114,47,131,101,167,229,251,108,176,170,1007,70
74,89,42,23,68,122,52,4,3,92,77,36,78,125,52,75,94,158,226,181,15,137,83,16,68,138,77,81,129,831,70
95,156,108,109,177,100,45,6,145,301,240,112,220,268,114,223,222,97,274,206,130,230,307,2047,2092,2147,32,38,77,3473,70
69,45,16,100,32,87,6,125,72,117,141,16,32,61,97,197,113,4,36,104,44,131,76,2,8,89,78,203,84,793,70
70,23,61,19,83,68,57,8,3,26,73,76,137,99,55,74,116,62,145,81,24,92,107,26,83,94,108,116,165,743,70
85,67,29,78,9,70,45,108,2,69,87,1,30,68,48,126,77,68,77,146,85,155,94,19,64,89,12,120,57,726,70
73,42,111,96,85,112,53,35,11,53,84,40,151,82,40,136,151,43,128,139,22,134,107,6,59,118,82,117,135,851,70
59,54,15,83,20,2,66,102,54,108,113,48,63,102,74,157,89,84,104,167,93,95,113,192,258,194,54,156,120,1000,70
23,69,63,55,94,16,56,92,15,84,38,23,86,92,49,104,112,2,96,57,31,47,125,55,111,71,2,94,58,645,70
47,26,6,33,24,15,77,5,78,104,125,38,44,64,110,143,116,104,128,137,39,54,63,62,139,77,106,111,183,770,70
84,113,76,79,3,75,3,4,36,149,120,43,119,156,40,119,116,27,30,106,40,115,43,59,62,134,61,65,64,743,70
31,64,63,124,110,123,64,124,56,120,87,82,145,146,59,183,122,5,115,129,22,145,132,34,98,157,30,154,94,991,71
75,84,162,113,98,82,123,86,102,186,177,73,235,157,29,142,191,2,100,115,17,99,115,49,172,131,2,88,125,1097,71
63,85,61,128,87,102,102,129,119,204,182,113,174,198,74,202,135,47,134,175,23,125,110,39,141,141,25,154,127,1197,71
126,128,128,138,110,94,128,128,77,205,203,129,257,257,115,253,243,113,223,251,143,237,253,146,274,240,125,253,253,1828,71
147,119,135,136,111,138,86,93,105,224,252,79,214,198,102,238,237,62,173,198,84,222,195,43,129,181,92,185,178,1532,71
53,104,4,35,18,82,80,104,26,130,79,56,60,160,87,122,91,61,79,96,207,289,225,48,128,130,13,117,93,978,71
65,178,74,126,50,131,44,59,75,253,140,1,75,179,30,156,104,27,77,153,33,164,83,36,80,167,111,170,155,1040,71
80,102,82,91,95,136,103,102,87,189,167,157,239,259,100,191,182,82,177,173,84,220,179,29,132,165,92,194,195,1422,71
69,192,60,132,104,146,49,113,39,231,108,3,63,195,55,187,115,2,106,134,5,151,109,109,158,255,13,126,62,1091,71
84,136,88,116,83,151,49,140,76,212,160,38,126,174,18,134,106,16,99,132,15,166,98,2,51,153,39,179,88,1051,71
81,147,95,119,103,149,76,136,55,202,136,25,120,172,2,121,97,23,126,142,4,153,107,4,80,153,40,176,116,1059,71
47,69,94,114,4,150,103,132,120,189,167,2,96,71,30,144,124,78,82,192,46,196,50,2,105,152,28,160,131,1019,71
60,153,90,129,94,119,94,128,68,221,128,14,104,167,2,131,92,39,133,168,22,141,116,8,102,127,49,177,143,1069,71
51,94,41,140,27,129,126,137,145,239,196,110,151,204,50,190,91,49,76,189,30,159,57,108,234,237,38,175,164,1275,71
78,181,71,130,104,147,126,139,42,223,120,3,74,184,4,134,75,47,151,177,2,149,106,31,157,178,1,140,127,1106,71
79,20,115,50,130,38,73,59,155,175,234,35,150,55,40,90,155,74,204,124,27,65,157,120,193,158,108,167,181,1123,71
74,165,78,137,46,107,15,82,118,283,192,2,80,167,40,177,118,29,75,166,61,168,107,52,67,159,86,168,101,1092,71
81,154,63,123,95,139,63,139,93,247,174,19,82,173,58,181,121,2,97,125,31,170,126,9,72,148,38,177,101,1107,71
51,146,73,138,85,145,142,102,57,203,108,17,90,163,22,160,95,47,132,185,24,169,109,30,172,175,2,104,144,1081,71
87,146,95,118,112,74,129,119,67,213,154,55,150,201,15,133,110,57,169,175,167,241,279,39,168,113,23,142,152,1303,71
94,36,53,42,147,78,133,69,57,93,151,109,162,145,54,96,107,32,179,74,13,91,160,18,151,96,23,92,156,958,71
126,84,123,79,74,5,85,68,3,87,129,19,142,103,30,109,153,20,94,99,77,82,151,98,183,103,100,168,185,991,71
135,128,119,120,104,110,143,120,55,183,190,97,216,225,84,204,203,119,223,239,125,235,229,122,265,232,68,188,211,1649,71
61,20,95,147,93,148,74,131,112,132,173,52,147,72,116,263,211,22,115,169,4,152,97,16,90,164,38,169,112,1129,71
62,165,71,153,86,145,99,156,2,167,64,17,88,182,19,172,90,3,89,156,25,170,111,24,123,169,5,161,104,1032,71
54,164,78,114,95,139,3,138,93,257,147,23,101,187,10,124,88,21,116,135,31,170,126,72,75,211,46,184,49,1081,71
12,147,55,130,103,155,65,149,52,199,64,27,82,174,55,185,110,63,166,193,39,194,142,25,90,180,57,206,122,1134,71
67,120,122,69,85,70,85,101,156,276,223,182,304,302,145,214,267,185,270,254,129,199,214,167,252,237,121,222,206,1804,71
54,165,16,96,67,129,92,122,1,166,55,58,74,223,64,160,80,40,107,136,56,185,123,24,116,153,57,179,149,1041,71
76,101,113,108,123,88,155,107,96,197,172,122,235,223,16,124,129,22,145,130,19,107,142,22,177,110,1,108,156,1169,71
65,100,34,121,77,62,68,114,41,141,106,51,85,151,20,141,54,2,79,123,40,102,117,3,71,65,64,178,132,862,72
86,86,83,41,98,28,84,10,838,924,924,37,120,123,42,83,125,3,101,44,34,62,132,26,110,54,40,50,124,1536,72
97,63,61,98,109,93,40,94,46,109,143,40,101,103,3,101,64,33,142,131,1,94,110,48,88,141,132,226,172,958,72
94,99,76,79,94,90,64,34,3,102,97,14,90,113,39,118,115,11,105,90,130,220,224,43,107,133,43,77,107,913,72
79,124,68,104,26,123,72,99,3,127,82,8,76,132,26,130,94,52,78,156,3,126,29,12,84,135,61,160,133,860,72
9,81,110,135,65,86,41,109,2,83,11,47,157,128,4,139,114,1,66,136,16,102,81,49,90,135,458,567,499,1213,72
71,94,92,128,47,118,74,14,19,113,90,8,100,102,9,137,101,2,49,130,28,146,75,4,78,122,44,58,118,752,72
15,110,70,93,97,111,110,8,153,263,168,34,104,144,22,115,92,4,101,97,4,115,101,4,114,115,211,219,321,1046,72
76,115,75,102,88,102,98,93,40,155,116,1,76,116,47,149,122,2,90,104,149,251,237,11,109,113,1,94,99,1000,72
43,89,75,99,129,93,77,90,137,226,180,47,122,136,53,152,128,5,134,104,1,94,130,21,98,114,40,130,117,999,72
76,100,92,87,97,111,100,111,44,144,120,11,103,111,10,97,102,4,101,91,44,155,141,5,105,116,48,159,148,940,72
110,86,87,107,78,94,11,109,3,89,113,29,116,115,8,115,95,2,80,109,31,125,109,40,51,134,26,135,37,821,72
81,94,84,72,26,80,37,94,4,98,85,1,85,95,39,111,123,62,88,134,52,132,78,43,80,123,41,135,78,810,72
41,71,83,56,106,42,36,103,43,114,84,2,85,73,40,96,123,2,108,58,44,86,150,51,87,93,40,143,76,760,72
72,64,67,40,85,26,109,66,10,74,82,45,112,109,46,86,113,34,119,74,36,62,121,55,164,81,1,67,110,756,72
94,88,72,72,38,51,26,73,3,91,97,10,82,98,34,106,106,43,81,115,50,101,88,26,52,77,30,103,56,710,72
68,63,105,119,97,129,74,104,57,120,125,99,204,162,7,126,112,5,102,124,93,222,190,1,75,130,46,150,120,1067,72
44,62,56,121,42,85,59,136,36,98,80,30,86,92,33,154,89,47,89,168,35,120,77,30,89,115,31,167,90,847,72
94,100,101,124,93,87,90,105,155,255,249,18,119,118,3,127,104,2,95,126,4,91,97,40,130,127,1,106,91,1017,72
51,113,69,90,63,114,89,130,10,123,61,41,110,154,3,93,72,35,98,125,3,117,66,8,97,122,51,181,140,870,72
31,130,96,104,117,94,105,82,18,148,49,5,101,135,60,164,156,19,136,123,108,202,225,56,161,150,39,121,144,1064,72
66,14,36,113,5,87,9,51,122,136,188,27,63,41,20,133,56,47,52,160,3,90,8,61,70,148,36,87,45,697,72
65,83,101,80,77,118,131,71,24,107,89,5,106,88,26,106,127,5,82,85,36,154,113,23,154,141,50,121,181,895,72
143,124,67,71,83,43,112,65,131,255,274,28,95,152,135,206,202,8,91,79,37,80,120,78,190,121,32,97,144,1157,72
84,27,120,42,46,113,8,103,49,76,133,30,150,57,7,49,127,257,303,299,12,125,58,47,55,160,90,193,98,1035,72
62,65,98,93,58,99,27,51,48,113,110,23,121,88,6,99,104,1,59,94,21,120,79,38,65,137,27,78,54,717,72
113,102,102,127,51,46,134,95,3,105,116,15,117,117,10,137,112,59,110,186,155,201,206,1859,1993,1905,2,97,136,2873,72
55,63,98,55,75,136,80,113,34,97,89,317,415,380,55,110,153,10,85,65,24,160,99,33,113,169,5,118,85,1153,72
107,99,50,90,20,22,124,114,7,106,114,17,67,116,119,209,169,46,66,136,46,68,66,96,220,118,2,116,126,959,72
24,50,79,91,95,107,88,40,5,55,29,30,109,80,4,95,83,6,101,97,2,109,97,4,92,111,41,81,129,666,72
111,96,76,76,108,154,97,98,129,225,240,168,244,264,190,266,266,169,277,245,149,303,257,175,272,329,212,310,309,2008,73
92,87,108,107,127,95,96,120,362,449,454,243,351,330,234,341,342,364,491,471,627,722,754,592,688,687,169,289,265,3423,73
7,119,108,141,106,118,97,149,150,269,157,232,340,351,233,374,341,324,430,465,356,474,462,316,413,434,222,371,319,2678,73
76,66,86,97,174,14,98,65,390,456,466,169,255,235,105,202,191,117,291,214,144,158,318,136,234,150,127,192,225,1864,73
102,129,97,73,129,108,109,108,147,276,249,157,254,286,205,278,302,158,287,231,127,235,256,157,266,265,116,224,225,1922,73
103,129,97,132,135,130,120,129,113,242,216,83,180,212,106,238,203,80,215,212,101,231,236,103,223,233,106,235,226,1667,73
30,129,119,129,154,98,127,108,188,317,218,199,318,328,234,363,353,189,343,318,668,766,822,355,482,453,192,300,319,2919,73
101,86,119,128,108,98,118,86,240,326,341,213,332,299,295,423,414,317,425,445,861,959,969,443,561,541,250,336,368,3463,73
108,108,117,157,141,115,107,119,266,374,374,212,329,320,245,402,362,325,466,482,604,719,745,544,651,659,170,289,277,3338,73
111,119,108,108,119,141,129,120,209,328,320,190,298,309,233,341,341,200,319,308,212,353,331,200,329,341,169,289,298,2368,73
75,87,87,87,87,86,120,87,149,236,224,134,221,221,138,225,225,136,223,223,138,224,225,115,235,201,116,203,236,1642,73
98,118,108,119,117,109,107,86,178,296,276,179,287,297,201,320,309,117,234,236,158,267,275,160,267,269,125,211,232,1980,73
119,106,66,108,98,127,86,75,80,186,199,125,191,231,148,256,214,115,213,223,149,276,247,353,439,480,148,223,234,1903,73
97,108,139,118,116,105,141,118,343,451,440,335,474,443,265,383,404,1308,1424,1426,704,809,820,223,364,328,199,317,340,4319,73
103,150,119,150,130,128,37,140,134,284,237,157,276,307,128,278,247,168,298,318,106,234,236,208,245,336,138,278,175,1996,73
87,118,118,107,119,94,118,108,195,313,282,285,403,403,234,341,352,346,465,453,1347,1441,1466,553,671,647,243,351,361,4072,73
90,86,97,98,33,108,87,107,146,232,236,159,256,245,137,235,234,126,159,224,63,171,96,158,245,266,106,213,193,1601,73
128,119,119,129,129,119,129,119,417,536,545,138,257,257,167,296,286,150,279,279,136,255,265,159,288,278,200,319,329,2358,73
96,120,118,130,118,122,118,74,224,344,320,286,404,406,246,376,364,413,531,543,1163,1285,1281,369,487,491,234,308,352,3831,73
140,97,75,18,130,107,104,141,172,269,312,181,256,278,263,281,338,281,411,299,582,689,712,1002,1106,1109,489,630,593,3782,73
96,127,76,108,99,129,109,150,422,549,518,172,248,299,168,276,244,158,257,266,135,264,234,190,299,319,170,320,279,2309,73
109,137,108,119,119,107,113,119,117,254,226,159,267,296,127,246,235,147,266,266,128,235,247,157,270,264,111,230,224,1877,73
163,119,108,128,130,109,85,119,108,227,271,136,244,255,160,288,268,158,288,286,170,279,300,514,599,623,456,575,541,2663,73
74,132,149,142,118,131,119,127,135,267,209,145,294,277,74,216,223,199,317,341,138,269,256,156,275,287,117,244,236,1956,73
69,109,108,118,130,129,109,119,177,286,246,127,235,236,147,265,255,160,290,278,114,243,244,149,258,278,113,232,222,1878,73
131,131,116,149,159,143,206,119,148,279,279,190,306,321,118,267,234,148,307,297,118,261,277,144,350,287,94,213,300,2114,73
114,138,121,151,140,151,120,150,146,284,260,157,278,295,126,277,247,146,286,297,129,280,269,144,264,295,169,319,289,2102,73
103,116,49,96,130,119,128,75,1275,1391,1378,207,256,323,137,233,186,150,280,246,274,393,404,234,362,353,636,711,764,3729,73
142,237,126,139,138,141,119,129,112,349,254,296,422,533,118,257,244,148,286,287,129,270,267,156,275,297,116,245,235,2246,73
91,79,97,87,119,75,107,97,157,236,248,154,251,233,117,204,214,115,234,202,138,213,257,137,244,212,96,193,203,1666,73
92,98,77,131,55,66,32,98,94,192,186,94,171,192,97,228,174,573,628,704,72,138,127,138,170,204,459,557,491,2176,74
102,75,96,72,155,91,73,57,93,168,195,345,441,420,86,158,182,54,209,126,102,193,257,70,143,161,106,163,179,1577,74
98,88,75,85,86,75,204,96,118,206,216,92,167,180,246,331,321,74,160,159,64,139,150,53,257,128,73,169,277,1527,74
81,74,87,81,82,122,115,86,106,180,187,96,183,170,83,164,170,96,178,177,84,206,166,81,196,203,55,141,170,1329,74
77,113,127,57,76,91,72,52,95,208,172,113,240,226,106,163,233,104,180,161,343,434,419,56,128,147,89,141,161,1571,74
117,127,85,89,120,74,98,91,72,199,189,78,163,205,86,175,171,59,179,148,244,318,364,75,173,149,76,167,174,1491,74
119,96,78,116,125,140,101,88,246,342,365,72,150,168,63,179,141,31,156,147,230,370,355,44,145,184,46,134,147,1595,74
104,73,62,97,86,46,86,95,119,192,223,122,184,195,84,181,146,160,246,257,147,193,233,253,339,299,89,184,175,1623,74
84,89,129,84,129,108,85,76,95,184,179,82,211,171,87,171,216,95,224,179,21,129,150,85,170,193,85,161,170,1334,74
109,128,95,118,151,88,73,56,91,219,200,17,112,145,83,201,178,30,181,148,19,107,170,89,162,177,93,149,166,1240,74
79,107,135,96,85,110,67,53,125,232,204,102,237,209,221,317,356,110,195,206,31,141,116,347,414,457,84,137,151,1752,74
72,85,35,98,109,76,150,97,96,181,168,128,163,213,72,170,107,72,181,170,576,652,685,116,266,192,222,319,372,2004,74
97,78,118,99,99,88,65,53,72,150,169,82,200,160,52,151,170,73,172,172,403,491,502,61,126,149,97,150,162,1537,74
84,96,88,248,112,95,140,122,62,158,146,65,153,161,84,332,172,39,151,287,61,156,173,53,193,148,29,151,169,1378,74
76,53,86,85,76,86,108,98,127,180,203,107,193,160,64,149,150,106,182,191,74,160,150,96,204,182,73,171,181,1315,74
82,54,107,110,101,81,84,98,79,133,161,96,203,150,63,173,170,38,139,148,102,183,203,105,189,186,30,128,114,1230,74
93,85,96,69,77,112,111,69,102,187,195,96,192,181,86,155,182,79,156,148,62,174,139,70,181,182,48,117,159,1255,74
80,81,78,78,53,55,224,81,93,174,173,92,170,173,70,148,148,63,116,141,84,139,137,62,286,117,53,134,277,1247,74
124,112,97,97,111,123,63,113,136,248,260,114,211,226,93,190,190,52,163,149,38,161,149,105,168,228,105,218,168,1483,74
81,107,117,97,105,280,63,63,96,203,177,109,226,216,427,524,544,96,201,193,30,310,135,181,244,461,247,310,310,2099,74
39,80,90,119,90,158,77,97,126,206,165,58,148,138,59,178,149,125,215,244,22,180,112,52,129,210,84,181,161,1276,74
99,78,76,116,89,89,88,220,105,183,204,104,180,182,87,203,163,73,162,189,466,555,555,81,169,170,77,297,165,1848,74
33,98,279,101,59,75,109,97,106,204,139,93,372,191,255,356,534,92,151,193,135,210,194,153,262,228,109,206,218,1794,74
67,86,91,96,108,86,107,84,326,412,393,97,188,183,338,434,429,28,136,124,64,150,172,55,162,141,32,116,139,1665,74
78,96,97,110,113,249,107,120,130,226,208,63,160,159,74,184,171,29,142,139,68,317,181,94,201,343,51,171,158,1479,74
91,84,105,69,46,56,75,75,407,491,498,97,202,181,85,154,190,80,126,149,575,631,621,136,211,192,104,179,179,2085,74
122,84,90,98,108,107,109,108,61,145,183,95,185,179,93,191,183,73,181,171,20,127,128,44,153,151,39,147,148,1251,74
50,107,80,121,69,57,118,54,181,288,231,491,571,598,59,180,139,91,160,212,38,95,107,73,191,130,73,127,191,1662,74
87,98,85,65,108,81,86,85,71,169,158,42,127,140,65,130,150,63,171,128,19,100,127,37,123,118,54,139,140,1046,74
101,132,66,68,79,98,88,76,53,185,154,71,137,203,94,162,160,72,151,140,71,169,150,28,116,126,51,127,139,1148,74
90,77,87,77,105,70,105,91,98,175,188,124,211,201,87,164,174,133,238,210,96,166,201,106,211,176,150,241,255,1496,75
65,104,106,96,76,95,114,86,260,364,325,217,323,321,178,274,284,189,265,285,160,255,236,271,385,366,233,319,347,2250,75
91,86,78,78,82,79,89,69,88,174,179,116,194,202,95,173,173,141,223,219,92,171,174,103,192,182,77,146,166,1364,75
86,73,78,69,80,68,68,77,111,184,197,96,174,169,123,192,201,433,513,502,113,181,193,133,201,201,86,163,154,1694,75
113,95,90,65,76,116,87,105,246,341,359,197,287,292,205,270,295,198,274,263,728,844,804,378,465,494,2588,2693,2675,5287,75
103,96,107,77,77,87,59,88,90,186,193,106,213,202,65,142,172,197,274,274,97,184,174,123,182,210,87,175,146,1459,75
126,53,167,56,125,105,142,68,2,55,128,67,234,120,2,58,169,50,175,106,40,145,165,16,158,121,13,81,155,1032,75
154,110,152,96,144,116,159,88,2,112,156,41,193,151,4,100,156,59,203,155,22,138,166,2,161,118,3,91,162,1152,75
115,70,154,77,75,96,134,98,2,72,117,87,241,157,2,79,156,173,248,250,41,137,116,52,186,148,22,120,156,1198,75
54,66,68,91,60,58,87,70,109,175,163,205,273,271,123,214,191,202,262,293,132,190,192,161,248,219,105,175,192,1591,75
54,84,97,76,69,153,79,81,114,198,168,126,223,210,86,162,183,152,221,228,105,258,174,67,146,220,112,193,191,1455,75
198,17,133,96,109,97,95,52,29,46,227,113,246,130,14,110,147,249,358,345,49,146,158,186,281,283,85,137,180,1522,75
102,65,73,57,104,67,75,76,85,150,187,121,194,186,119,176,192,387,491,444,117,184,221,124,199,191,107,183,182,1679,75
83,59,86,96,78,79,77,68,132,191,215,133,219,192,97,193,183,169,247,265,105,184,183,144,221,223,150,218,227,1556,75
203,98,143,141,150,123,114,73,95,193,298,167,310,265,159,300,302,197,347,338,188,311,338,170,284,293,2053,2126,2167,4074,75
100,77,107,91,105,83,106,86,97,174,197,115,222,192,76,167,183,183,288,274,187,270,292,173,279,256,168,254,274,1754,75
149,60,87,95,117,76,60,86,55,115,204,115,202,175,68,163,155,161,278,256,57,133,174,134,194,210,96,182,156,1416,75
74,77,87,76,27,80,81,88,114,191,188,88,175,165,86,162,173,213,240,289,105,185,132,123,204,203,75,163,156,1394,75
103,86,43,77,80,16,76,88,85,171,188,150,193,236,87,164,130,170,250,247,152,168,232,137,213,153,87,175,163,1437,75
61,94,86,94,98,100,96,68,80,174,141,116,202,210,79,173,165,180,278,274,94,194,192,112,208,212,103,171,199,1461,75
166,12,125,58,125,75,132,141,6,18,172,70,195,82,4,62,129,351,476,409,16,91,141,32,164,107,51,192,183,1364,75
156,71,133,106,143,154,106,98,2,73,158,61,194,132,12,118,145,97,240,203,12,166,155,2,108,156,32,130,138,1185,75
212,91,106,133,94,77,68,78,52,143,264,97,203,188,123,256,229,196,290,329,144,221,238,133,201,210,133,211,201,1737,75
54,77,113,86,77,60,64,31,116,193,170,141,254,218,61,147,174,125,202,211,114,174,191,155,219,215,154,185,218,1428,75
111,121,97,49,68,85,77,70,78,199,189,98,195,219,105,154,202,179,247,228,115,200,183,98,175,183,88,158,165,1439,75
113,62,77,77,99,86,68,90,117,179,230,143,220,205,78,155,155,206,305,283,66,152,165,124,192,210,87,177,155,1493,75
56,84,47,104,20,85,86,95,113,197,169,155,202,239,98,202,145,410,430,514,87,172,107,143,229,228,79,174,165,1662,75
83,101,98,125,131,86,67,62,105,206,188,165,263,266,48,173,146,397,528,522,151,237,282,152,219,238,106,168,173,1877,75
108,59,87,87,69,87,70,60,99,158,207,123,210,182,78,165,165,151,220,238,96,183,165,122,192,209,113,173,183,1409,75
127,120,115,77,132,136,90,115,15,135,142,27,142,147,5,82,120,42,174,119,299,435,431,2,92,138,75,190,165,1377,75
99,117,99,80,105,93,99,66,94,211,193,98,197,215,99,179,198,100,205,180,113,206,218,58,157,151,113,179,212,1433,76
143,104,97,123,131,109,88,72,70,174,213,112,209,216,75,198,172,70,201,193,74,183,205,88,176,197,135,207,223,1491,76
70,93,119,110,77,97,84,102,127,220,197,105,224,198,112,222,231,102,179,212,165,262,242,120,204,217,96,198,180,1579,76
137,84,79,109,87,71,86,86,112,196,249,116,195,200,117,226,196,87,174,196,108,179,195,125,211,196,96,182,182,1500,76
112,79,95,85,88,102,109,112,142,221,254,129,224,208,118,203,213,131,219,216,94,196,182,72,181,174,123,235,232,1591,76
82,101,63,88,102,136,112,75,127,228,209,113,176,214,146,234,209,122,224,210,120,256,222,59,171,195,163,238,275,1609,76
83,59,86,92,109,98,78,125,127,186,210,120,206,179,115,207,201,87,196,179,58,156,167,94,172,192,73,198,151,1404,76
78,78,158,108,103,94,84,58,138,216,216,136,294,214,66,174,224,127,230,235,101,195,204,110,194,204,119,177,203,1558,76
142,115,105,79,70,65,24,110,159,274,301,142,247,257,126,205,231,122,192,201,115,180,185,138,162,203,188,298,212,1700,76
92,128,16,149,97,88,82,81,98,226,190,50,66,178,86,235,102,82,179,231,81,169,178,96,178,184,98,179,180,1324,76
88,83,100,106,94,63,120,91,139,222,227,116,216,199,89,195,189,99,193,205,122,185,216,109,229,172,73,164,193,1492,76
109,80,92,122,112,110,108,93,118,198,227,116,208,196,98,220,190,69,181,191,68,178,180,82,190,192,85,178,193,1462,76
89,91,76,77,77,84,108,75,133,224,222,130,206,221,128,205,204,116,193,193,113,197,190,125,233,209,133,208,241,1555,76
98,93,103,127,95,93,81,98,117,210,215,86,189,179,129,256,232,80,175,207,108,201,203,93,174,186,109,207,190,1510,76
97,116,102,76,85,94,116,102,859,975,956,130,232,246,118,194,220,108,193,184,112,206,197,96,212,190,124,226,240,2335,76
184,128,122,116,106,104,116,105,777,905,961,253,375,381,392,508,514,398,504,514,313,417,419,307,423,411,321,426,437,3742,76
118,120,134,91,124,93,86,77,177,297,295,124,258,244,109,200,243,372,496,463,105,198,229,111,197,204,112,189,198,1953,76
106,79,79,106,106,94,107,83,151,230,257,369,448,448,88,194,167,74,180,180,99,193,205,98,205,192,108,191,215,1747,76
113,94,58,25,101,79,65,63,164,258,277,120,178,214,211,236,269,145,246,170,138,217,239,138,203,217,162,225,227,1676,76
134,92,66,102,110,93,101,78,91,183,225,127,193,219,123,225,189,83,193,185,106,199,216,95,196,188,89,167,190,1490,76
117,106,82,102,95,97,104,103,106,212,223,151,233,257,130,232,212,150,245,252,126,223,221,115,219,212,98,201,202,1682,76
80,91,76,85,103,82,70,65,116,207,196,155,231,246,111,196,187,137,240,222,174,256,277,121,191,203,153,218,223,1619,76
75,115,99,64,79,44,52,72,198,313,273,100,199,215,166,230,265,166,245,230,150,194,229,175,227,219,150,222,202,1705,76
83,44,72,57,69,67,39,48,192,236,275,119,191,163,144,201,216,92,161,149,115,182,184,100,139,167,115,163,154,1356,76
83,78,88,105,96,106,106,102,134,212,217,146,234,224,98,203,186,126,222,231,97,203,193,98,204,204,88,190,194,1551,76
118,121,56,75,68,55,89,74,80,201,198,110,166,231,108,183,164,136,204,211,128,183,196,110,199,165,94,168,183,1422,76
75,78,81,30,93,75,94,94,85,163,160,89,170,167,133,163,214,90,183,120,96,171,189,86,180,161,72,166,166,1271,76
78,89,85,103,69,67,105,106,99,188,177,101,186,190,2647,2750,2732,118,187,221,129,196,198,87,192,154,1570,1676,1675,5453,76
135,67,87,29,94,66,67,76,34,101,169,111,198,178,144,173,231,103,197,132,86,152,180,114,181,180,109,185,176,1322,76
92,69,79,109,87,93,92,89,61,130,153,100,179,169,115,224,194,65,152,174,98,191,185,100,192,193,91,180,183,1340,76
65,140,149,132,122,90,3,100,82,222,147,18,167,158,2,134,151,5,127,137,22,112,144,119,122,209,362,462,365,1411,77
132,126,109,128,127,94,143,116,2,128,134,14,123,140,1,129,110,3,130,131,76,170,203,52,195,146,782,898,925,1905,77
136,110,105,81,115,84,104,101,2,112,138,168,273,278,34,115,139,65,180,146,76,160,191,82,186,166,50,151,154,1313,77
107,120,151,95,114,89,78,82,77,197,184,136,287,256,68,163,219,77,191,172,103,192,217,25,103,114,43,125,121,1365,77
126,41,137,110,131,105,138,107,69,110,195,21,158,62,3,113,140,64,195,174,2,107,133,2,140,107,3,110,141,1059,77
144,137,158,133,8,123,137,118,101,238,245,54,212,191,59,192,217,97,105,230,3,126,11,3,140,126,5,123,142,1280,77
132,8,107,130,101,110,20,120,270,278,402,5,112,13,29,159,136,3,104,133,53,163,154,118,138,228,20,140,40,1226,77
96,139,147,104,153,118,64,122,52,191,148,4,151,143,4,108,151,24,177,128,1,119,154,2,66,120,88,210,152,1118,77
83,106,113,99,94,98,102,115,82,188,165,67,180,173,79,178,192,71,165,170,78,176,172,69,171,167,59,174,161,1315,77
143,79,8,114,131,141,22,101,2,81,145,131,139,210,3,117,11,3,134,117,20,161,151,79,101,220,63,164,85,1040,77
166,132,137,138,113,46,109,119,75,207,241,20,157,152,47,185,184,135,248,273,105,151,218,128,237,174,41,160,150,1511,77
174,122,99,143,109,11,90,106,5,127,179,33,132,155,4,147,103,11,120,154,128,139,237,2,92,13,85,191,175,1122,77
231,107,111,123,99,109,97,144,47,154,278,22,133,129,24,147,135,2,101,125,23,132,122,3,100,112,36,180,133,1178,77
141,129,136,65,127,132,89,119,3,132,144,3,139,132,181,246,317,4,131,69,26,158,153,89,178,221,108,227,197,1352,77
156,129,97,84,111,111,140,114,88,217,244,56,153,185,53,137,150,19,130,103,46,157,157,7,147,118,11,125,151,1222,77
102,158,39,6,141,129,107,121,68,226,170,124,163,282,104,110,143,112,253,118,2,131,143,3,110,132,4,125,111,1220,77
105,132,136,98,102,96,132,140,93,225,198,68,204,200,309,407,445,86,188,184,79,175,181,68,200,164,77,217,209,1721,77
129,136,124,126,107,133,116,100,65,201,194,66,190,202,93,219,217,65,172,191,49,182,156,85,201,218,57,157,173,1451,77
119,133,111,118,103,111,129,112,75,208,194,39,150,172,80,198,191,100,203,218,119,230,222,78,207,189,79,191,208,1506,77
99,86,94,132,141,68,94,127,328,414,427,195,289,281,72,204,166,67,208,199,271,339,412,81,175,149,54,181,148,1909,77
139,122,86,143,96,108,98,98,63,185,202,140,226,262,70,213,156,39,135,182,132,240,228,81,179,189,65,163,163,1480,77
139,145,117,114,136,103,111,105,4,149,143,3,120,148,30,144,147,3,139,117,3,106,139,6,117,109,93,198,204,1112,77
136,129,97,86,138,124,128,106,2,131,138,21,118,150,57,143,154,12,150,98,3,127,141,37,165,161,3,109,131,1079,77
164,119,124,116,130,121,154,122,28,147,192,3,127,122,3,119,127,3,133,119,3,124,133,11,165,132,3,125,157,1104,77
143,96,114,97,77,116,87,102,62,158,205,304,418,400,102,199,216,87,164,184,123,239,200,81,168,197,78,180,165,1669,77
150,117,106,99,100,110,107,66,84,201,234,129,235,246,148,247,254,156,256,255,148,258,248,121,228,231,115,181,222,1756,77
124,130,91,70,140,133,136,108,168,298,292,5,96,135,42,112,133,8,148,78,15,148,155,60,196,193,81,189,217,1311,77
160,133,127,99,128,122,99,97,2,135,162,2,129,135,1,100,128,31,159,130,85,207,213,123,222,245,63,160,162,1272,77
80,141,119,115,103,92,107,100,74,215,154,312,431,453,82,197,201,58,161,173,71,163,174,131,238,223,70,170,177,1655,77
83,8,139,7,121,7,118,107,158,166,241,19,158,27,115,122,254,41,162,48,126,133,247,46,164,53,2,109,120,1097,77
39,90,85,85,92,71,111,72,40,130,79,21,106,111,26,111,111,20,112,105,26,97,118,16,127,87,25,97,136,819,78
62,62,66,83,85,70,71,42,118,180,180,83,149,145,88,171,154,84,169,167,95,165,180,97,168,167,110,152,181,1216,78
56,85,86,84,85,84,85,63,134,219,190,95,181,180,110,194,196,108,193,192,126,210,211,110,195,194,131,194,216,1442,78
59,76,86,83,68,17,53,72,130,206,189,96,182,172,110,193,196,126,194,209,138,155,206,139,192,156,95,167,148,1348,78
100,88,105,71,85,72,57,70,102,190,202,78,183,166,20,91,125,152,237,223,81,153,166,110,167,182,110,180,167,1301,78
65,115,82,75,71,58,41,30,1,116,66,1,83,116,21,96,103,40,111,115,27,85,98,55,96,113,69,99,110,751,78
96,121,72,79,86,82,70,81,1,122,97,1,73,122,18,97,90,17,103,96,11,93,97,14,84,96,16,97,86,765,78
45,51,87,3,43,56,72,69,27,78,72,40,127,91,51,54,138,69,112,72,46,102,89,22,94,78,29,98,101,710,78
59,86,85,102,86,32,86,95,29,115,88,12,97,98,13,115,98,93,179,195,63,95,149,29,115,61,1,96,87,871,78
56,31,50,58,64,58,65,58,79,110,135,73,123,104,41,99,91,47,111,105,40,98,104,31,96,89,55,113,120,806,78
105,111,65,87,61,97,62,93,11,122,116,2,67,113,27,114,92,37,98,124,2,99,63,34,96,131,25,118,87,819,78
104,112,86,87,86,54,29,2,102,214,206,27,113,139,25,112,111,38,124,125,15,69,101,155,184,209,65,67,94,987,78
97,16,51,59,68,101,98,98,106,122,203,83,134,99,30,89,81,56,124,115,13,114,81,12,110,113,13,111,111,901,78
42,86,95,45,51,58,41,29,73,159,115,1,96,87,68,113,163,31,82,76,41,99,92,41,82,99,69,98,110,771,78
82,21,3,44,34,71,68,84,125,146,207,101,104,122,82,126,85,49,83,93,83,154,117,1,69,72,68,152,136,916,78
68,74,100,44,71,85,85,82,139,213,207,78,178,152,150,194,250,140,211,184,108,193,179,95,180,180,124,206,209,1443,78
48,78,56,70,57,55,85,57,99,177,147,91,147,169,96,166,152,97,154,167,111,166,168,70,155,125,81,138,166,1151,78
56,32,3,88,15,72,21,99,93,125,149,78,81,110,68,156,71,38,53,126,95,167,110,61,82,133,56,155,77,875,78
113,70,62,71,43,59,77,33,49,119,162,22,84,92,28,99,90,41,84,112,25,84,68,34,111,93,39,72,116,766,78
2,7,43,15,58,44,56,13,77,84,79,92,135,99,71,86,114,52,110,67,38,82,96,55,111,99,56,69,112,679,78
85,98,85,94,79,84,59,112,108,206,193,26,111,124,17,111,102,19,98,113,1,85,80,26,85,110,36,148,95,929,78
46,130,15,2,85,116,91,114,2,132,48,8,23,138,81,83,96,40,125,42,12,128,97,13,104,129,17,131,108,772,78
134,79,133,81,126,57,86,34,32,111,166,20,153,99,2,83,135,13,139,94,12,69,138,68,154,125,35,69,121,912,78
10,26,57,15,9,3,53,72,59,85,69,39,96,65,57,72,114,73,82,88,2,5,11,27,80,30,26,98,79,528,78
12,100,3,126,42,22,27,14,180,280,192,66,69,166,10,136,13,1,43,127,76,98,118,43,70,65,184,198,211,906,78
4,13,7,3,125,56,3,59,20,33,24,36,43,49,13,16,20,25,150,28,1,57,126,108,111,164,10,69,13,483,78
86,18,103,49,103,81,85,52,2,20,88,124,227,142,1,50,104,26,129,75,1,82,104,53,138,134,31,83,116,815,78
109,83,113,67,56,43,101,50,34,117,143,6,119,89,1,68,114,98,154,165,27,70,83,69,170,112,2,52,103,859,78
38,4,16,11,70,99,24,84,27,31,65,471,487,475,29,40,45,125,195,136,84,183,154,140,164,239,15,99,39,1237,78
81,67,84,83,102,41,85,28,2,69,83,55,139,122,14,97,98,42,144,125,24,65,126,57,142,98,68,96,153,833,78
38,34,42,55,66,69,68,57,176,210,214,145,187,179,124,179,166,137,203,192,98,167,164,124,192,193,109,166,177,1342,79
8,3,4,55,109,111,89,113,1,4,9,1,5,4,415,470,419,166,275,221,148,259,257,232,321,343,266,379,355,1721,79
9,36,13,4,4,4,15,5,32,68,41,1428,1441,1464,3,7,16,2,6,6,2,6,6,1,16,5,1,6,16,1559,79
60,84,31,21,576,3,4,4,181,265,241,164,195,248,59,80,90,124,700,145,3,6,579,1,5,4,1,5,5,1316,79
4,6,5,60,88,54,8,17,2,8,6,1,6,7,1,61,6,29,117,89,106,160,194,61,69,115,194,211,202,636,79
5,8,25,3,59,618,4,4,67,75,72,192,217,200,86,89,111,89,148,92,1,619,60,2,6,620,1,5,5,1164,79
41,66,49,85,42,98,70,92,1,67,42,68,117,134,19,104,68,26,68,111,81,179,123,81,151,179,1,93,71,820,79
81,83,95,77,41,44,9,30,26,109,107,28,123,111,26,103,121,35,76,112,82,126,123,59,68,103,121,151,130,837,79
4,2,70,80,90,71,53,57,69,71,73,81,151,83,1,81,71,27,117,107,19,90,109,30,83,101,92,149,145,746,79
72,25,39,4,59,22,57,430,24,49,96,196,235,221,52,56,91,147,206,151,44,66,103,122,179,144,1,431,58,1294,79
3,3,86,69,83,88,83,64,1,4,4,129,215,132,117,186,203,110,193,179,107,195,190,77,160,165,128,192,211,1148,79
52,73,71,104,72,57,39,30,26,99,78,54,125,127,23,127,94,6,78,110,53,110,125,42,81,99,95,125,134,797,79
10,34,84,69,32,2,23,3,1,35,11,73,157,107,1,70,85,92,124,161,66,68,98,149,172,151,45,48,68,684,79
3,2156,5,3,5,4,3,3,27,2183,30,2,7,2158,2,5,7,25,30,28,1,5,6,3,6,7,1,4,4,2243,79
4,26,58,46,90,39,98,31,50,76,54,109,167,135,34,80,92,54,144,100,37,76,127,40,138,79,50,81,148,766,79
4,21,40,53,73,7,18,3,72,93,76,133,173,154,47,100,87,78,151,131,460,467,533,3,21,10,2,5,20,1014,79
71,76,70,3,4,3,3,4,1,77,72,96,166,172,836,839,906,1,5,4,1,4,5,1,4,4,2,6,5,1172,79
4,51,44,68,18,28,23,29,21,72,25,110,154,161,40,108,84,270,288,338,82,110,100,73,96,101,82,111,105,943,79
69,66,30,32,90,425,4,4,1,67,70,122,152,188,35,67,65,81,171,113,2,427,92,1,5,426,2,6,6,964,79
95,56,3,3,4,44,42,3,5,61,100,454,457,510,2,5,5,2,6,5,36,80,40,123,165,167,80,83,122,952,79
66,4,3,5,3,53,53,93,594,598,660,1,4,5,1,6,4,52,55,57,383,436,386,29,82,82,497,590,550,1837,79
53,82,84,92,97,111,86,125,386,468,439,150,234,232,140,232,224,138,235,230,122,233,219,135,221,246,92,217,178,1893,79
39,3,58,7,472,6,3,3,53,56,92,120,178,123,63,70,121,118,590,125,2,8,474,2,5,8,1,4,4,950,79
5,5,5,40,15,4,3,4,2,7,7,1,6,6,1,41,6,2074,2089,2114,2,6,17,1,4,5,83,87,86,2245,79
49,70,87,71,69,77,55,56,149,219,198,124,211,194,116,187,203,109,178,180,123,200,192,101,156,178,110,166,165,1366,79
3,70,94,82,72,4,5,112,132,202,135,125,219,195,110,192,204,138,210,220,462,466,534,2,7,6,42,154,47,1453,79
52,58,63,72,79,69,337,4,163,221,215,34,97,92,77,149,140,1,80,73,82,151,161,49,386,118,2,6,339,1142,79
11,3,31,3,4,3,4,4,51,54,62,176,207,179,104,107,135,585,589,588,1,4,5,1,5,4,1,5,5,982,79
12,19,16,53,88,61,84,85,34,53,46,151,167,170,41,94,57,68,156,121,2,63,90,41,125,102,40,125,124,795,79
4,12,43,43,428,3,4,3,47,59,51,109,152,121,46,89,89,60,488,103,2,5,430,2,6,5,2,5,6,808,79
83,85,43,26,85,44,33,72,24,109,107,70,113,155,44,70,87,98,183,124,97,141,182,51,84,95,68,140,101,923,80
99,56,23,7,72,73,42,46,24,80,123,98,121,154,85,92,108,67,139,74,26,99,98,27,69,100,54,100,96,799,80
45,86,100,85,100,85,53,59,107,193,152,55,155,141,26,111,126,27,127,112,0,85,100,2,55,87,69,128,122,899,80
12,27,16,19,10,16,35,58,33,60,45,63,79,90,39,58,55,29,39,48,70,86,80,49,84,65,82,140,117,558,80
102,71,43,9,84,6,20,59,18,89,120,98,141,169,45,54,88,127,211,136,69,75,153,74,94,80,111,170,131,936,80
13,9,19,64,83,57,71,17,62,71,75,76,95,85,16,80,35,1,84,65,55,112,138,27,98,84,84,101,155,654,80
51,34,3,16,53,29,69,46,84,118,135,57,60,91,103,119,106,1,54,17,70,99,123,16,85,45,38,84,107,670,80
76,41,48,3,20,69,86,69,101,142,177,99,147,140,62,65,110,97,117,100,25,94,45,41,127,110,1,70,87,838,80
108,5,57,30,16,53,73,54,50,55,158,81,138,86,54,84,111,84,100,114,30,83,46,55,128,108,28,82,101,778,80
50,3,30,13,16,8,102,10,1,4,51,81,111,84,54,67,84,99,115,112,33,41,49,69,171,77,29,39,131,598,80
40,15,48,88,86,79,42,55,26,41,66,69,117,84,21,109,69,40,126,128,17,96,103,1,43,80,99,154,141,726,80
18,61,18,25,95,4,44,55,14,75,32,70,88,131,43,68,61,1,96,26,82,86,177,68,112,72,1,56,45,599,80
25,8,28,63,15,6,43,57,46,54,71,84,112,92,1,64,29,105,120,168,65,71,80,54,97,60,41,98,84,641,80
30,23,47,33,45,26,44,66,42,65,72,69,116,92,54,87,101,91,136,124,43,69,88,26,70,52,46,112,90,685,80
5,10,85,43,31,30,30,4,54,64,59,106,191,116,56,99,141,40,71,83,68,98,99,125,155,155,52,56,82,739,80
83,85,24,12,73,18,55,59,13,98,96,70,94,155,62,74,86,55,128,67,40,58,113,26,81,44,41,100,96,716,80
78,73,85,85,59,44,2,5,15,88,93,80,165,153,13,98,98,12,71,97,68,112,127,39,41,83,125,130,127,783,80
60,28,16,3,85,3,40,72,7,35,67,84,100,112,53,56,69,110,195,113,122,125,207,31,71,34,98,170,138,812,80
66,13,19,23,13,8,4,56,2607,2620,2673,51,70,64,83,106,102,50,63,73,111,119,124,60,64,68,82,138,86,3246,80
68,72,88,110,56,96,73,71,13,85,81,84,172,156,94,204,182,3,59,113,17,113,73,23,96,119,27,98,100,895,80
12,86,67,15,2,30,15,31,8,94,20,2,69,88,100,115,167,79,81,94,56,86,58,42,57,72,67,98,82,612,80
39,43,85,53,28,45,4,46,126,169,165,96,181,139,69,122,154,20,48,73,81,126,109,53,57,98,52,98,56,840,80
21,32,71,32,67,87,42,44,8,40,29,98,169,130,99,131,170,205,272,237,44,131,111,27,69,114,153,197,195,1030,80
18,18,32,35,20,7,72,44,36,54,54,64,96,82,47,82,79,85,105,120,69,76,89,84,156,91,40,84,112,671,80
140,35,16,3,71,57,42,17,1,36,141,98,114,133,68,71,84,81,152,84,56,113,127,43,85,100,55,72,97,783,80
68,71,44,3,71,43,16,9,26,97,94,70,114,141,67,70,111,82,153,85,56,99,127,166,182,209,73,82,89,865,80
81,16,64,71,16,57,75,56,12,28,93,97,161,113,20,91,84,84,100,155,40,97,56,83,158,140,2,58,77,774,80
15,52,46,40,30,82,24,16,28,80,43,49,95,101,28,68,74,28,58,68,1,83,31,6,30,88,54,70,78,499,80
58,73,115,118,69,51,43,69,19,92,77,31,146,104,9,127,124,8,77,126,34,85,103,67,110,118,1,70,44,765,80
13,3,17,70,53,63,19,3,61,64,74,68,85,71,42,112,59,18,71,88,34,97,87,55,74,118,64,67,83,583,80
84,5,50,4,69,4,40,4,93,98,177,47,97,52,70,74,120,58,127,62,65,69,134,57,97,61,81,85,121,731,81
46,4,47,3,30,5,52,4,81,85,127,63,110,67,46,49,93,84,114,87,69,74,99,67,119,72,67,71,119,668,81
91,82,75,21,51,23,51,4,2,84,93,37,112,119,63,84,138,48,99,69,67,90,118,44,95,67,81,85,132,740,81
88,15,99,4,85,3,90,54,70,85,158,25,124,40,80,84,179,37,122,41,70,73,155,25,115,28,2,56,92,747,81
140,123,102,99,111,122,112,136,158,281,298,36,138,159,32,131,134,48,159,147,61,183,172,48,160,170,48,184,160,1376,81
118,63,3,26,3,4,3,27,82,145,200,70,73,133,121,147,124,95,98,121,121,125,124,79,82,83,108,135,111,923,81
20,4,5,5,39,4,87,20,105,109,125,107,112,111,95,100,100,91,130,96,56,60,95,96,183,100,121,141,208,855,81
98,4,29,4,59,25,37,4,58,62,156,85,114,89,82,86,111,68,127,72,63,88,122,81,118,106,61,65,98,758,81
7,4,18,3,47,4,100,43,59,63,66,106,124,110,54,57,72,113,160,116,108,112,155,58,158,62,121,164,221,845,81
85,100,92,122,135,101,86,99,146,246,231,286,378,386,61,183,153,220,355,342,96,197,231,401,487,502,121,220,207,2151,81
97,134,101,130,87,94,109,116,108,242,205,61,162,195,2,132,103,48,135,178,88,182,175,64,173,158,59,175,168,1298,81
107,142,115,100,40,3,76,6,146,288,253,5,120,147,7,107,122,74,114,174,91,94,131,108,184,111,128,134,204,1148,81
84,86,112,25,76,4,36,6,121,207,205,24,136,110,76,101,188,44,120,69,55,59,131,87,123,91,93,99,129,929,81
48,17,54,4,39,3,26,5,72,89,120,67,121,84,38,42,92,89,128,93,45,48,84,133,159,136,97,102,123,737,81
92,90,3,112,110,112,133,74,97,187,189,55,58,145,133,245,136,109,219,221,98,210,208,1,134,113,23,97,156,1242,81
108,14,4,26,3,5,3,62,98,112,206,118,122,132,95,121,99,71,74,97,133,138,136,91,94,96,97,159,100,928,81
85,114,59,112,84,85,92,124,77,191,162,62,121,176,36,148,95,39,123,151,37,122,121,59,151,144,6,130,98,1071,81
125,14,13,75,23,38,8,52,121,135,246,109,122,123,48,123,61,52,75,127,58,96,81,92,100,130,57,109,65,885,81
79,111,98,134,99,124,110,98,118,229,197,122,220,233,122,256,220,86,185,220,157,281,256,147,257,271,158,256,268,1763,81
101,116,84,82,85,76,15,29,2,118,103,39,123,155,14,96,98,37,122,119,48,124,133,83,98,159,95,124,110,906,81
96,108,132,99,51,4,122,112,50,158,146,113,245,221,36,135,168,122,173,221,118,122,169,297,419,301,55,167,177,1515,81
142,138,11,75,4,51,3,107,84,222,226,213,224,351,30,105,41,107,111,182,83,134,87,99,102,150,96,203,99,1243,81
100,122,101,68,50,11,99,131,86,208,186,72,173,194,3,71,104,98,148,166,102,113,152,92,191,103,109,240,208,1244,81
27,4,128,97,98,113,34,159,104,108,131,120,248,124,93,190,221,25,123,122,35,148,133,92,126,205,19,178,53,1148,81
120,98,68,98,88,104,110,111,36,134,156,868,936,966,132,230,200,97,185,195,140,244,228,146,256,250,170,281,280,2386,81
87,100,103,3,54,4,88,71,123,223,210,20,123,120,85,88,188,45,99,48,103,107,157,23,111,27,2,73,90,911,81
102,112,120,71,86,3,78,51,73,185,175,2,122,114,13,84,133,66,152,137,79,82,165,35,113,38,56,107,134,947,81
80,81,117,75,111,56,88,11,2,83,82,18,135,99,2,77,119,8,119,83,2,58,113,25,113,81,66,77,154,742,81
84,52,4,45,3,15,4,27,145,197,229,69,73,121,61,106,65,73,76,118,85,100,88,98,102,113,66,93,70,831,81
44,26,11,16,5,15,9,24,599,625,643,92,103,118,77,93,88,138,143,154,307,322,312,100,109,115,109,133,118,1572,81
66,48,44,57,67,45,43,59,183,231,249,156,200,204,367,424,411,217,284,274,263,308,330,179,222,224,150,209,193,1944,82
46,43,50,47,54,42,49,44,98,141,144,112,162,155,92,139,142,95,149,142,106,148,160,91,140,133,93,137,142,1062,82
50,43,38,36,60,50,28,29,101,144,151,128,166,171,113,149,151,97,157,133,73,123,133,110,138,160,105,134,133,1061,82
72,54,72,59,46,70,78,52,345,399,417,151,223,205,137,196,209,168,214,227,132,202,178,192,270,262,132,184,210,1760,82
16,44,32,35,56,46,44,38,107,151,123,116,148,160,124,159,156,115,171,150,90,136,146,107,151,153,112,150,156,1082,82
58,46,63,52,122,43,55,52,96,142,154,95,158,141,96,148,159,96,218,148,20,63,142,100,155,143,108,160,163,1102,82
44,46,46,43,47,56,53,53,109,155,153,113,159,159,104,147,150,118,165,161,90,146,137,88,141,144,93,146,146,1103,82
35,44,43,57,42,43,33,59,120,164,155,114,157,158,114,171,157,109,151,166,134,177,176,131,164,174,107,166,140,1185,82
85,44,55,54,43,36,43,45,66,110,151,115,170,159,86,140,141,107,150,161,112,148,155,116,159,152,113,158,156,1120,82
65,42,52,46,51,50,57,64,96,138,161,101,153,143,105,151,157,105,156,151,114,164,165,92,149,142,76,140,133,1116,82
17,28,50,46,49,92,36,41,163,191,180,95,145,123,134,180,184,103,152,149,84,176,133,55,91,147,115,156,151,1108,82
94,59,47,50,56,60,51,50,325,384,419,171,218,230,148,198,195,269,325,319,164,224,220,291,342,351,174,224,225,2009,82
47,52,45,36,32,42,43,38,98,150,145,112,157,164,122,158,167,126,158,162,126,168,158,95,138,137,125,163,168,1139,82
33,43,55,34,47,44,55,40,112,155,145,124,179,167,111,145,166,107,154,141,105,149,152,97,152,141,104,144,159,1111,82
53,43,37,44,40,39,37,44,115,158,168,116,153,159,104,148,141,102,142,146,129,168,169,118,155,157,108,152,145,1129,82
73,42,42,42,46,38,35,52,76,118,149,130,172,172,132,174,174,115,161,157,103,141,149,113,148,151,98,150,133,1137,82
55,53,42,36,42,56,43,38,108,161,163,114,156,167,130,166,172,106,148,142,83,139,125,112,155,168,114,152,157,1132,82
52,29,19,45,6,5,1,41,318,347,370,37,56,66,32,77,51,127,133,172,21,26,27,27,28,32,1058,1099,1059,1818,82
37,51,54,44,36,37,47,13,112,163,149,114,168,165,103,147,157,117,153,161,105,142,141,110,157,147,134,147,181,1114,82
6,51,46,48,33,42,35,47,112,163,118,123,169,174,111,159,157,121,154,169,117,159,150,114,149,156,107,154,142,1113,82
58,86,52,47,57,56,43,60,291,377,349,445,497,531,318,365,370,282,339,329,358,414,415,219,262,275,342,402,385,2714,82
46,44,59,56,63,52,57,34,194,238,240,130,189,174,161,217,220,190,253,246,103,155,166,124,181,176,142,176,199,1455,82
46,52,61,47,45,46,52,35,104,156,150,96,157,148,105,152,166,112,157,159,105,151,150,107,159,153,101,136,153,1114,82
107,48,52,69,63,49,63,57,225,273,332,192,244,240,156,225,208,93,156,162,216,265,279,150,213,199,136,193,199,1676,82
41,59,62,76,42,60,85,49,125,184,166,181,243,240,263,339,325,249,291,325,197,257,239,167,252,227,314,363,399,1970,82
81,53,61,44,53,48,46,46,60,113,141,107,168,160,95,139,156,98,151,142,90,138,143,92,138,140,97,143,143,1071,82
44,45,53,61,46,44,44,47,92,137,136,105,158,150,87,148,140,98,144,159,102,146,148,90,134,134,90,137,134,1048,82
44,68,39,51,45,73,78,49,465,533,509,253,292,321,146,197,185,446,491,497,204,277,249,199,277,272,185,234,263,2345,82
34,45,59,55,45,37,22,65,117,162,151,133,192,178,99,154,158,101,146,156,113,150,158,118,140,155,92,157,114,1135,82
58,82,46,47,59,53,67,54,386,468,444,201,247,283,180,227,226,219,278,266,191,244,250,265,332,318,173,227,240,2081,82
109,93,85,86,88,97,95,84,139,232,248,165,250,258,145,231,230,149,237,235,148,245,236,134,229,231,138,222,233,1755,83
119,85,92,90,104,106,96,97,146,231,265,149,241,234,144,234,236,140,244,230,136,242,240,144,240,250,125,222,221,1773,83
92,94,106,92,103,93,81,107,89,183,181,98,204,192,83,175,189,120,223,212,94,187,197,117,198,210,118,225,199,1487,83
110,66,105,88,76,77,70,85,138,204,248,155,260,221,140,228,245,145,221,233,182,259,258,174,244,251,128,213,198,1739,83
76,63,72,79,78,80,101,86,166,229,242,145,217,208,129,208,201,151,229,230,134,214,212,135,236,215,98,184,199,1593,83
68,85,89,68,114,87,95,86,96,181,164,83,172,168,84,152,173,98,212,166,62,149,176,88,183,175,144,230,239,1347,83
29,35,50,10,95,112,92,100,120,155,149,72,122,107,76,86,126,114,209,124,108,220,203,330,422,442,149,249,241,1492,83
83,85,93,67,66,75,78,69,100,185,183,145,238,230,156,223,249,239,305,306,164,239,230,109,187,184,117,186,195,1646,83
37,86,96,95,103,104,72,102,1279,1365,1316,395,491,481,262,357,358,382,485,477,342,446,445,278,350,382,3584,3686,3656,7217,83
100,92,58,83,76,79,106,85,157,249,257,173,231,265,285,368,343,136,212,219,118,197,194,208,314,287,107,192,213,1863,83
64,91,89,78,73,84,78,69,81,172,145,89,178,180,137,215,226,99,172,177,101,185,174,99,177,183,108,177,186,1340,83
80,75,67,95,87,80,99,78,126,201,206,101,168,176,384,479,451,99,186,194,119,199,206,296,395,376,122,200,221,1908,83
98,87,67,68,77,84,85,83,93,180,191,107,174,194,127,195,194,154,231,222,134,218,211,128,213,212,139,222,224,1531,83
54,104,114,122,104,108,105,98,422,526,476,973,1087,1077,154,276,268,219,323,341,376,484,480,84,189,192,90,188,195,3127,83
54,83,85,87,82,86,78,94,87,170,141,93,178,176,71,158,156,90,172,177,63,149,145,90,168,176,87,181,165,1230,83
74,93,85,94,93,94,93,98,117,210,191,129,214,222,108,202,193,109,202,203,100,194,193,111,204,205,88,186,181,1486,83
79,82,76,68,73,62,77,105,85,167,164,85,161,167,108,176,184,106,179,174,89,151,162,99,176,161,98,203,175,1292,83
91,95,96,78,101,85,85,86,128,223,219,109,205,204,132,210,228,109,210,187,120,205,221,138,223,223,145,231,230,1598,83
130,92,124,109,97,95,96,76,100,192,230,145,269,237,97,206,221,205,302,314,97,192,194,200,296,295,116,192,212,1779,83
79,94,84,124,87,83,78,80,351,445,430,92,176,186,210,334,294,623,710,747,268,351,355,399,477,482,300,380,378,2952,83
85,86,105,87,87,103,94,85,98,184,183,126,231,212,95,182,200,126,213,213,135,238,222,117,211,220,121,206,215,1550,83
101,98,86,115,76,69,96,88,117,215,218,124,210,222,126,241,212,135,211,250,136,205,212,115,211,184,125,213,221,1607,83
95,9,65,68,4,9,48,8,230,239,325,116,181,125,93,161,158,49,53,117,130,139,134,81,129,90,79,87,127,1084,83
78,27,41,41,6,4,4,15,28,55,106,252,293,279,82,123,123,122,128,163,33,37,39,2,6,6,21,36,25,756,83
91,68,57,66,73,67,62,76,110,178,201,98,155,166,102,168,159,106,179,172,104,171,177,85,147,152,101,177,163,1266,83
92,94,73,94,86,104,94,116,136,230,228,150,223,244,125,219,198,155,241,249,126,230,212,143,237,247,121,237,215,1709,83
77,76,95,118,97,81,91,78,105,181,182,90,185,166,71,189,166,85,182,203,109,190,206,111,202,192,116,194,207,1400,83
4,15,22,5,4,14,9,39,138,153,142,72,94,87,81,86,103,22,26,27,133,147,137,117,126,131,100,139,109,775,83
53,87,96,77,65,78,77,78,108,195,161,106,202,193,116,193,212,119,184,196,144,222,209,153,230,231,134,212,211,1491,83
85,101,75,95,90,69,68,86,87,188,172,81,156,182,75,170,150,98,188,193,104,173,194,115,183,184,89,175,157,1318,83
124,198,135,173,212,92,70,9,29,227,153,52,187,250,121,294,256,3,215,176,2,94,214,88,158,180,102,111,172,1410,84
167,76,133,131,131,86,136,149,2,78,169,60,193,136,26,157,159,5,136,136,66,152,197,93,229,179,75,224,211,1336,84
141,127,133,119,137,128,132,125,92,219,233,68,201,195,94,213,227,142,279,261,98,226,235,84,216,212,107,232,239,1727,84
138,177,115,131,168,140,125,142,212,389,350,118,233,295,123,254,238,113,281,244,58,198,226,100,225,240,113,255,238,1973,84
170,125,140,219,161,231,103,170,104,229,274,104,244,229,94,313,234,98,259,317,89,320,250,1,104,232,115,285,218,1924,84
106,29,81,132,125,99,135,140,136,165,242,96,177,125,153,285,234,94,219,226,94,193,219,87,222,186,66,206,201,1573,84
172,83,116,125,99,166,94,128,3,86,175,31,147,114,3,128,119,183,282,308,17,183,116,2,96,168,36,164,130,1258,84
114,11,10,29,92,5,100,9,51,62,165,181,191,192,90,119,100,67,159,96,103,108,195,52,152,57,65,74,165,979,84
87,134,156,146,125,129,147,93,69,203,156,95,251,229,157,303,313,4,129,150,32,161,157,99,246,228,4,97,151,1477,84
97,147,147,144,7,126,151,126,23,170,120,2,149,149,33,177,180,100,107,244,75,201,82,46,197,172,22,148,173,1246,84
138,99,147,135,143,99,162,149,67,166,205,79,226,178,73,208,220,59,202,194,49,148,192,76,238,175,131,280,293,1606,84
86,136,63,152,9,134,16,183,73,209,159,97,160,233,2,154,65,104,113,256,39,173,48,74,90,208,127,310,143,1295,84
138,146,132,118,107,116,121,159,57,203,195,2,134,148,3,121,135,34,141,152,3,119,110,4,125,120,24,183,145,1164,84
121,133,156,110,151,128,114,135,297,430,418,76,232,209,156,266,312,51,202,161,86,214,237,118,232,246,114,249,228,1946,84
88,69,79,107,89,97,99,106,91,160,179,96,175,165,94,201,173,95,184,202,96,193,185,95,194,192,95,201,194,1396,84
117,98,123,136,159,157,108,161,21,119,138,48,171,146,3,139,126,27,186,163,7,164,166,26,134,183,18,179,126,1209,84
112,70,140,145,101,156,108,141,113,183,225,3,143,73,2,147,142,69,170,214,2,158,103,70,178,226,166,307,274,1398,84
83,5,127,147,99,154,123,119,85,90,168,194,321,199,42,189,169,2,101,149,69,223,168,44,167,198,73,192,196,1366,84
125,150,118,136,123,166,184,132,90,240,215,2,120,152,24,160,142,54,177,190,3,169,126,2,186,168,3,135,187,1312,84
180,132,128,152,145,157,115,126,197,329,377,157,285,289,141,293,269,127,272,279,208,365,353,131,246,288,217,343,332,2313,84
148,168,140,132,107,90,118,152,151,319,299,155,295,323,198,330,338,272,379,404,279,369,386,196,314,286,360,512,478,2666,84
135,74,115,132,143,132,138,164,108,182,243,44,159,118,34,166,149,3,146,135,26,158,169,25,163,157,139,303,277,1412,84
103,169,91,142,92,96,7,127,28,197,131,2,93,171,20,162,111,3,95,145,43,139,135,73,80,169,83,210,90,1079,84
143,138,115,118,135,122,135,100,8,146,151,24,139,162,20,138,135,34,169,152,3,125,138,23,158,145,48,148,183,1166,84
121,105,123,151,137,197,58,138,113,218,234,2,125,107,2,153,125,53,190,204,3,200,140,1,59,198,198,336,256,1402,84
145,175,63,117,122,133,169,99,25,200,170,1,64,176,35,152,98,2,124,119,29,162,151,2,171,135,1,100,170,1118,84
163,78,150,116,163,116,121,121,2,80,165,78,228,156,61,177,211,20,183,136,12,128,175,50,171,166,57,178,178,1308,84
122,123,125,84,103,126,110,72,237,360,359,199,324,322,622,706,747,273,376,357,208,334,311,196,306,322,212,284,322,2812,84
123,38,8,42,132,123,87,150,188,226,311,126,134,164,110,152,118,28,160,70,35,158,167,3,90,126,94,244,181,1287,84
126,146,85,67,121,134,153,154,132,278,258,188,273,334,596,663,681,131,252,198,114,248,235,106,259,240,163,317,316,2416,84
5,5,5,6,74,24,57,33,1,6,6,1,6,6,112,118,117,7,81,13,44,68,118,46,103,70,54,87,111,474,85
5,19,6,78,55,10,7,6,2,21,7,100,106,119,9,87,15,1,56,79,32,42,87,198,205,208,1,7,8,529,85
84,10,4,25,6,4,157,10,3,13,87,148,152,158,1,26,5,104,110,129,11,15,17,76,233,80,2,12,159,645,85
7,134,6,7,72,64,20,38,18,152,25,2,8,136,80,87,86,29,101,36,19,83,91,35,55,99,83,121,103,614,85
6,6,17,12,49,5,70,10,132,138,138,2,19,8,41,53,58,51,100,63,70,75,119,18,88,23,64,74,134,553,85
7,8,71,20,33,72,187,5,1,9,8,2,73,10,50,70,121,45,78,65,21,93,54,31,218,103,4,9,191,557,85
6,5,8,3,11,42,10,63,100,105,106,54,62,59,60,63,68,163,174,166,2,44,13,50,60,92,55,118,65,632,85
52,7,5,23,15,30,38,4,277,284,329,2,7,9,57,80,62,69,84,92,71,101,86,55,93,85,45,49,83,750,85
37,21,5,8,6,7,55,5,4,25,41,116,121,137,41,49,46,131,137,139,2,9,8,83,138,90,43,48,98,564,85
6,4,5,70,88,45,37,5,3,7,9,179,184,183,2,72,7,75,163,145,59,104,147,55,92,100,53,58,90,686,85
6,4,6,34,65,46,4,62,131,135,137,54,60,58,45,79,51,31,96,65,22,68,87,62,66,108,57,119,61,629,85
6,8,4,68,77,5,26,69,2,10,8,88,92,96,47,115,51,26,103,94,26,31,103,104,130,109,1,70,27,557,85
45,92,128,11,137,103,87,78,6,98,51,2,130,94,3,14,131,151,288,162,331,434,468,138,225,241,141,219,228,1453,85
58,32,19,15,54,12,5,151,1,33,59,100,119,132,54,69,73,4,58,19,63,75,117,80,85,92,22,173,27,670,85
44,9,4,28,5,7,66,89,129,138,173,11,15,20,68,96,72,116,121,144,15,22,20,64,130,71,1,90,67,656,85
70,4,243,7,5,136,8,8,23,27,93,9,252,13,1,8,244,5,10,12,2,138,7,1,9,137,57,65,65,579,85
6,9,4,5,92,76,96,88,2,11,8,2,6,11,195,200,199,228,320,233,196,272,288,133,229,209,139,227,235,1271,85
5,6,60,6,4,66,4,87,131,137,136,105,165,111,50,56,110,65,69,71,58,124,62,63,67,129,14,101,18,724,85
220,7,5,51,7,3,29,53,2,9,222,5,10,12,1,52,6,119,126,170,5,8,12,98,127,101,32,85,61,637,85
19,6,4,87,5,4,49,79,2,8,21,2,6,8,2,89,6,100,105,187,1,5,6,88,137,92,18,97,67,466,85
8,5,118,43,70,35,9,5,2,7,10,1,119,6,12,55,130,6,76,49,32,67,102,144,153,179,2,7,11,492,85
6,9,99,9,8,18,5,47,3,12,9,2,101,11,65,74,164,88,96,97,97,115,105,56,61,74,60,107,65,572,85
7,6,4,23,19,134,9,4,96,102,103,71,75,77,148,171,152,36,55,59,48,182,67,15,24,149,52,56,61,672,85
7,5,5,62,4,33,29,81,5,10,12,149,154,154,1,63,6,23,27,85,55,88,59,47,76,80,20,101,49,526,85
6,4,6,112,10,27,38,41,1,5,7,127,133,131,1,113,7,2,12,114,84,111,94,35,73,62,42,83,80,536,85
44,3,7,68,5,73,132,4,21,24,65,111,118,114,2,70,9,55,60,123,45,118,50,29,161,102,4,8,136,603,85
6,64,4,24,72,54,13,3,2,66,8,78,82,142,49,73,53,2,74,26,21,75,93,77,90,131,51,54,64,520,85
38,78,96,49,97,69,30,5,79,157,117,56,152,134,22,71,118,51,148,100,14,83,111,47,77,116,45,50,75,776,85
39,5,3,5,6,10,7,5,130,135,169,2,5,7,129,134,132,56,62,61,39,49,45,198,205,208,2,7,9,636,85
149,6,97,45,47,58,9,5,4,10,153,113,210,119,89,134,186,29,76,74,19,77,66,58,67,116,66,71,75,794,85
31,65,70,4,49,48,5,18,56,121,87,22,92,87,111,115,181,41,90,45,63,111,112,55,60,103,91,109,96,729,86
11,83,25,33,85,51,6,29,61,144,72,156,181,239,60,93,85,40,125,73,3,54,88,71,77,122,61,90,67,775,86
20,43,57,79,79,50,74,136,53,96,73,44,101,87,1,80,58,24,103,103,84,134,163,25,99,75,90,226,164,859,86
81,78,98,113,107,86,98,86,21,99,102,1,99,79,12,125,110,19,126,132,14,100,121,10,108,96,21,107,119,845,86
28,110,112,157,109,19,5,27,179,289,207,116,228,226,167,324,279,34,143,191,76,95,185,58,63,77,83,110,88,1280,86
56,24,109,35,3,34,3,13,22,46,78,11,120,35,2,37,111,76,79,111,23,57,26,73,76,107,57,70,60,541,86
5,3,91,28,28,10,14,2,115,118,120,14,105,17,11,39,102,31,59,59,61,71,89,54,68,64,97,99,111,564,86
10,10,8,11,123,9,63,111,98,108,108,45,53,55,67,78,75,49,172,60,18,27,141,25,88,34,56,167,119,703,86
4,4,39,3,71,141,36,92,66,70,70,94,133,98,73,76,112,90,161,93,44,185,115,4,40,145,20,112,56,781,86
122,171,5,49,30,123,5,13,23,194,145,1,6,172,23,72,28,9,39,58,40,163,70,3,8,126,51,64,56,668,86
20,11,17,3,5,4,25,5,86,97,106,23,40,34,83,86,100,91,96,94,59,63,64,55,80,59,63,68,88,550,86
81,86,112,103,75,87,54,11,27,113,108,2,114,88,8,111,120,52,127,155,25,112,100,166,220,253,72,83,126,961,86
93,79,98,62,91,78,3,99,3,82,96,15,113,94,11,73,109,2,93,64,2,80,93,84,87,162,2,101,5,722,86
19,12,76,9,83,11,72,39,43,55,62,89,165,101,89,98,165,20,103,29,70,81,153,26,98,37,74,113,146,732,86
4,3,67,97,5,4,4,19,44,47,48,61,128,64,3,100,70,308,313,405,57,61,62,256,260,260,86,105,90,1018,86
106,97,104,89,122,75,126,104,2,99,108,23,127,120,22,111,126,13,135,102,17,92,139,12,138,87,3,107,129,915,86
62,61,134,4,8,3,6,20,23,84,85,22,156,83,2,6,136,82,90,86,62,65,70,130,136,133,47,67,53,666,86
22,91,27,41,10,5,9,12,3,94,25,21,48,112,31,72,58,74,84,115,48,53,58,105,114,110,19,31,28,518,86
46,63,83,89,89,113,89,79,26,89,72,60,143,123,9,98,92,16,105,105,10,123,99,1,90,114,21,100,110,794,86
34,14,42,5,5,5,107,104,98,112,132,1,43,15,86,91,128,65,70,70,71,76,76,54,161,59,51,155,158,742,86
8,13,65,72,40,27,2,96,61,74,69,88,153,101,10,82,75,48,88,120,54,81,94,76,78,103,53,149,55,713,86
68,65,37,98,49,93,57,76,81,146,149,63,100,128,61,159,98,8,57,106,30,123,79,22,79,115,26,102,83,834,86
50,50,10,26,5,89,39,5,19,69,69,82,92,132,30,56,40,87,92,113,66,155,71,39,78,128,66,71,105,663,86
4,2,5,4,33,61,65,59,92,94,96,2,7,4,82,86,87,33,66,37,27,88,60,3,68,64,19,78,84,491,86
5,25,33,46,26,15,23,22,101,126,106,57,90,82,133,179,166,78,104,124,85,100,111,33,56,48,109,131,132,791,86
9,3,96,6,2,93,91,64,101,104,110,50,146,53,41,47,137,82,84,88,66,159,68,76,167,169,83,147,174,863,86
6,2,4,8,6,3,4,5,2,4,8,102,106,104,45,53,49,47,53,55,46,49,52,117,121,120,31,36,35,428,86
5,3,4,35,3,140,5,64,1,4,6,1,5,4,23,58,27,94,97,129,411,551,414,2,7,142,2,66,7,793,86
90,144,9,5,81,94,46,98,41,185,131,3,12,147,45,50,54,12,93,17,3,97,84,87,133,181,6,104,52,764,86
5,3,37,41,2,162,5,94,60,63,65,7,44,10,33,74,70,81,83,122,2,164,4,2,7,164,78,172,83,612,86
35,82,74,98,91,109,73,76,97,179,132,85,159,167,85,183,159,71,162,169,68,177,159,58,131,167,232,308,305,1334,87
53,77,82,76,74,81,94,115,73,150,126,66,148,143,66,142,148,81,155,157,64,145,138,64,158,145,76,191,170,1142,87
40,56,62,74,82,78,92,67,94,150,134,107,169,163,107,181,169,93,175,167,80,158,162,66,158,144,98,165,190,1196,87
18,41,71,62,67,55,53,54,94,135,112,117,188,158,98,160,169,107,174,169,102,157,169,112,165,167,116,170,169,1167,87
58,73,65,92,87,76,94,75,95,168,153,116,181,189,84,176,149,75,162,167,72,148,159,241,335,317,73,148,167,1376,87
70,69,80,82,82,77,88,63,86,155,156,87,167,156,79,161,159,96,178,178,88,165,170,89,177,166,114,177,202,1250,87
61,88,79,85,82,81,17,103,64,152,125,90,169,178,91,176,170,231,313,316,119,200,201,236,253,317,13,116,30,1440,87
64,63,85,95,128,89,84,106,125,188,189,93,178,156,86,181,171,72,200,167,62,151,190,99,183,188,95,201,179,1346,87
48,81,41,71,68,71,82,81,91,172,139,90,131,171,114,185,155,86,154,157,92,163,160,85,167,156,66,147,148,1167,87
70,89,93,100,261,17,75,87,67,156,137,89,182,178,75,175,168,68,329,168,2,19,263,46,121,63,251,338,326,1390,87
26,65,74,63,27,70,89,24,94,159,120,63,137,128,98,161,172,116,143,179,95,165,122,66,155,136,123,147,212,1093,87
24,93,83,73,86,74,82,82,56,149,80,62,145,155,76,149,159,74,160,147,83,157,169,92,174,166,77,159,159,1117,87
63,77,86,94,102,85,73,88,60,137,123,69,155,146,61,155,147,53,155,147,46,131,148,84,157,169,75,163,148,1116,87
53,72,67,25,25,55,82,82,91,163,144,75,142,147,288,313,355,1,26,26,59,114,84,90,172,145,77,159,159,1142,87
47,83,62,82,84,82,88,87,95,178,142,84,146,167,101,183,163,71,155,153,86,168,170,85,173,167,71,158,159,1208,87
57,47,89,57,75,76,107,100,101,148,158,265,354,312,88,145,177,92,167,149,103,179,178,95,202,171,59,159,166,1411,87
25,75,92,89,65,71,83,69,55,130,80,71,163,146,55,144,147,90,155,179,93,164,158,66,149,137,74,143,157,1073,87
67,85,91,72,74,89,92,67,68,153,135,62,153,147,58,130,149,83,157,155,75,164,149,56,148,145,78,145,170,1117,87
46,74,88,73,81,88,99,77,93,167,139,61,149,135,82,155,170,84,165,157,66,154,147,69,168,157,71,148,170,1152,87
79,62,67,72,69,66,64,68,56,118,135,76,143,138,93,165,160,74,143,146,79,145,148,91,155,157,96,164,160,1112,87
36,75,70,81,74,79,71,82,90,165,126,81,151,156,80,161,150,75,149,156,76,155,150,98,169,177,76,158,147,1144,87
57,83,65,83,73,80,266,39,71,154,128,74,139,157,93,176,158,75,148,158,86,166,159,66,332,146,3,42,269,1214,87
73,79,86,58,87,82,100,73,78,157,151,89,175,168,115,173,201,119,206,177,93,175,180,1414,1514,1496,87,160,187,2633,87
48,72,78,63,60,69,82,94,79,151,127,85,163,157,93,156,171,113,173,176,111,180,171,86,168,155,76,170,158,1209,87
70,83,85,94,79,51,79,81,63,146,133,82,167,165,65,159,150,72,151,166,114,165,193,82,161,133,72,153,151,1172,87
52,67,112,90,79,65,79,81,77,144,129,82,194,149,50,140,162,54,133,144,80,145,159,91,170,156,80,161,159,1139,87
70,85,63,87,88,94,92,109,73,158,143,93,156,178,97,184,160,82,170,169,59,153,147,94,186,188,57,166,149,1243,87
131,78,87,76,79,80,98,70,23,101,154,73,160,151,105,181,192,91,170,167,101,181,180,108,206,188,63,133,161,1263,87
37,82,73,64,60,84,93,97,89,171,126,117,190,199,543,607,616,113,173,177,742,826,802,81,174,165,96,193,189,2371,87
40,73,84,84,65,73,68,93,96,169,136,50,134,123,85,169,169,84,149,168,94,167,159,94,162,167,69,162,137,1152,87
136,181,128,172,146,63,54,98,26,207,162,2,130,183,15,187,143,8,154,180,77,140,223,52,106,115,241,339,295,1399,88
34,4,138,155,135,182,137,100,125,129,159,161,299,165,2,157,140,21,156,176,78,260,213,14,151,196,67,167,204,1353,88
98,217,89,111,11,27,30,135,2,219,100,3,92,220,66,177,155,72,83,183,102,129,113,85,115,112,175,310,205,1223,88
213,286,216,101,157,101,86,67,404,690,617,19,235,305,52,153,268,20,177,121,40,141,197,104,190,205,61,128,147,1927,88
98,169,58,169,100,147,136,149,90,259,188,23,81,192,69,238,127,15,115,184,293,440,393,16,152,163,2,151,138,1534,88
102,142,69,145,103,146,79,97,33,175,135,48,117,190,56,201,125,15,118,160,31,177,134,39,118,185,31,128,110,1136,88
182,176,116,161,99,115,57,98,2,178,184,2,118,178,13,174,129,18,117,179,62,177,161,59,116,174,57,155,114,1217,88
132,75,4,96,179,110,132,30,38,113,170,303,307,378,162,258,166,33,212,129,12,122,191,29,161,139,38,68,170,1373,88
120,157,121,110,8,119,167,77,36,193,156,10,131,167,68,178,189,123,131,233,125,244,133,58,225,177,40,117,207,1339,88
97,114,110,33,72,19,62,118,203,317,300,67,177,181,73,106,183,252,324,285,120,139,192,108,170,127,69,187,131,1517,88
130,191,162,108,166,105,103,81,33,224,163,12,174,203,153,261,315,12,178,120,12,117,178,97,200,202,35,116,138,1400,88
174,61,29,84,29,80,68,117,201,262,375,63,92,124,90,174,119,98,127,182,126,206,155,50,118,130,79,196,147,1349,88
321,128,192,85,169,108,107,49,620,748,941,141,333,269,31,116,223,21,190,106,8,116,177,201,308,309,43,92,150,2224,88
150,125,28,119,49,116,181,151,397,522,547,86,114,211,140,259,168,128,177,247,59,175,108,34,215,150,1,152,182,1764,88
98,166,105,132,78,91,54,50,38,204,136,8,113,174,45,177,150,13,91,145,61,152,139,72,126,163,79,129,133,1090,88
101,48,145,73,63,13,131,191,62,110,163,128,273,176,32,105,177,102,165,175,97,110,160,148,279,161,8,199,139,1342,88
90,169,135,148,63,192,143,17,68,237,158,7,142,176,16,164,151,42,105,190,114,306,177,44,187,236,264,281,407,1512,88
108,175,126,121,32,27,73,91,1,176,109,1,127,176,46,167,172,64,96,185,90,117,122,152,225,179,246,337,319,1353,88
43,4,50,107,68,120,113,112,125,129,168,182,232,186,71,178,121,38,106,145,128,248,196,115,228,235,14,126,127,1290,88
126,104,41,103,133,100,29,86,48,152,174,78,119,182,94,197,135,33,166,136,67,167,200,50,79,150,139,225,168,1231,88
110,142,17,111,13,83,103,187,68,210,178,76,93,218,81,192,98,92,105,203,118,201,131,71,174,154,195,382,298,1467,88
171,203,137,156,129,27,3,86,72,275,243,29,166,232,9,165,146,65,194,221,38,65,167,140,143,167,90,176,93,1355,88
35,65,19,136,112,52,40,2,416,481,451,94,113,159,69,205,88,64,176,200,52,104,164,115,155,167,91,93,131,1362,88
44,4,97,139,97,121,61,61,123,127,167,162,259,166,2,141,99,44,141,183,45,166,142,60,121,181,100,161,161,1160,88
97,135,134,147,101,82,38,15,180,315,277,64,198,199,14,161,148,2,103,149,68,150,169,52,90,134,126,141,164,1255,88
38,12,119,84,134,88,157,131,103,115,141,139,258,151,212,296,331,31,165,115,40,128,174,44,201,132,68,199,225,1400,88
175,73,49,2,107,132,152,98,22,95,197,123,172,196,102,104,151,190,297,192,2,134,109,21,173,153,40,138,192,1288,88
12,51,134,177,102,156,49,157,109,160,121,116,250,167,22,199,156,20,122,197,28,184,130,82,131,238,42,199,91,1257,88
85,120,1515,182,4,110,131,451,211,331,296,138,1653,258,6949,7131,8464,525,529,707,127,237,131,161,292,271,34,485,165,10743,88
168,266,111,11,115,131,161,189,200,466,368,5091,5202,5357,120,131,231,190,305,201,126,257,241,116,277,247,63,252,224,7058,88
107,110,144,117,120,130,107,97,259,369,366,88,232,198,1,118,145,33,153,150,14,144,134,12,119,142,14,111,121,1353,89
95,132,110,50,131,136,85,120,57,189,152,13,123,145,46,96,156,54,185,104,438,574,569,129,214,265,188,308,273,1784,89
94,116,98,143,133,154,144,126,691,807,785,410,508,526,112,255,210,63,196,206,166,320,299,52,196,206,188,314,332,2690,89
92,122,124,120,144,130,105,36,43,165,135,75,199,197,227,347,351,22,166,142,17,147,161,2,107,132,2,38,107,1261,89
89,156,118,146,85,140,133,113,2,158,91,2,120,158,15,161,133,2,87,148,19,159,104,2,135,142,1,114,134,1023,89
136,146,161,102,119,156,108,112,632,778,768,13,174,159,2,104,163,12,131,114,14,170,133,3,111,159,2,114,110,1718,89
93,112,136,120,139,109,97,119,66,178,159,96,232,208,94,214,230,100,239,220,200,309,339,112,209,221,306,425,403,1899,89
86,108,119,142,108,97,87,153,229,337,315,124,243,232,43,185,162,134,242,276,1147,1244,1255,111,198,208,130,283,217,2818,89
124,112,140,107,134,163,121,131,55,167,179,1,141,113,12,119,152,1,135,108,2,165,136,3,124,166,1,132,122,1107,89
103,108,122,108,110,121,82,120,70,178,173,74,196,182,99,207,221,120,230,228,132,253,242,137,219,258,156,276,238,1662,89
309,154,97,142,122,120,118,111,26,180,335,93,190,247,80,222,177,76,198,218,98,218,220,253,371,373,124,235,242,1923,89
131,134,122,145,107,157,139,107,36,170,167,61,183,195,86,231,208,2,109,147,33,190,140,2,141,159,1,108,140,1263,89
129,83,143,112,144,154,194,109,137,220,266,134,277,217,68,180,211,106,250,218,66,220,210,97,291,251,236,345,430,1912,89
68,52,74,118,88,172,54,104,858,910,926,102,176,154,13,131,87,45,133,163,2,174,90,1,55,173,16,120,70,1767,89
148,75,131,108,131,167,119,119,72,147,220,130,261,205,102,210,233,142,273,250,327,494,458,32,151,199,88,207,207,1891,89
42,110,151,150,99,109,110,98,49,159,91,75,226,185,79,229,230,2,101,152,276,385,375,68,178,177,130,228,240,1548,89
95,112,121,407,132,108,102,88,64,176,159,93,214,205,67,474,188,64,196,471,121,229,253,152,254,260,1625,1713,1727,3351,89
65,117,121,167,66,119,143,105,604,721,669,47,168,164,2,169,123,2,68,169,329,448,395,35,178,154,1,106,144,1923,89
153,132,145,117,138,178,154,189,48,180,201,75,220,207,2,119,147,98,236,215,168,346,306,218,372,396,32,221,186,1847,89
71,123,177,130,129,150,116,152,107,230,178,39,216,162,2,132,179,1,130,131,368,518,497,14,130,164,457,609,573,2036,89
115,119,115,110,168,152,118,110,63,182,178,76,191,195,95,205,210,558,726,668,1,153,169,2,120,154,1,111,119,1803,89
49,113,109,145,123,97,110,100,102,215,151,81,190,194,112,257,221,85,208,230,333,430,456,134,244,231,86,186,196,1779,89
93,110,128,146,143,158,142,152,51,161,144,87,215,197,34,180,162,2,145,148,259,417,402,1,143,159,2,154,144,1508,89
118,190,142,145,144,138,168,125,73,263,191,2,144,192,324,469,466,195,339,340,2,140,146,44,212,182,1,126,169,1811,89
167,142,72,176,156,105,126,118,23,165,190,2,74,144,24,200,96,88,244,264,2,107,158,20,146,125,28,146,154,1249,89
137,158,123,119,99,141,103,101,20,178,157,21,144,179,218,337,341,90,189,209,335,476,434,276,379,417,41,142,144,1982,89
48,138,106,111,109,89,144,134,118,256,166,92,198,230,151,262,257,82,191,193,164,253,273,109,253,198,109,243,253,1704,89
145,131,111,143,153,144,132,109,86,217,231,51,162,182,56,199,167,64,217,207,89,233,242,74,206,218,99,208,231,1587,89
43,137,87,115,163,156,113,121,48,185,91,29,116,166,14,129,101,23,186,138,375,531,538,2,115,158,16,137,129,1442,89
103,127,109,139,132,110,96,121,35,162,138,36,145,163,23,162,132,3,135,142,11,121,143,2,98,112,15,136,111,1062,89
7,5,18,15,7,37,11,54,69,74,76,420,438,425,68,83,86,313,320,328,66,103,73,398,409,435,38,92,49,1526,90
103,115,104,67,79,108,75,78,93,208,196,56,160,171,90,157,194,65,144,132,61,169,140,112,187,220,107,185,182,1313,90
37,98,61,94,89,83,102,81,35,133,72,2,63,100,207,301,268,90,179,184,5,88,94,116,218,199,36,117,138,1136,90
83,109,26,94,23,63,54,10,2,111,85,53,79,162,14,108,40,64,87,158,28,91,51,52,106,115,81,91,135,756,90
100,104,85,9,31,61,4,51,31,135,131,2,87,106,85,94,170,44,75,53,74,135,105,37,41,98,72,123,76,790,90
95,125,66,46,21,54,29,7,221,346,316,15,81,140,53,99,119,80,101,126,53,107,74,298,327,352,103,110,132,1266,90
82,48,8,36,6,73,14,39,95,143,177,102,110,150,110,146,118,70,76,106,94,167,100,35,49,108,63,102,77,875,90
68,102,62,29,22,47,28,46,32,134,100,20,82,122,131,160,193,44,66,73,78,125,100,53,81,100,32,78,60,794,90
89,90,83,20,6,87,19,95,20,110,109,17,100,107,45,65,128,106,112,126,83,170,89,37,56,124,83,178,102,880,90
60,132,89,77,56,40,135,59,46,178,106,4,93,136,83,160,172,2,58,79,97,137,153,12,147,52,124,183,259,1016,90
117,79,47,104,93,43,99,35,64,143,181,154,201,233,44,148,91,46,139,150,17,60,110,65,164,108,3,38,102,1010,90
64,120,7,21,102,131,117,36,128,248,192,104,111,224,68,89,75,113,215,134,39,170,141,19,136,150,109,145,226,1178,90
35,22,50,18,53,128,95,89,54,76,89,45,95,67,84,102,134,49,102,67,39,167,92,88,183,216,54,143,149,903,90
47,30,95,137,71,30,14,75,335,365,382,46,141,76,64,201,159,2,73,139,142,172,213,83,97,113,104,179,118,1275,90
77,68,73,94,57,15,55,12,74,142,151,22,95,90,121,215,194,61,118,155,69,84,126,76,131,91,37,49,92,911,90
9,4,25,36,83,79,28,3,71,75,80,73,98,77,90,126,115,14,97,50,116,195,199,55,83,134,105,108,133,791,90
71,107,69,65,37,94,109,101,37,144,108,3,72,110,105,170,174,35,72,100,297,391,334,21,130,115,2,103,111,1153,90
110,19,78,105,70,80,64,55,156,175,266,323,401,342,3,108,81,3,73,108,56,136,126,2,66,82,445,500,509,1569,90
7,6,6,37,88,47,89,103,108,114,115,88,94,94,83,120,89,39,127,76,36,83,124,20,109,67,13,116,102,770,90
21,145,116,46,4,12,16,12,2,147,23,82,198,227,67,113,183,71,75,117,132,144,136,110,126,122,120,132,136,956,90
39,118,99,45,55,11,6,21,48,166,87,64,163,182,1,46,100,56,111,101,90,101,145,86,92,97,75,96,81,814,90
56,18,7,37,43,21,47,61,2,20,58,101,108,119,82,119,89,73,116,110,80,101,123,23,70,44,59,120,106,710,90
55,91,59,47,4,10,5,115,47,138,102,48,107,139,25,72,84,69,73,116,97,107,101,79,84,89,200,315,205,951,90
80,64,20,8,4,73,52,96,68,132,148,53,73,117,127,135,147,122,126,130,54,127,58,60,112,133,15,111,67,896,90
79,87,38,50,51,59,70,79,89,176,168,116,154,203,126,176,164,140,191,190,135,194,186,111,181,170,99,178,169,1329,90
67,105,77,63,60,4,47,12,607,712,674,20,97,125,54,117,131,29,89,92,65,69,125,61,108,65,86,98,133,1357,90
77,80,91,71,87,114,73,90,39,119,116,35,126,115,60,131,151,3,90,74,107,221,194,59,132,173,2,92,75,988,90
39,104,105,70,38,5,77,98,4,108,43,12,117,116,13,83,118,173,211,243,53,58,91,88,165,93,2,100,79,881,90
9,13,37,64,59,28,70,4,50,63,59,86,123,99,29,93,66,53,112,117,56,84,115,57,127,85,87,91,157,702,90
78,123,52,28,6,96,30,5,44,167,122,27,79,150,117,145,169,104,110,132,120,216,126,93,123,189,105,110,135,1028,90
133,113,133,120,131,123,147,136,108,221,241,63,196,176,96,216,229,113,244,233,77,200,208,83,230,206,156,292,303,1732,91
111,119,159,89,100,120,107,99,98,217,209,69,228,188,26,115,185,118,218,207,105,225,205,88,195,208,63,162,170,1471,91
25,120,125,145,80,111,101,110,115,235,140,85,210,205,61,206,186,47,127,192,83,194,163,73,174,184,94,204,195,1375,91
254,110,120,122,141,144,141,120,1,111,255,84,204,194,84,206,204,107,248,229,74,218,215,84,225,228,108,228,249,1694,91
100,111,66,131,57,111,132,157,107,218,207,104,170,215,53,184,119,97,154,228,40,151,97,104,236,215,97,254,229,1467,91
141,145,111,110,132,143,120,98,60,205,201,105,216,250,116,226,227,74,206,184,106,249,238,51,171,194,87,185,207,1599,91
131,144,90,118,144,199,121,122,114,258,245,82,172,226,54,172,144,41,185,159,51,250,195,37,158,236,74,196,195,1522,91
109,133,90,100,227,95,120,108,73,206,182,83,173,216,94,194,184,171,398,271,25,120,252,107,227,202,99,207,219,1634,91
108,124,147,132,121,152,118,134,143,267,251,115,262,239,61,193,208,96,217,228,84,236,205,79,197,231,85,219,203,1699,91
140,119,143,131,120,202,135,130,95,214,235,74,217,193,63,194,206,107,227,238,85,287,205,69,204,271,81,211,216,1694,91
109,110,153,131,131,99,101,109,84,194,193,42,195,152,73,204,226,31,162,162,85,184,216,96,197,195,116,225,217,1470,91
139,143,99,133,154,154,144,118,49,192,188,397,496,540,73,206,172,40,194,173,74,228,228,129,273,283,83,201,227,1929,91
136,110,172,154,131,128,142,142,79,189,215,98,270,208,73,227,245,108,239,262,62,190,193,55,197,183,86,228,228,1676,91
129,120,54,110,45,100,133,231,86,206,215,133,187,253,49,159,103,85,130,195,107,207,152,94,227,194,74,305,207,1550,91
132,109,112,122,149,63,163,107,85,194,217,96,208,205,71,193,183,97,246,219,134,197,283,75,238,138,89,196,252,1604,91
96,100,123,98,111,142,99,131,128,228,224,106,229,206,82,180,205,118,229,216,387,529,498,41,140,183,63,194,162,1825,91
152,152,119,110,133,121,109,169,139,291,291,86,205,238,106,216,225,96,229,206,105,226,238,106,215,227,85,254,194,1788,91
124,101,53,67,172,186,129,134,76,177,200,97,150,198,106,173,159,108,280,175,162,348,334,65,194,251,51,185,180,1631,91
81,102,132,119,111,111,265,121,894,996,975,86,218,188,86,205,218,120,231,239,89,200,200,73,338,184,83,204,348,2473,91
121,83,129,117,31,133,90,89,69,152,190,64,193,147,109,226,238,262,293,379,30,163,61,73,163,206,106,195,196,1506,91
136,140,143,145,144,134,154,78,84,224,220,74,217,214,19,164,162,83,227,228,104,238,248,115,269,249,84,162,238,1637,91
110,120,122,131,132,121,129,129,83,203,193,76,198,196,265,396,387,75,207,206,74,195,206,85,214,206,75,204,204,1727,91
153,154,109,130,136,111,133,122,116,270,269,85,194,239,107,237,216,75,211,205,69,180,205,62,195,173,61,183,194,1623,91
184,107,64,121,120,162,159,136,119,226,303,133,197,240,92,213,156,120,240,241,106,268,226,208,367,370,66,202,225,1897,91
122,121,135,121,95,142,163,110,83,204,205,41,176,162,82,203,217,119,214,240,130,272,225,106,269,248,63,173,226,1633,91
87,78,54,98,110,106,68,142,128,206,215,141,195,219,105,203,159,97,207,195,181,287,291,99,167,205,300,442,368,1794,91
111,57,120,109,170,96,132,109,136,193,247,106,226,163,89,198,209,105,275,214,394,490,564,85,217,181,73,182,205,1892,91
117,79,111,125,100,110,175,65,111,190,228,126,237,205,95,220,206,47,147,172,117,227,217,84,259,194,108,173,283,1570,91
119,110,96,135,63,111,148,73,85,195,204,130,226,240,75,210,171,138,201,273,63,174,126,199,347,310,86,159,234,1631,91
100,108,79,123,99,180,141,165,107,215,207,116,195,224,74,197,153,50,149,173,73,253,172,4,145,184,96,261,237,1515,91
105,101,86,111,6,60,118,101,1,102,106,140,226,241,7,118,93,178,184,289,6,66,12,155,273,215,24,125,142,1199,92
37,351,6,69,116,52,60,92,396,747,433,4,10,355,1,70,7,23,139,92,1,53,117,45,105,97,2,94,62,1255,92
227,49,105,109,123,90,102,297,2,51,229,1,106,50,1,110,106,1,124,110,2,92,125,1,103,91,5,302,107,1115,92
5,36,109,11,136,150,86,68,149,185,154,209,318,245,285,296,394,304,440,315,126,276,262,206,292,356,125,193,211,2005,92
90,98,259,5,54,91,83,67,1,99,91,5,264,103,1,6,260,2,56,7,1,92,55,29,112,120,17,84,100,803,92
52,169,63,78,76,77,5,14,60,229,112,2,65,171,102,180,165,86,162,164,85,162,161,175,180,252,192,206,197,1236,92
53,202,2,81,100,124,67,311,24,226,77,2,4,204,114,195,116,19,119,100,1,125,101,1,68,125,2,313,69,1103,92
5,89,94,105,111,84,78,36,73,162,78,156,250,245,152,257,246,12,123,117,16,100,127,16,94,100,37,73,115,1064,92
159,26,201,4,77,86,132,59,5,31,164,31,232,57,1,5,202,1,78,5,34,120,111,1,133,87,1,60,133,818,92
106,100,146,52,137,104,161,171,190,290,296,111,257,211,61,113,207,147,284,199,75,179,212,2,163,106,17,188,178,1580,92
10,126,88,102,72,7,4,72,29,155,39,2,90,128,32,134,120,1,73,103,130,137,202,113,117,120,35,107,39,823,92
80,209,132,96,80,132,109,51,54,263,134,18,150,227,2,98,134,44,124,140,2,134,82,100,209,232,18,69,127,1127,92
56,77,163,129,138,90,194,13,195,272,251,211,374,288,79,208,242,80,218,209,4,94,142,13,207,103,2,15,196,1444,92
35,191,5,72,10,104,153,77,99,290,134,1,6,192,131,203,136,26,36,98,122,226,132,2,155,106,200,277,353,1228,92
113,88,120,75,85,68,74,108,3,91,116,79,199,167,2,77,122,30,115,105,83,151,168,395,469,463,93,201,167,1416,92
48,67,251,26,111,124,111,229,96,163,144,148,399,215,2,28,253,5,116,31,58,182,169,40,151,164,19,248,130,1335,92
4,55,100,66,168,3,63,59,21,76,25,42,142,97,250,316,350,55,223,121,1,4,169,2,65,5,70,129,133,959,92
34,16,312,4,4,83,75,75,92,108,126,2,314,18,3,7,315,2,6,6,2,85,6,2,77,85,41,116,116,747,92
5,100,201,36,215,35,112,61,88,188,93,58,259,158,1,37,202,29,244,65,1,36,216,142,254,177,3,64,115,1087,92
11,51,75,73,80,39,98,46,86,137,97,74,149,125,73,146,148,50,130,123,126,165,206,21,119,60,44,90,142,947,92
11,72,43,64,166,3,94,8,91,163,102,131,174,203,75,139,118,5,171,69,3,6,169,21,115,24,70,78,164,857,92
88,152,6,107,94,102,92,7,79,231,167,169,175,321,40,147,46,68,162,175,22,124,116,65,157,167,172,179,264,1263,92
94,118,111,120,50,168,28,140,159,277,253,79,190,197,239,359,350,109,159,229,39,207,89,156,184,324,23,163,51,1633,92
112,122,161,49,64,98,69,100,1,123,113,0,161,122,1,50,162,1,65,50,16,114,80,2,71,100,60,160,129,856,92
186,143,144,61,86,80,5,50,2,145,188,2,146,145,2,63,146,176,262,237,35,115,121,145,150,225,110,160,115,1227,92
13,151,103,131,114,135,54,61,1,152,14,28,131,179,39,170,142,2,116,133,18,153,132,2,56,137,1,62,55,853,92
79,93,25,28,102,81,128,92,41,134,120,200,225,293,1,29,26,21,123,49,1,82,103,7,135,88,1,93,129,900,92
82,109,5,95,89,44,5,144,171,280,253,327,332,436,41,136,46,197,286,292,20,64,109,254,259,298,34,178,39,1617,92
27,85,80,104,92,280,4,3,54,139,81,31,111,116,25,129,105,1,93,105,21,301,113,2,6,282,3,6,7,812,92
87,84,5,97,77,100,187,81,49,133,136,298,303,382,65,162,70,60,137,157,91,191,168,57,244,157,3,84,190,1341,92
46,54,64,47,57,49,95,75,126,180,172,123,187,177,123,170,187,142,199,189,154,203,211,110,205,159,92,167,187,1357,93
93,119,138,125,118,115,121,109,88,207,181,59,197,178,58,183,196,72,190,197,66,181,184,84,205,199,76,185,197,1441,93
36,54,64,78,59,94,62,76,148,202,184,118,182,172,106,184,170,131,190,209,115,209,174,116,178,210,120,196,182,1377,93
89,74,50,68,46,46,108,101,91,165,180,102,152,176,106,174,156,100,146,168,114,160,160,142,250,188,91,192,199,1328,93
61,62,64,63,70,59,54,91,122,184,183,87,151,149,111,174,175,91,161,154,96,155,166,113,167,172,133,224,187,1277,93
48,42,31,36,38,42,68,77,133,175,181,135,166,177,128,164,159,119,157,155,120,162,158,122,190,164,83,160,151,1222,93
41,48,38,60,43,42,162,54,125,173,166,133,171,181,119,179,157,101,144,161,116,158,159,82,244,124,110,164,272,1274,93
67,62,78,72,93,88,86,92,134,196,201,114,192,176,110,182,188,127,220,199,96,184,189,110,196,198,96,188,182,1425,93
73,106,107,79,69,63,106,116,79,185,152,89,196,195,79,158,186,129,198,208,121,184,190,108,214,171,71,187,177,1395,93
28,93,75,57,77,67,65,77,125,218,153,94,169,187,113,170,188,129,206,186,99,166,176,111,176,178,107,184,172,1317,93
66,97,81,48,47,92,102,107,117,214,183,121,202,218,125,173,206,146,193,194,120,212,167,93,195,185,77,184,179,1439,93
47,27,75,48,89,74,89,93,157,184,204,119,194,146,123,171,198,109,198,157,93,167,182,127,216,201,95,188,184,1365,93
53,43,15,50,19,48,58,40,109,152,162,78,93,121,30,80,45,81,100,131,27,75,46,127,185,175,119,159,177,897,93
62,61,42,17,86,62,71,64,124,185,186,145,187,206,274,291,316,73,159,90,135,197,221,113,184,175,103,167,174,1432,93
26,87,57,53,68,70,64,91,136,223,162,125,182,212,123,176,180,143,211,196,105,175,173,120,184,190,100,191,164,1368,93
55,88,87,92,81,92,104,116,115,203,170,108,195,196,92,184,179,126,207,218,117,209,198,99,203,191,91,207,195,1463,93
60,81,64,80,89,99,93,96,113,194,173,125,189,206,126,206,190,101,190,181,93,192,182,81,174,180,93,189,186,1394,93
58,40,40,48,41,80,64,78,134,174,192,155,195,195,148,196,188,139,180,187,138,218,179,113,177,193,133,211,197,1409,93
10,29,32,62,66,73,54,48,87,116,97,25,57,54,139,201,171,298,364,360,87,160,153,289,343,362,93,141,147,1392,93
15,62,58,53,31,33,67,58,127,189,142,102,160,164,123,176,181,134,165,187,145,178,176,132,199,165,86,144,153,1226,93
15,34,11,35,16,5,47,45,30,64,45,65,76,99,51,86,62,54,70,89,2,7,18,43,90,48,45,90,92,498,93
45,71,62,51,41,49,54,65,127,198,172,111,173,182,118,169,180,121,162,172,120,169,161,116,170,165,114,179,168,1265,93
19,44,41,46,27,21,31,35,121,165,140,125,166,169,110,156,151,129,156,175,109,130,136,113,144,134,104,139,135,1075,93
56,53,25,55,18,47,37,50,325,378,381,860,885,913,391,446,416,1005,1023,1060,142,189,160,1154,1191,1201,358,408,395,4576,93
19,30,30,37,66,51,49,43,143,173,162,127,157,157,131,168,161,130,196,167,88,139,154,121,170,172,114,157,163,1179,93
15,27,35,49,57,23,46,73,120,147,135,133,168,160,110,159,145,119,176,168,113,136,170,122,168,145,103,176,149,1145,93
63,50,54,57,57,47,57,71,98,148,161,93,147,143,89,146,143,76,133,133,84,131,141,83,140,130,65,136,122,1044,93
55,52,41,27,28,81,61,33,121,173,176,115,156,167,127,154,168,127,155,154,99,180,127,88,149,169,125,158,186,1180,93
18,38,53,30,40,55,39,36,131,169,149,115,168,153,125,155,178,112,152,142,101,156,141,106,145,161,101,137,140,1100,93
86,108,79,58,69,33,56,70,76,184,162,76,155,184,121,179,200,117,186,175,127,160,196,133,189,166,105,175,161,1314,93
6,47,51,55,51,47,19,53,97,144,103,126,177,173,97,152,148,90,141,145,102,149,153,133,152,180,108,161,127,1082,94
44,55,57,71,58,57,60,59,123,178,167,121,178,176,113,184,170,115,173,186,120,177,178,120,180,177,100,159,160,1273,94
4,54,57,59,58,61,58,56,119,173,123,122,179,176,113,172,170,101,159,160,85,146,143,91,149,152,89,145,147,1127,94
51,67,84,98,96,64,86,86,84,151,135,61,145,128,53,151,137,52,148,150,72,136,168,70,156,134,65,151,151,1089,94
59,67,65,66,60,58,68,64,93,160,152,78,143,145,89,155,154,102,162,168,101,159,161,86,154,144,85,149,153,1141,94
25,63,76,52,41,35,60,54,101,164,126,89,165,152,88,140,164,113,154,165,110,145,151,75,135,110,76,130,136,1058,94
95,99,101,69,69,67,68,60,75,174,170,26,127,125,67,136,168,75,144,144,67,134,136,69,137,136,68,128,136,1075,94
48,48,44,36,51,52,42,57,131,179,179,128,172,176,122,158,166,106,157,142,101,153,152,100,142,152,103,160,145,1169,94
42,91,74,51,51,51,71,49,51,142,93,75,149,166,80,131,154,82,133,133,94,145,145,54,125,105,95,144,166,1011,94
44,72,58,68,236,83,74,73,96,168,140,97,155,169,95,163,153,99,335,167,49,132,285,68,142,151,240,313,314,1452,94
10,49,60,50,46,60,59,53,95,144,105,111,171,160,89,139,149,106,152,156,78,138,124,76,135,136,83,136,142,1025,94
38,54,66,57,49,56,73,84,156,210,194,109,175,163,111,168,177,120,169,177,121,177,170,103,176,159,111,195,184,1308,94
52,58,56,50,49,65,60,56,134,192,186,114,170,172,113,163,169,117,166,167,104,169,153,89,149,154,92,148,152,1209,94
81,74,73,72,84,49,32,47,87,161,168,130,203,204,127,199,200,146,230,218,21469,21518,21553,136,168,185,121,168,153,22728,94
92,58,25,51,42,48,41,48,85,143,177,103,128,161,127,178,152,112,154,163,104,152,146,113,154,161,94,142,135,1143,94
66,74,66,65,64,71,52,58,80,154,146,78,144,152,88,153,154,78,142,143,192,263,256,73,125,144,84,142,136,1189,94
17,66,66,48,65,68,72,84,137,203,154,104,170,170,101,149,167,107,172,155,102,170,167,93,165,161,88,172,160,1218,94
48,59,66,56,65,38,63,56,151,210,199,115,181,174,128,184,194,121,186,177,146,184,211,118,181,156,118,174,181,1348,94
61,82,57,34,42,67,68,100,104,186,165,102,159,184,142,176,199,146,188,180,120,187,162,109,177,176,108,208,176,1342,94
34,57,75,75,99,90,84,82,109,166,143,103,178,160,93,168,168,85,184,160,75,165,174,94,178,184,77,159,161,1232,94
87,53,52,66,54,75,97,88,104,157,191,123,175,176,117,183,169,105,159,171,95,170,149,76,173,151,79,167,176,1271,94
8,58,50,59,64,48,52,50,107,165,115,95,145,153,87,146,137,86,150,145,90,138,154,95,147,143,84,134,136,1033,94
79,67,74,83,84,76,69,65,101,168,180,92,166,159,87,170,161,78,162,161,93,169,177,110,179,186,109,174,178,1267,94
31,64,84,66,74,54,97,84,131,195,162,130,214,194,111,177,195,110,184,176,105,159,179,87,184,141,70,154,167,1298,94
78,100,99,83,84,99,84,84,75,175,153,40,139,140,61,144,160,67,151,150,60,159,144,50,134,149,58,142,142,1122,94
70,75,77,77,83,83,85,83,83,158,153,93,170,168,82,159,159,76,159,153,76,159,159,87,172,170,74,157,159,1204,94
79,69,69,44,76,91,224,91,91,160,170,74,143,143,99,143,168,93,169,137,75,166,151,43,267,134,96,187,320,1314,94
42,60,45,59,43,52,41,37,95,155,137,96,141,156,87,146,132,85,128,144,85,137,128,93,134,145,94,131,135,1014,94
84,90,76,68,86,67,57,78,94,184,178,76,152,166,83,151,159,93,179,161,75,142,161,100,157,167,84,162,141,1211,94
61,61,73,67,75,82,99,335,141,202,202,118,191,179,110,177,183,103,178,170,86,168,161,78,177,160,51,386,150,1540,94
33,76,55,62,56,64,54,73,104,180,137,88,143,164,125,187,180,109,165,171,97,161,153,100,154,164,102,175,156,1198,95
37,60,51,54,26,55,63,63,117,177,154,103,154,163,112,166,163,152,178,206,241,296,267,122,185,177,100,163,163,1356,95
11,75,67,74,76,98,99,83,107,182,118,119,186,194,78,152,145,109,185,183,98,196,174,35,134,133,98,181,197,1227,95
7,54,75,55,52,63,50,44,102,156,109,98,173,152,120,175,195,112,164,167,101,164,153,113,163,176,132,176,182,1178,95
28,52,63,89,97,76,53,85,138,190,166,131,194,183,114,203,177,154,251,243,98,174,195,121,174,197,88,173,141,1387,95
77,64,60,48,25,58,76,69,1297,1361,1374,709,769,773,486,534,546,234,259,282,345,403,370,124,200,182,160,229,236,3832,95
37,53,52,54,63,53,66,84,96,149,133,114,166,167,110,164,162,103,166,157,88,141,151,110,176,163,67,151,133,1150,95
62,56,99,140,96,98,93,105,135,191,197,109,208,165,312,452,411,159,255,299,175,273,271,102,195,200,90,195,183,1831,95
30,54,51,53,63,49,44,64,116,170,146,130,181,184,134,187,185,112,175,165,124,173,187,122,166,171,98,162,142,1244,95
41,73,42,72,55,51,38,36,107,180,148,143,185,216,122,194,164,110,165,182,124,175,179,202,240,253,145,181,183,1361,95
62,43,63,53,42,52,53,67,152,195,214,118,181,161,101,154,164,145,187,198,121,173,163,121,174,173,109,176,162,1302,95
36,54,63,33,41,56,53,53,127,181,163,112,175,166,126,159,189,120,161,153,98,154,139,110,163,166,69,122,122,1151,95
55,42,54,50,64,66,53,62,129,171,184,122,176,164,133,183,187,120,184,170,99,165,163,121,174,187,100,162,153,1270,95
37,54,52,44,55,57,64,51,149,203,186,121,173,175,100,144,152,130,185,174,108,165,163,99,163,156,92,143,156,1213,95
51,55,73,60,6,62,68,66,131,186,182,108,181,163,116,176,189,167,173,227,124,186,130,109,177,171,88,154,156,1284,95
58,65,42,86,66,87,57,84,95,160,153,133,175,198,79,165,121,88,154,174,88,175,154,118,175,205,89,173,146,1235,95
41,72,52,57,77,72,62,51,122,194,163,91,143,163,166,223,218,102,179,159,122,194,199,92,154,164,111,162,173,1290,95
16,56,66,65,41,44,44,106,134,190,150,114,180,170,76,141,142,131,172,196,133,177,174,120,164,164,111,217,155,1257,95
48,51,56,53,39,41,64,64,104,155,152,101,157,152,129,182,185,144,183,197,526,567,565,121,185,162,111,175,175,1652,95
14,75,64,52,44,54,67,78,94,169,108,140,204,215,133,185,197,162,206,214,151,205,195,130,197,184,85,163,152,1343,95
44,74,52,67,53,66,77,75,86,160,130,123,175,197,119,186,171,109,162,176,100,166,153,118,195,184,57,132,134,1220,95
42,96,68,52,66,50,76,65,114,210,156,77,145,173,121,173,189,109,175,161,144,194,210,78,154,128,121,186,197,1279,95
124,131,86,110,128,128,91,121,39,170,163,171,257,302,95,205,181,65,193,175,78,206,206,173,264,301,146,267,237,1686,95
84,73,118,117,114,90,110,110,114,187,198,201,319,274,109,226,227,122,236,239,98,188,212,74,184,164,194,304,304,1728,95
64,52,77,59,61,62,66,65,132,184,196,119,196,171,110,169,187,94,155,153,93,155,154,100,166,162,99,164,165,1253,95
8,53,59,61,67,62,77,83,126,179,134,113,172,166,157,218,216,100,167,161,131,193,198,99,176,161,66,149,143,1262,95
50,62,74,64,78,63,76,54,115,177,165,112,186,174,101,165,175,89,167,153,87,150,165,90,166,153,119,173,195,1234,95
33,61,55,65,73,41,24,55,393,454,426,174,229,235,129,194,184,121,194,186,135,176,208,168,192,209,121,176,145,1648,95
31,54,62,65,57,62,65,53,377,431,408,288,350,342,131,196,193,117,174,182,120,182,177,111,176,173,121,174,186,1714,95
47,56,55,75,64,74,51,43,105,161,152,100,155,156,141,216,196,100,164,175,87,161,151,92,143,166,134,177,185,1224,95
